1.990000000000000000e+04
1.942425020492265685e+04
1.895810647324641104e+04
1.850156880497125530e+04
1.805463720009720055e+04
1.761731165862423586e+04
1.718959218055236488e+04
1.677147876588158761e+04
1.636297141461190586e+04
1.596407012674331963e+04
1.557477490227582530e+04
1.519508574120942649e+04
1.482500264354412320e+04
1.446452560927990999e+04
1.411365463841679593e+04
1.377238973095477377e+04
1.344073088689384531e+04
1.311867810623401238e+04
1.280623138897527315e+04
1.250339073511763127e+04
1.221015614466107945e+04
1.192652761760562134e+04
1.165250515395126058e+04
1.138808875369799352e+04
1.113327841684582017e+04
1.088807414339474053e+04
1.065247593334475823e+04
1.042648378669586600e+04
1.021009770344807112e+04
1.000331768360136994e+04
9.806143727155760644e+03
9.618575834111246877e+03
9.440614004467828636e+03
9.272258238225504101e+03
9.113508535384273273e+03
8.964364895944137970e+03
8.824827319905096374e+03
8.694895807267148484e+03
8.574570358030294301e+03
8.463850972194533824e+03
8.362737649759870692e+03
8.271230390726301266e+03
8.189329195093824637e+03
8.117034062862442624e+03
8.054344994032154318e+03
8.001261988602961537e+03
7.957785046574861553e+03
7.923914167947858004e+03
7.899649352721947253e+03
7.884990600897130207e+03
7.879937912473409597e+03
7.884491287450780874e+03
7.898650725829248586e+03
7.922416227608808185e+03
7.955787792789464220e+03
7.998765421371213961e+03
8.051349113354057408e+03
8.113538868737995472e+03
8.185334687523027242e+03
8.266736569709155447e+03
8.357744515296375539e+03
8.458358524284689338e+03
8.568578596674100481e+03
8.688404732464601693e+03
8.817836931656200250e+03
8.956875194248894331e+03
9.105519520242680301e+03
9.263769909637561796e+03
9.431626362433535178e+03
9.609088878630605905e+03
9.796157458228768519e+03
9.992832101228026659e+03
1.019911280762838032e+04
1.041499957742982588e+04
1.064049241063236877e+04
1.087559130723600174e+04
1.112029626724073023e+04
1.137460729064655607e+04
1.163852437745347561e+04
1.191204752766148522e+04
1.219517674127059217e+04
1.248791201828079102e+04
1.279025335869208720e+04
1.310220076250447710e+04
1.342375422971796070e+04
1.375491376033253800e+04
1.409567935434820902e+04
1.444605101176497737e+04
1.480602873258283944e+04
1.517561251680179339e+04
1.555480236442184105e+04
1.594359827544298241e+04
1.634200024986522294e+04
1.675000828768855717e+04
1.716762238891297966e+04
1.759484255353850313e+04
1.803166878156511666e+04
1.847810107299282390e+04
1.893413942782163213e+04
1.939978384605152678e+04
1.987503432768251150e+04
2.035989087271460448e+04
2.085435348114778753e+04
2.135842215298206429e+04
2.187209688821743475e+04
2.239537768685388801e+04
2.292826454889144952e+04
2.347075747433010474e+04
2.402285646316985003e+04
2.458456151541069630e+04
2.515587263105263628e+04
2.573678981009565541e+04
2.632731305253977916e+04
2.692744235838499662e+04
2.753717772763131143e+04
2.815651916027871994e+04
2.878546665632721124e+04
2.942402021577681080e+04
3.007217983862750407e+04
3.072994552487928740e+04
3.139731727453216808e+04
3.207429508758612792e+04
3.276087896404119965e+04
3.345706890389736509e+04
3.416286490715461696e+04
3.487826697381297708e+04
3.560327510387240181e+04
3.633788929733294208e+04
3.708210955419458332e+04
3.783593587445731100e+04
3.859936825812113238e+04
3.937240670518603292e+04
4.015505121565204900e+04
4.094730178951915150e+04
4.174915842678735498e+04
4.256062112745664490e+04
4.338168989152702852e+04
4.421236471899849857e+04
4.505264560987108416e+04
4.590253256414475618e+04
4.676202558181952190e+04
4.763112466289536678e+04
4.850982980737232720e+04
4.939814101525037404e+04
5.029605828652951459e+04
5.120358162120976340e+04
5.212071101929107681e+04
5.304744648077349120e+04
5.398378800565702113e+04
5.492973559394163021e+04
5.588528924562735483e+04
5.685044896071414405e+04
5.782521473920202698e+04
5.880958658109101816e+04
5.980356448638110305e+04
6.080714845507228165e+04
6.182033848716456851e+04
6.284313458265790541e+04
6.387553674155237968e+04
6.491754496384793310e+04
6.596915924954458023e+04
6.703037959864235017e+04
6.810120601114115561e+04
6.918163848704109841e+04
7.027167702634212037e+04
7.137132162904423603e+04
7.248057229514747451e+04
7.359942902465174848e+04
7.472789181755715981e+04
7.586596067386366485e+04
7.701363559357126360e+04
7.817091657667995605e+04
7.933780362318972766e+04
8.051429673310059297e+04
8.170039590641256655e+04
8.289610114312564838e+04
8.410141244323979481e+04
8.531632980675502040e+04
8.654085323367136880e+04
8.777498272398882546e+04
8.901871827770736127e+04
9.027205989482700534e+04
9.153500757534771401e+04
9.280756131926951639e+04
9.408972112659244158e+04
9.538148699731646047e+04
9.668285893144155852e+04
9.799383692896772118e+04
9.931442098989502119e+04
1.006446111142234149e+05
1.019844073019529023e+05
1.033338095530834835e+05
1.046928178676151001e+05
1.060614322455478832e+05
1.074396526868817455e+05
1.088274791916167014e+05
1.102249117597527511e+05
1.116319503912898945e+05
1.130485950862281024e+05
1.144748458445674187e+05
