2.413423191991589944e-01 4.450287051746663614e-01
-6.884182159222388409e-01 4.012403704169359986e-01
-5.307022536860527273e-01 5.892560224483225362e-01
9.517140594397328623e-01 -1.323326957506151813e-01
9.236816737338100491e-01 1.753868111791055673e-01
-9.021495962982476469e-01 2.200177370703266244e-01
-9.263172865708485526e-01 7.810950323655695138e-02
8.858475489555794891e-01 -4.912847906531436770e-01
9.709326262742066227e-01 -2.084679643581719977e-01
-5.814511061097368261e-01 -7.143484436234367463e-01
5.275374828889564105e-01 -7.659084438910080950e-01
-3.086587140792155237e-01 -1.149505987780618521e-01
1.319489439862295832e-01 8.497528189872595172e-01
3.308012886813570530e-01 2.553781930447365789e-01
9.548361576463313405e-01 3.755859428183223186e-02
9.165231313027679683e-01 2.501358793032685823e-01
-9.126189489696406865e-01 1.173018088269798254e-01
9.764612478321464950e-01 -2.137398641568509228e-01
-2.511128428066257690e-01 2.507834738965293297e-01
-3.849192619841480534e-01 -1.818098155208531519e-01
-6.668128056873462439e-01 4.527539921397797928e-01
7.003154657108369152e-01 -5.915258194843366901e-01
5.205097493650515661e-01 -6.294445115575308947e-01
-4.135996857646152547e-01 -2.438422584143534189e-01
8.102313723273433244e-01 4.309544688307020976e-01
-1.968227464290987494e-01 2.952270436540190279e-01
-6.305637298300792448e-02 -5.583919803748950139e-01
8.547625816798164466e-01 -4.138189238576566176e-01
-1.106679591288713405e-01 8.130035144265577163e-01
-4.596375008484506197e-01 8.220543376000961633e-01
8.639395974892665198e-01 -3.984026553448157260e-01
-8.317020878897836145e-01 -1.661832085797714242e-01
-8.171720523284443649e-01 -7.499585482790949165e-03
8.496571745324597025e-01 -4.167229083069344808e-01
-3.427680677809821219e-01 7.319058634848589762e-01
3.107739857798329508e-01 2.614431381815398581e-01
1.918610254243785784e-01 -8.220418029758062017e-01
4.004570521438641229e-01 -6.759569189718754867e-01
1.631467792337141232e-01 7.898602768415128317e-01
-5.224066495378382191e-01 6.174584218604222130e-01
-2.692628259948456337e-01 -1.854745962527110381e-01
-8.078839000273039250e-01 -1.310428834210358717e-01
9.779709359765321741e-01 -3.612309262018253420e-01
-2.788673026467090033e-01 1.013109609277850487e-01
8.041840218880071944e-01 -5.144223475948167534e-01
1.202137822950907486e-01 9.443282311668415030e-01
4.717169992936576239e-02 3.596999960166236132e-01
-2.135992144526533132e-01 8.484139197395239584e-01
9.506810879752628507e-01 -1.418098018276403582e-01
-1.523720109663373179e-01 2.232325040381972214e-01
6.351132635447606090e-01 6.555403648430743191e-01
9.293745123720136281e-01 3.381663924102252250e-01
-8.227986531599493780e-01 -2.666608192149879861e-02
9.343677075688239242e-01 -3.654190723734520585e-01
6.344421694952322166e-02 -6.063847646978459682e-01
-4.059166199340760728e-01 -8.437613951127490575e-01
-4.830025004554279189e-01 7.264628834034074778e-01
-4.388937247546224052e-01 -8.169124621453689450e-01
-1.907324575396510125e-01 -3.751860923320862184e-01
3.743184280016276233e-01 7.439685325252485271e-01
-9.565448072501564480e-01 1.665959884441040040e-01
1.714281489761192157e-01 3.987545686048344917e-01
-2.634288032589037210e-01 8.277901673455236864e-01
-2.591242174314358770e-01 1.056352601439953243e-01
-8.373722535240741838e-01 -2.887465046118799505e-01
4.721922214996338019e-01 -7.636534341233007783e-01
-3.538314154869561245e-01 -9.535232615398533396e-01
-8.519428593269477989e-01 -1.199684205458429881e-01
-3.613655651927040746e-01 -4.641286768585456413e-01
2.843080363714070025e-01 -7.054986001402577811e-01
-2.158137496635523511e-01 1.359415783248402176e-01
-3.323693279420797952e-01 1.870130849772725368e-01
-8.058217150047912447e-02 3.237654000973199109e-01
-3.299847230402322418e-01 -2.921788011691852649e-01
-4.585069829735767266e-01 -9.075728002609848577e-01
-9.278200670031975239e-01 5.233198894915819070e-04
-9.480730826514410792e-01 6.576865402605606981e-02
-3.037519044000825397e-01 -3.209649890070916389e-01
2.299901074053944949e-01 -7.652272766751866406e-01
-8.060164881707052587e-01 4.618494382841247248e-01
1.013264274234877416e+00 -2.614003621942797562e-01
-4.522747754474098492e-01 -8.785919579331294971e-01
1.112523439065416619e+00 4.122375391911996950e-02
-4.261831755297859070e-01 -4.510572579251641984e-02
-5.487674784712242015e-01 7.974355053935306969e-01
7.880633929194840182e-01 -5.015437640717431700e-01
-7.890353981736472067e-01 4.661528158135665456e-01
7.234114491253877677e-02 8.067475590694335175e-01
-8.116566285392733393e-01 -5.636322274288377843e-01
-4.421332430443717931e-01 -8.229296550950984113e-01
-5.811665824596401464e-01 -7.119824666863041607e-01
-8.769955028907917560e-01 1.256808467884855118e-01
-2.096431338842015268e-01 -4.282300116338272900e-01
-9.409296528760278111e-01 -2.868886353147462667e-02
-6.432478449666587661e-01 -6.077047275840258278e-01
5.068411175075090425e-01 -6.718935958879092007e-01
1.235251065078130095e-02 -5.832632114274285406e-01
1.605675518608818131e-01 3.175406824391220906e-01
8.260808497150912144e-01 4.277775523883136644e-01
-3.248224751053250259e-01 8.205104955838958547e-02
5.642794006282561003e-01 -6.172507312512994782e-01
-3.835647432866144402e-01 7.256357415753410534e-01
2.017960006053688415e-01 3.176871390773107762e-01
3.270500740442080501e-01 2.523566531331969953e-01
1.066509678705015229e+00 -1.347678793220124377e-02
1.084937255717189242e+00 -7.051099371334955401e-02
7.203172846136685070e-01 5.737021665926854697e-01
1.852501414414280956e-01 3.180052165760644534e-01
-6.965473082189119758e-01 4.233060916635454363e-01
-1.321343740465962258e-01 2.429663315993673967e-01
-3.898279057646002882e-02 3.724503621364598227e-01
-2.033346414323301543e-01 7.692273002250238356e-01
-6.488498922550313130e-01 4.627609143241907530e-01
-2.877294619679703902e-01 -2.301144441301562482e-01
9.797595837937340679e-01 -4.034957913800375079e-02
3.008460643859351968e-01 2.956353610926829578e-01
-2.874017472010608198e-01 2.987999658723849428e-01
9.293812800265418561e-01 -5.887950996116027014e-01
4.113489312249755114e-01 7.336295994681613086e-01
4.730877151232107392e-02 8.019317560827758928e-01
-1.727749155363909883e-01 2.240214332029604460e-01
-4.998222161078830772e-01 -7.621177760271505841e-01
-8.031722282410662661e-01 -3.371702047684804748e-01
3.507148162899682009e-01 4.167770823903726440e-01
-6.890197765838386168e-01 -7.276785847845408384e-01
-6.487402716879819842e-01 4.909626704612605197e-01
8.865274961460595238e-01 -3.582277240222820902e-01
-4.473753986106725478e-01 -1.986875855849537520e-01
-3.239407454848875489e-01 1.087149613633492939e-01
1.279427476460144320e-01 -6.399837050215014811e-01
-1.444627288060255643e-01 3.278723262106731928e-01
-4.425589769861805189e-01 6.836258084010589098e-01
-7.827568652396240667e-01 -2.881612389001960151e-01
9.953984723829215620e-01 3.873620686339368513e-01
-4.634073447314077110e-01 7.305223736285247904e-01
6.153697917093080560e-01 -6.873785587914463813e-01
-3.094866276000694527e-01 -1.591707240351867836e-01
9.435129402921995645e-01 -2.334240251914846132e-01
-1.977318446334241087e-01 -3.883970288304325336e-01
-7.372538607808463151e-01 5.849086643400434049e-01
-3.286597223993170669e-01 -3.592211429631016195e-02
1.043726320950883135e+00 -1.414303234058320036e-01
-2.487599246485872051e-01 -2.924091600761607457e-01
-2.387628349274862338e-01 1.266526066066362144e-01
1.140231674517664523e-01 -7.598507489608615773e-01
8.150786635061542107e-01 4.752839790767903194e-01
3.814969101384884653e-01 -6.596635335995060245e-01
-3.769043379520074510e-01 -9.176596760554085463e-01
-2.682034216637029789e-01 -1.547777427831034391e-01
9.715782504326399005e-01 4.000761560794888760e-01
-1.761847988193601111e-01 3.160659129249881460e-01
-6.379438797015614393e-02 4.372393819269854154e-01
-3.944171803648657271e-01 4.912858298464700679e-02
6.000752525283319372e-01 -6.044106388383181372e-01
-3.477135677851380113e-01 5.644797471020220059e-02
-3.374737252664531274e-03 3.289243173793366948e-01
1.348398323625889517e-01 -6.721287060670415592e-01
1.936774922332592797e-01 9.163906541455444366e-01
-3.251224643444656781e-01 -2.452153532279234271e-01
-2.497175746951098008e-01 1.556417342024822015e-01
9.483672188897701583e-01 4.447237741538500044e-01
-6.982895042958461307e-01 -5.240066847049881238e-01
-2.591453259858504388e-01 -5.308508322061127327e-01
2.447807972874622151e-01 8.599237007107761732e-01
5.856156213335181882e-01 -7.610891622532905965e-01
-3.805832377825825730e-01 6.948617754396844148e-01
-8.615854079116406217e-01 2.614038840422823196e-01
-6.109838662346689375e-02 2.958306374448018139e-01
8.218387726609432953e-01 3.927869176356824088e-01
7.601487136329789784e-01 4.861811331993051155e-01
-2.235472278205377361e-01 -3.215537696711453508e-01
-6.648521178017559041e-01 6.478365067335027927e-01
8.291555582943317404e-01 5.036018313318498807e-01
-8.825609241910037026e-03 -5.707818008335785454e-01
9.358655549516951000e-01 2.543921211339897903e-01
-1.528193868988875770e-01 2.804171632725435126e-01
2.809429621438133684e-01 8.433786971607419858e-01
-6.697342797577684470e-01 -5.505826062527683362e-01
-6.673310818300705050e-01 -5.575370433567691242e-01
9.129330152860505310e-01 2.749212809285493941e-01
-4.902177543647130986e-01 -8.246082663604201723e-01
-2.366554234162059067e-01 1.416885279756874005e-01
-7.972658417310306556e-01 -2.347210131933552546e-01
-2.691486411219218278e-01 -9.789968552022415560e-01
-3.389014484863778209e-01 7.134814432620462110e-01
-2.445036971150367222e-01 -1.644347089154082620e-01
4.334058228791564105e-01 -6.898710562570106175e-01
7.544234361404130729e-01 5.063552904093006068e-01
1.015362859853507382e+00 -1.306913258081682239e-01
-4.418500768987550509e-01 8.289478418399740534e-01
-3.252278162087147151e-01 7.466050499705487731e-01
-5.004673220953975710e-01 -7.714216312226490624e-01
9.430493894808233968e-01 1.122403655960092367e-01
6.777239911696495422e-01 -7.347955520898041826e-01
-6.081306855105264031e-01 -8.616943864512640605e-01
1.069527486691794316e+00 -2.289343138115673346e-02
5.491826000751759418e-01 6.692562370508391423e-01
-5.819148182048324847e-01 6.243203167125748188e-01
2.328721763713849369e-01 -6.547144220250804558e-01
-7.995498342750622101e-01 5.591705158351131244e-01
