1.990000000000000000e+04
1.925008991676986989e+04
1.865576863687439982e+04
1.811703616031358615e+04
1.763389248708742889e+04
1.720633761719593167e+04
1.683437155063909086e+04
1.651799428741691008e+04
1.625720582752938572e+04
1.605200617097651957e+04
1.590239531775830983e+04
1.580837326787476013e+04
1.576994002132586684e+04
1.578709557811163177e+04
1.585983993823205674e+04
1.598817310168713630e+04
1.617209506847687589e+04
1.641160583860127372e+04
1.670670541206032794e+04
1.705739378885403858e+04
1.746367096898240925e+04
1.792553695244543633e+04
1.844299173924312345e+04
1.901603532937546697e+04
1.964466772284246690e+04
2.032888891964412687e+04
2.106869891978045052e+04
2.186409772325142330e+04
2.271508533005705249e+04
2.362166174019734171e+04
2.458382695367229826e+04
2.560158097048190393e+04
2.667492379062616965e+04
2.780385541410508813e+04
2.898837584091866665e+04
3.022848507106691250e+04
3.152418310454981111e+04
3.287546994136735884e+04
3.428234558151957026e+04
3.574481002500644536e+04
3.726286327182796958e+04
3.883650532198415021e+04
4.046573617547500180e+04
4.215055583230049524e+04
4.389096429246065964e+04
4.568696155595549499e+04
4.753854762278495036e+04
4.944572249294907670e+04
5.140848616644785216e+04
5.342683864328131313e+04
5.550077992344941595e+04
5.763031000695216790e+04
5.981542889378960535e+04
6.205613658396166284e+04
6.435243307746844221e+04
6.670431837430983433e+04
6.911179247448586102e+04
7.157485537799660233e+04
7.409350708484195638e+04
7.666774759502196684e+04
7.929757690853669192e+04
8.198299502538601519e+04
8.472400194557002396e+04
8.752059766908866004e+04
9.037278219594201073e+04
9.328055552612995962e+04
9.624391765965259401e+04
9.926286859650988481e+04
1.023374083367018029e+05
1.054675368802284356e+05
1.086532542270897247e+05
1.118945603772855975e+05
1.151914553308162140e+05
1.185439390876813995e+05
1.219520116478813143e+05
1.254156730114158854e+05
1.289349231782850693e+05
1.325097621484889823e+05
1.361401899220274645e+05
1.398262064989006612e+05
1.435678118791085435e+05
1.473650060626509949e+05
1.512177890495281899e+05
1.551261608397400123e+05
1.590901214332864620e+05
1.631096708301675972e+05
1.671848090303833887e+05
1.713155360339338658e+05
1.755018518408189411e+05
1.797437564510386728e+05
1.840412498645932064e+05
1.883943320814821636e+05
1.928030031017059810e+05
1.972672629252643383e+05
2.017871115521573811e+05
2.063625489823851385e+05
2.109935752159474359e+05
2.156801902528445644e+05
2.204223940930762328e+05
2.252201867366424995e+05
2.300735681835434516e+05
2.349825384337790601e+05
2.399470974873494124e+05
2.449672453442545084e+05
2.500429820044940570e+05
2.551743074680682912e+05
2.603612217349772982e+05
2.656037248052208452e+05
2.709018166787992232e+05
2.762554973557122285e+05
2.816647668359596864e+05
2.871296251195418881e+05
2.926500722064587753e+05
2.982261080967104062e+05
3.038577327902966645e+05
3.095449462872174918e+05
3.152877485874730046e+05
3.210861396910632029e+05
3.269401195979879703e+05
3.328496883082475397e+05
3.388148458218417363e+05
3.448355921387703274e+05
3.509119272590340115e+05
3.570438511826320901e+05
3.632313639095649705e+05
3.694744654398323619e+05
3.757731557734343223e+05
3.821274349103710847e+05
3.885373028506427072e+05
3.950027595942486078e+05
4.015238051411895431e+05
4.081004394914647564e+05
4.147326626450747135e+05
4.214204746020196471e+05
4.281638753622989170e+05
4.349628649259130470e+05
4.418174432928616880e+05
4.487276104631450726e+05
4.556933664367628517e+05
4.627147112137156073e+05
4.697916447940028738e+05
4.769241671776248841e+05
4.841122783645815798e+05
4.913559783548727282e+05
4.986552671484988532e+05
5.060101447454594309e+05
5.134206111457545194e+05
5.208866663493845845e+05
5.284083103563491022e+05
5.359855431666484801e+05
5.436183647802821361e+05
5.513067751972508850e+05
5.590507744175540283e+05
5.668503624411919154e+05
5.747055392681644298e+05
5.826163048984716879e+05
5.905826593321135733e+05
5.986046025690898532e+05
6.066821346094011096e+05
6.148152554530469934e+05
6.230039651000273880e+05
6.312482635503425263e+05
6.395481508039922919e+05
6.479036268609768013e+05
6.563146917212959379e+05
6.647813453849495854e+05
6.733035878519380931e+05
6.818814191222612280e+05
6.905148391959188739e+05
6.992038480729113799e+05
7.079484457532382803e+05
7.167486322369002737e+05
7.256044075238964288e+05
7.345157716142275603e+05
7.434827245078932028e+05
7.525052662048933562e+05
7.615833967052286025e+05
7.707171160088982433e+05
7.799064241159025114e+05
7.891513210262415232e+05
7.984518067399153952e+05
8.078078812569235452e+05
8.172195445772660896e+05
8.266867967009440763e+05
8.362096376279561082e+05
8.457880673583033495e+05
8.554220858919847524e+05
8.651116932290007826e+05
8.748568893693520222e+05
8.846576743130371906e+05
8.945140480600575684e+05
9.044260106104124570e+05
9.143935619641020894e+05
9.244167021211259998e+05
9.344954310814850032e+05
9.446297488451785175e+05
9.548196554122067755e+05
9.650651507825694280e+05
9.753662349562667077e+05
9.857229079332991969e+05
