2.391756703968220821e-01 -8.015101221896038519e-02
-4.632724806864749190e-01 -5.700261319578745489e-01
4.019765786225119042e-01 8.032015827030821731e-01
4.088296020602320002e-01 9.297334089250736122e-01
4.747730551214098815e-01 1.872240102539836359e-01
2.514310746127821905e-01 1.038357743069171724e+00
5.068667409644732613e-01 6.931319245833396092e-01
-1.244245112358376149e-01 1.954861046494349441e-01
2.538199872892963338e-01 1.083027068460148540e-01
2.592758909757563179e-01 9.949085825977928010e-01
-9.785701498432679279e-02 -7.761392358556936655e-01
-3.553181709121358001e-01 2.265070075224442370e-01
2.633134380539736957e-03 4.018201137849927163e-01
4.547364943834677348e-02 3.896693842096062288e-01
4.108804461139524689e-01 9.087938713325605100e-01
2.749631284070289672e-01 1.861094692665907907e-02
-4.128599070226826595e-01 5.762517031896084024e-02
5.145631907058499932e-01 1.924208300992844012e-01
4.666300293556365775e-01 -1.888396988498631038e-02
2.403081060431365990e-01 5.001993037040961543e-01
-1.740575647232360523e-01 3.179405921962593501e-02
-1.368003058571088393e-01 6.644561801581934102e-01
1.195615506247724169e-01 3.663986899826062182e-01
3.018459223698283928e-02 4.181860825287609940e-01
5.500278624011323281e-01 3.145191679935793738e-01
2.213597067885487713e-01 3.918300534999341056e-01
-1.534091134484941998e-01 6.979447555386926461e-02
-8.136730198508664025e-02 -7.487003149978347372e-01
2.070713555393142447e-01 4.500750952618096656e-01
-4.612108523083144340e-01 -4.754554918937367591e-01
4.950530793688681652e-01 9.555794673652763249e-01
4.205632767719471587e-01 9.059769079510574530e-01
-1.590002402210078103e-01 1.030596375661346764e-01
5.458798978075558861e-02 8.610044597552237722e-01
-2.167534645107555558e-01 5.308530097721045893e-01
4.547015018776047746e-01 7.547863964008013626e-01
1.534149682111474525e-02 4.024123088973288187e-01
-1.054317303219016039e-01 2.214108366554975171e-01
2.880449742559133552e-01 5.523254338744520986e-02
-7.559707159600836945e-02 7.510552826125316273e-01
1.829200708190781011e-01 2.902084049436458035e-01
-2.193799056015153376e-02 3.333065874310318089e-01
-5.203578182459958068e-01 -4.884572685755618204e-01
2.942564715582766111e-01 3.148650294473033240e-01
-1.197965011488260900e-01 1.969248847617798837e-01
-4.548345751268916826e-01 -4.670491480418209607e-01
3.291573603270531168e-01 9.961715497550417409e-01
-3.666377780735854963e-01 -8.775285977869931031e-01
4.647832188627363248e-01 6.866969119462419391e-01
-1.239334381090222009e-01 6.868144044612937149e-01
-1.881644320238537171e-01 3.788170027392426947e-02
9.909948072095556282e-02 3.994521331696864186e-01
-3.964048552759843469e-01 6.645672540406555306e-02
1.938584721251547793e-01 -1.596984477635360611e-01
2.210211158599867387e-01 3.832963073653233854e-01
-4.557238099622349936e-01 -1.354103653672913410e-01
6.675213696376716688e-02 -5.412543156894468188e-01
-2.472542446687542306e-01 -8.909335401952694911e-01
5.645570912290858168e-01 6.971807683566518810e-01
2.925936693221633522e-01 1.051507703853507225e+00
8.490660868431175456e-02 4.419708323409874962e-01
3.073198793034341292e-01 1.748250384694001180e-01
2.136952041572996730e-01 -9.455276782544681791e-02
2.851012320362510399e-01 1.034132884447920064e+00
-1.596664217317448620e-01 -8.666104605571745001e-01
4.928958360694984941e-01 2.468775934361564228e-01
2.985350473286828565e-01 2.782777103163203147e-01
1.933947180187501336e-01 -1.183673136094230277e-01
1.792942673521328856e-01 5.307976919914498826e-01
-4.091812134059993888e-01 -6.947173354925781918e-01
1.347029132702909707e-02 4.198620437755630763e-01
-2.199162443725382887e-01 -3.330977461316225047e-02
2.456978986517323674e-02 3.734441529384778802e-01
-4.867765459393467165e-01 -2.069083630801857587e-01
5.649551931875599481e-02 4.299005554009293073e-01
-2.426921017147639151e-02 -6.689557078108725463e-01
-1.219348936113209686e-01 -7.791695982111568330e-01
-2.099157090247795454e-01 -8.948075983931542687e-01
1.452695035003849500e-01 -3.597825378306788724e-01
-5.094208140813527574e-01 -2.893231823989507179e-01
-1.331163620691773464e-01 1.767824563276511884e-01
5.347698767390975938e-01 3.287856307644352882e-01
4.882951829314431946e-01 9.380104550987417369e-03
9.212898261225771490e-02 9.621398512212717691e-01
2.524029280345749249e-01 -8.910205767686139866e-02
2.857187869556350179e-01 1.068959018149833629e+00
-3.702783819508005947e-01 -9.596811878756659198e-01
-2.060673861325547918e-01 2.808058193557515930e-02
-1.334935540978973434e-01 1.869575180522745905e-01
8.106731813466526437e-02 -5.133295176323461328e-01
-1.398086355362264943e-01 1.714492275972965551e-01
4.632847290807347029e-01 -8.409316337889148618e-02
2.184102430233823833e-01 1.748920293663576153e-01
2.938482576382388523e-01 1.969671638485518128e-01
-4.252760137740372315e-01 -6.946275613072616650e-02
-3.459618427941005270e-01 -8.285011974329051787e-01
4.268664179527831837e-01 -1.528993704296398581e-01
2.257556826244184744e-01 9.545172609246709294e-01
-4.496810847091493035e-01 -6.171211122369117952e-01
1.881709145728257260e-01 4.535809911157031582e-01
5.128354063644298133e-01 6.598052186630675164e-01
-2.288852671190625132e-01 4.975849535398985113e-01
2.090570181623501236e-02 8.892169799889517723e-01
1.947856111427330172e-01 -1.668482143172146659e-01
-3.944320851523940852e-01 -7.761934951045044162e-01
2.433361972992023337e-01 1.846640567695841673e-01
-3.621185009994203896e-01 1.572301026874088903e-01
4.641569781298274244e-01 9.827275328549892608e-01
-1.577461698505417675e-01 -8.132381093763159097e-01
2.562052816026463842e-01 3.392438558862337916e-01
2.781980517630647798e-01 4.478489424341531855e-01
4.068845415293073087e-01 7.985164642628274079e-01
2.045894566893582955e-01 -2.525853824345804521e-01
4.851106821017183157e-01 9.572113599464369127e-01
5.043010028879298945e-01 9.485563641087686459e-01
8.193236130234478332e-02 4.075721281991996348e-01
-3.407037241480023182e-01 -8.891546675171771996e-01
-1.614038533074191040e-01 1.334690015158672416e-01
-4.356957206282774386e-01 -6.947139474378883905e-01
4.977255147971387794e-01 1.539608784841144662e-01
-2.602479489103043386e-01 4.367809744826988694e-01
4.990946921251268598e-01 7.674078313630341430e-01
1.652355490979984798e-01 -3.113673147375662364e-01
-4.993551420195024848e-01 -3.931119355065474941e-01
1.569891241858273334e-01 4.792587383004813795e-01
-1.362544714868794138e-01 1.824993160481831467e-01
-1.857115756052717670e-01 3.708655208405767234e-02
1.226182719366505081e-01 -4.081715740804615078e-01
-1.425988399614285806e-01 6.564214819222922159e-01
1.719707482263092280e-01 -2.805030625438272307e-01
4.884007021666568749e-01 1.771175919662759113e-01
2.391451899396695446e-01 2.215115752403828617e-02
2.168993315599932470e-01 1.256150278881444649e-01
-4.009621183815899048e-01 -9.577659836789351733e-01
-1.987070724319634496e-01 5.602703778403819168e-01
-4.192896076546895889e-01 -8.926011206653262642e-01
-1.863885280221672103e-01 -8.400876152719476408e-01
1.342638728940568904e-01 9.199985973524442695e-01
-3.603849441949980720e-02 -6.882959585739045760e-01
-1.989406575611795402e-01 5.588537666123017944e-01
2.532772904027985050e-01 3.377383066824225510e-01
-1.367459253182759238e-01 -7.746726181620299245e-01
3.878011769212674764e-01 8.401314598273348366e-01
2.561486324003420245e-01 3.699833784106779655e-01
2.655129778542800190e-01 4.412686303613289063e-01
-1.285265367499600353e-01 -8.199574402868977652e-01
-3.857103411218918421e-01 -8.984713897544408523e-01
4.136679620250282574e-01 1.006770843281125982e+00
1.638025215106255969e-02 3.652902881662923873e-01
9.934413033781060859e-03 8.356761275554162038e-01
2.581040146102946964e-01 2.625700028086538351e-01
4.769720496306785185e-01 9.457057067728854571e-01
-3.394862685184153739e-02 -6.984483881456534649e-01
-1.358330014502252270e-01 1.767737405274548423e-01
2.327836715663908485e-01 2.683834464559604061e-01
-4.775123956690392468e-01 -4.447512923040513044e-01
2.019791189047537294e-01 2.917384946302106208e-01
-4.925867746771084854e-01 -2.745525016137648766e-01
2.511484333318095979e-02 8.838909515557143992e-01
4.476414367736960553e-01 9.764338154383264134e-01
4.830905248817486952e-01 5.309050716582238705e-01
2.321004280631404626e-01 4.082754077387546476e-01
4.220836401751605349e-01 9.940621062730258251e-01
-3.460559064616075542e-01 -9.440362236401702578e-01
-1.763356823681486718e-01 7.447072936345859595e-02
-2.487774627170447339e-01 -9.815147156327780342e-02
2.137773085521273986e-01 2.272026229495939173e-02
-4.919422853146428465e-01 -8.641939694209819223e-01
2.803271077626925956e-01 7.150840335641657497e-02
-4.796854976324413933e-01 -8.754455784678447650e-01
-1.917926226816457358e-01 -8.774554983245274054e-01
-4.696638061041664147e-01 -7.448729938730848099e-01
1.413834002260462852e-01 9.309291993648366459e-01
4.829625149455082922e-01 8.788493141947829601e-01
-4.953738781841023342e-01 -3.480176034544747998e-01
2.395483254322659517e-01 2.437605384385735929e-01
2.601083744468037917e-01 2.757157565512879382e-01
-4.191403997120145553e-01 -6.657924511731234674e-01
3.543172919352206574e-01 1.017206172932290764e+00
-4.550452756928861087e-01 -6.431027925542881496e-02
2.509109635212822265e-01 -7.242276491732212162e-02
2.800067378384256123e-01 1.237314319642637273e-01
-4.144414801880148547e-01 -7.109827157840877820e-01
-1.346866143702536711e-01 1.844165200030303264e-01
-2.435331379280690212e-01 4.712279765258647335e-01
-2.092913773679167672e-02 3.381597160913757949e-01
3.257390908920254624e-01 1.004818308927188486e+00
4.483640735858792636e-01 -5.908394805864780608e-02
-1.950536778641499824e-01 6.473832494041725782e-02
1.659281873182350819e-01 4.450632910579028212e-01
2.274569402730113044e-02 -6.156328911088632116e-01
4.959886322829270000e-01 5.004326935153639022e-01
-4.463730309889600845e-01 -5.902878815702231607e-01
2.186713975309798330e-01 2.570909495283228985e-01
-1.774151271334524216e-01 8.976630662459897381e-02
-4.409228303221277567e-01 -8.683015322328450081e-01
-7.508316255784640292e-02 2.861462071196008150e-01
-4.891899522582759952e-01 -7.891911216555730357e-01
2.423335950645383874e-01 9.709226908983407123e-01
1.415477686219804576e-01 -3.617086986676458227e-01
