3.358784436183360339e-02 -5.915507235857837554e-01
-3.489917966095074098e-01 -8.493889484837348069e-01
-1.448361735853356258e-01 8.890269682274502816e-02
-7.022552593002417964e-02 2.905427364203995722e-01
-1.557432966817546838e-01 1.249208022606757007e-01
-2.494469585972461378e-01 4.566214020477554758e-01
3.983302680437771914e-01 8.593163401709452698e-01
4.959232138525581646e-01 8.279967011887751083e-01
-2.052284363704783565e-01 7.055544737534429761e-03
5.207381069093568460e-01 1.111669820981424500e-01
4.275875965883250140e-01 8.959093984225049434e-01
-4.902066772156202790e-01 -6.681472933710016493e-01
-1.770826036302420095e-02 3.487875762524482726e-01
-3.209209938696335196e-01 -9.586288087391404700e-01
-3.764953483628222242e-02 3.155316022163554557e-01
1.483379758341432375e-01 -3.495779961521955914e-01
2.762451687681660717e-01 2.532991897047435770e-01
-5.264605471764988165e-01 -6.988071419424464192e-01
-1.447772176404548972e-01 -7.769619481828715646e-01
4.169787852501660730e-01 -1.286300294005974232e-01
5.421569493652529381e-01 2.877425414612895249e-01
-4.251752598742492006e-01 -9.394355469062390940e-01
2.595474804093955701e-02 -6.047655022225588706e-01
-1.447715084500413307e-01 1.559952344510634192e-01
2.215024873226084379e-01 9.875327113437969428e-01
-2.142627016217716895e-01 5.261609122285991758e-01
1.034712632864090293e-01 -4.379455086242415862e-01
-1.287958776735329547e-01 -7.958172794198391520e-01
-5.077008766108329629e-01 -5.807704295749590573e-01
6.872527414802896695e-02 9.317650346146235663e-01
-3.993823826956560685e-01 -8.091049045348102098e-01
-4.407359962516007035e-01 -2.293658526994730995e-01
1.295544983880696499e-01 -4.201050988577675338e-01
1.540163931510896700e-01 -2.929042623721427874e-01
2.996315046668018844e-01 1.069992502538327672e+00
4.413759048905265270e-01 6.997260764314033876e-01
-2.719343987408813779e-01 3.863635825288930792e-01
3.801704441799296785e-01 9.811792774519062510e-01
4.381879321815124184e-01 9.491765894817629778e-01
4.656915904894977642e-01 7.899235497167530484e-01
-2.114850023969185311e-01 -3.338679223501176546e-02
1.573079443893386498e-01 -3.264632307333606986e-01
2.416715940381814198e-01 9.247486675736895645e-01
-1.831134034321487969e-01 4.346115815844790037e-02
4.964614311499894739e-01 -7.764262105192767981e-04
-3.673778570155887269e-01 -9.657959293662053968e-01
2.254325738644652743e-01 -1.664607332158582198e-01
2.053405213512364547e-01 5.118007846073296951e-01
-4.368794377059351808e-01 -2.290929755968623416e-01
-2.276912261452834485e-01 5.023293370692167858e-01
-4.157860191926867066e-01 -8.238338490361182265e-01
4.931949959874510347e-01 5.922105458915222220e-01
-1.205427590157810841e-01 1.892785902421783573e-01
-5.125411098611347693e-01 -5.272786549073612550e-01
-1.796526710148257100e-01 4.073185140890019790e-02
1.687306473271158458e-01 -2.386382416809325890e-01
2.293800248916854356e-01 1.208468653109419783e-01
-2.165707581589132180e-01 5.146916383986869237e-01
2.447512357392887528e-01 -1.133189511809952303e-02
-2.225324315273321807e-01 -8.939287463996703487e-01
2.379244889215224312e-01 2.125928816966519697e-01
-9.962956353471602577e-02 7.163328711210028565e-01
7.826137581897150974e-02 -5.116583544093868952e-01
5.698457533173697381e-02 9.146253275063381816e-01
1.250177633139378658e-02 8.599867453404160811e-01
-4.505308684293531374e-01 -9.260152851338130375e-01
-7.618736764003646023e-02 7.405672589723996113e-01
-2.568032847420216314e-01 -9.283240960900253080e-01
4.768600975093566507e-01 8.959965468490264096e-01
-4.396338484573231176e-02 7.775029996037009505e-01
3.742780627275547611e-01 9.694782807691861848e-01
-2.118742006359981278e-01 -8.330705362592614668e-03
1.749365613726633628e-01 5.149887461500296526e-01
2.661629742170193436e-02 4.318315939984063712e-01
-3.930311286256725767e-01 -2.077949017620633627e-03
-3.679549470423478241e-01 -7.843640341654846138e-01
4.316818832074941215e-01 -1.092415228010356065e-01
-5.210861665018297062e-01 -5.843470373299641807e-01
2.925671168023435964e-01 2.185680536723295653e-01
1.768306669335947823e-01 -2.818669727474958364e-01
1.135164061277506437e-01 4.410377899665903212e-01
-4.225574108214892877e-01 -6.785356717217317923e-01
1.433892756936937518e-01 9.680698119038894101e-01
4.220066129058815119e-02 3.985879800607781687e-01
2.741237727867192886e-01 2.221188171471010220e-01
-4.047174231167166014e-01 -7.632462014163609032e-01
1.290772723205114714e-01 4.574701933060849601e-01
1.014633140394058108e-01 4.936009117580703043e-01
-4.145848141301173850e-01 -8.548620282388988967e-01
-3.878462090356211145e-01 1.430286429392873815e-01
2.949079996661715941e-01 9.632216863111130456e-01
3.978722189546767818e-01 -2.424376656797798679e-01
1.151791329533343039e-01 4.676641597167444098e-01
-1.275827634066786509e-01 1.873950236362591226e-01
2.350566092365020399e-01 4.981127738344009459e-01
2.904840368211131785e-01 1.329826747061218783e-01
-8.148314296554447222e-02 -7.228277403959761926e-01
-4.357260381584315279e-01 -1.278064602678233852e-01
-1.198511966076546698e-01 -7.771597484654789723e-01
2.403317716585191277e-01 -1.198991766941447934e-01
4.162500240647076244e-01 9.046298546071147584e-01
-4.477889129843193872e-01 -8.433080899292293431e-01
-1.045265383815117965e-01 -7.689286266267197911e-01
5.221227713865753683e-01 1.081602075221657633e-01
8.999525676285755060e-02 4.767018670244904666e-01
4.481296874155125121e-01 7.397545114221143470e-01
-1.609472002057968087e-01 6.148048436408588557e-01
4.461365546207237132e-01 -1.323382299581593036e-01
4.628235122564456905e-01 -1.439007765017545626e-01
2.126984662234916723e-01 2.575534389451639150e-01
1.819929688456046329e-02 -6.173377995189387457e-01
-4.347997951523369098e-01 -6.287806703181182399e-01
1.429159427550575484e-02 4.059476328858619421e-01
3.586626604176067490e-01 9.332892155232901388e-01
2.533400470831310702e-01 3.451887897516149883e-01
-4.956105016755434911e-01 -7.272617982036853057e-01
-1.682116173395824255e-01 6.843280575422718004e-02
-4.024608754101047237e-01 -4.656834799900771982e-02
1.900177873155811381e-01 3.911048447907125025e-01
5.116114171590612214e-01 3.939141748937354248e-01
2.397067091598157895e-01 3.873598558268220304e-01
-1.755671504928765225e-01 5.917538445471018926e-01
-4.881962085146587804e-01 -6.368509933618959895e-01
-1.076377579572107834e-01 -8.039732666094197011e-01
1.422733130935321111e-01 -3.926060863864896944e-01
4.765963376337541413e-01 1.161566379471576024e-02
-3.973854606547365664e-01 -7.226533813748201585e-01
-3.206404847004695191e-01 -8.039459817447983658e-01
2.328032378170012684e-01 2.892504199969689327e-01
-3.790258341712516299e-01 -8.513169982481451070e-01
1.938212944348165490e-01 9.393182258172366739e-01
2.167160595925693434e-01 1.028169390054986643e+00
2.919057356436535744e-01 1.641656369221497769e-01
3.129758624602207440e-01 9.843087470552841500e-01
-1.901983096535453943e-01 5.179021860805611138e-02
2.925469558529916747e-01 2.581354885388362774e-01
-9.846025793644621812e-03 3.850462207946953042e-01
-3.510984393871375842e-01 2.103664628500482581e-01
-4.068013256516090359e-01 -9.398838792541150955e-01
4.882967168939799651e-01 1.163468551973747822e-01
-1.797215868293124130e-02 3.739606419094251288e-01
-2.082134931510993270e-01 5.254608680378107799e-01
-3.224263405254751969e-01 -9.626942998717326061e-01
-5.776332377920469219e-02 3.110223423129624409e-01
-5.070421500314512692e-02 -7.306207358248594241e-01
-3.251617549877829916e-01 2.555573467971482549e-01
-2.709342845542802788e-02 -6.818514658598641143e-01
2.426176609730297529e-01 3.573121400568706196e-01
-4.864624069854431854e-01 -4.847952018255911599e-01
-3.582896608932794602e-01 -7.562476851289519075e-01
2.674012363648207158e-01 1.281633497988382830e-01
-5.018099167234222335e-01 -5.394661592649948600e-01
2.307282544432140703e-01 3.374181320956707308e-01
1.123533934806325296e-01 4.566720627443099922e-01
-3.611562080103580819e-01 1.790629408243727683e-01
4.912347707338448055e-01 3.655086549521832096e-01
4.874326925173415592e-01 9.370261341025420965e-01
4.652929227189261940e-02 -5.618734694208135094e-01
8.337051457916536124e-03 -6.226592815288548577e-01
2.727421559397804063e-01 3.730115560246657358e-01
1.545850837317126469e-01 -2.715040793890513560e-01
4.138929133443738362e-01 8.900688631471979084e-01
2.114065539353713052e-01 1.056775938553154992e-01
-7.462665830845130466e-02 2.724365088360696241e-01
-3.442710090862297068e-01 2.454677516674250159e-01
-1.050747260276226336e-01 -7.982633779155638987e-01
-3.018708991922348650e-01 -8.455964441983093716e-01
4.938361097570053149e-01 7.907236435421574061e-01
-1.089409401248294107e-01 2.250624516807481768e-01
-5.447464523519755797e-02 7.772456812234735946e-01
-1.261951307357801477e-01 1.546495798442046599e-01
4.887612370409469276e-01 6.929898690109552728e-01
-2.135042839136391257e-01 8.813240154420779945e-03
-3.618750534412713826e-02 3.407999917975001458e-01
2.160692744066291249e-01 9.489636925045091820e-01
-1.717402616832482409e-01 8.503384088418598774e-02
-1.509512797910342041e-01 -8.438412567838345923e-01
3.240353180954602674e-01 1.021569316039709463e+00
4.949669343425089352e-01 4.411207984527427683e-01
4.731718667939524559e-02 -5.640520530151057477e-01
2.810922113300752812e-01 4.415266798799766801e-01
-4.754439177862719301e-01 -3.438545287865313327e-01
2.488523604328562733e-01 -5.324384165610801523e-02
-4.771676377462510943e-01 -4.524497264856702228e-01
2.371356081452320741e-01 3.575383460463346652e-01
5.018901333310010066e-02 -5.635093973942972845e-01
-4.156856447088032036e-01 -8.560085978834155451e-01
5.577650379271750260e-03 3.654544985637165899e-01
-2.797999386564124502e-01 3.741901633174749553e-01
2.894744130679336447e-01 3.407252437238106335e-01
-2.703247596501084371e-01 -9.335034130813220088e-01
4.943325744254915000e-01 9.138169401201187148e-01
5.534012568076726035e-01 3.553648510169273300e-01
-1.575993719611814281e-01 1.298898603618391656e-01
-1.904776445611921012e-02 8.326445939520044082e-01
-3.869488170762421658e-02 7.709646724636131099e-01
-2.201929570899782973e-01 -8.832326258933464666e-03
4.630929390097379694e-02 -5.694666382779866032e-01
-1.425105794388000224e-01 -7.885231413870925632e-01
-3.734779264029803869e-01 1.081694020014426355e-01
