1.990000000000000000e+04
1.924707382496599894e+04
1.863684263953685149e+04
1.806930644371255767e+04
1.754446523749311382e+04
1.706231902087852359e+04
1.662286779386878698e+04
1.622611155646390216e+04
1.587205030866387096e+04
1.556068405046869157e+04
1.529201278187836942e+04
1.506603650289289726e+04
1.488275521351227690e+04
1.474216891373651015e+04
1.464427760356559884e+04
1.458908128299953751e+04
1.457657995203832979e+04
1.460677361068197206e+04
1.467966225893047522e+04
1.479524589678382472e+04
1.495352452424203148e+04
1.515449814130508457e+04
1.539816674797299675e+04
1.568453034424575708e+04
1.601358893012337285e+04
1.638534250560584405e+04
1.679979107069316524e+04
1.725693462538534004e+04
1.775677316968236846e+04
1.829930670358424322e+04
1.888453522709097888e+04
1.951245874020256451e+04
2.018307724291900377e+04
2.089639073524029664e+04
2.165239921716643948e+04
2.245110268869744323e+04
2.329250114983328604e+04
2.417659460057399338e+04
2.510338304091955069e+04
2.607286647086996163e+04
2.708504489042521891e+04
2.813991829958533344e+04
2.923748669835030159e+04
3.037775008672011609e+04
3.156070846469479875e+04
3.278636183227432775e+04
3.405471018945870310e+04
3.536575353624793206e+04
3.671949187264201464e+04
3.811592519864095811e+04
3.955505351424474065e+04
4.103687681945339136e+04
4.256139511426689569e+04
4.412860839868523180e+04
4.573851667270844337e+04
4.739111993633650854e+04
4.908641818956940551e+04
5.082441143240717065e+04
5.260509966484976758e+04
5.442848288689725450e+04
5.629456109854957322e+04
5.820333429980673100e+04
6.015480249066877877e+04
6.214896567113563651e+04
6.418582384120736970e+04
6.626537700088397833e+04
6.838762515016538964e+04
7.055256828905167640e+04
7.276020641754282406e+04
7.501053953563881805e+04
7.730356764333968749e+04
7.963929074064537417e+04
8.201770882755593630e+04
8.443882190407131566e+04
8.690262997019159957e+04
8.940913302591672982e+04
9.195833107124666276e+04
9.455022410618150025e+04
9.718481213072118408e+04
9.986209514486568514e+04
1.025820731486150908e+05
1.053447461419692991e+05
1.081501141249283974e+05
1.109981770974923420e+05
1.138889350596611184e+05
1.168223880114347849e+05
1.197985359528132540e+05
1.228173788837966131e+05
1.258789168043848185e+05
1.289831497145778703e+05
1.321300776143757685e+05
1.353197005037784984e+05
1.385520183827861329e+05
1.418270312513986137e+05
1.451447391096159117e+05
1.485051419574381143e+05
1.519082397948650760e+05
1.553540326218970004e+05
1.588425204385337420e+05
1.623737032447753008e+05
1.659475810406217352e+05
1.695641538260730449e+05
1.732234216011292010e+05
1.769253843657901743e+05
1.806700421200560522e+05
1.844573948639266891e+05
1.882874425974022597e+05
1.921601853204826766e+05
1.960756230331679399e+05
2.000337557354580495e+05
2.040345834273530636e+05
2.080781061088528077e+05
2.121643237799575436e+05
2.162932364406670677e+05
2.204648440909814381e+05
2.246791467309006839e+05
2.289361443604247179e+05
2.332358369795536855e+05
2.375782245882874704e+05
2.419633071866261016e+05
2.463910847745696083e+05
2.508615573521179613e+05
2.553747249192711024e+05
2.599305874760292354e+05
2.645291450223921565e+05
2.691703975583598949e+05
2.738543450839324505e+05
2.785809875991098816e+05
2.833503251038923045e+05
2.881623575982793700e+05
2.930170850822714856e+05
2.979145075558682438e+05
3.028546250190700521e+05
3.078374374718766194e+05
3.128629449142881203e+05
3.179311473463043803e+05
3.230420447679254576e+05
3.281956371791514102e+05
3.333919245799822966e+05
3.386309069704180583e+05
3.439125843504585791e+05
3.492369567201039172e+05
3.546040240793541889e+05
3.600137864282093360e+05
3.654662437666693586e+05
3.709613960947341402e+05
3.764992434124036808e+05
3.820797857196783298e+05
3.877030230165577377e+05
3.933689553030419629e+05
3.990775825791311217e+05
4.048289048448250396e+05
4.106229221001236583e+05
4.164596343450273853e+05
4.223390415795359295e+05
4.282611438036493491e+05
4.342259410173675278e+05
4.402334332206904655e+05
4.462836204136182787e+05
4.523765025961512001e+05
4.585120797682888806e+05
4.646903519300313201e+05
4.709113190813786350e+05
4.771749812223307090e+05
4.834813383528877166e+05
4.898303904730496579e+05
4.962221375828163582e+05
5.026565796821878757e+05
5.091337167711643269e+05
5.156535488497457118e+05
5.222160759179318557e+05
5.288212979757228168e+05
5.354692150231185369e+05
5.421598270601192489e+05
5.488931340867248364e+05
5.556691361029352993e+05
5.624878331087505212e+05
5.693492251041706186e+05
5.762533120891955914e+05
5.832000940638254397e+05
5.901895710280601634e+05
5.972217429818996461e+05
6.042966099253440043e+05
6.114141718583931215e+05
6.185744287810473470e+05
6.257773806933062151e+05
6.330230275951700751e+05
6.403113694866385777e+05
6.476424063677121885e+05
6.550161382383904420e+05
6.624325650986736873e+05
6.698916869485618081e+05
6.773935037880545715e+05
6.849380156171524432e+05
6.925252224358549574e+05
7.001551242441624636e+05
7.078277210420747288e+05
7.155430128295919858e+05
7.233009996067138854e+05
7.311016813734408934e+05
