-5.644876956939697266e+00 1.606492042541503906e+00
1.676069259643554688e+00 9.031029701232910156e+00
-3.049365520477294922e+00 -4.301837444305419922e+00
-6.152411699295043945e-01 -5.076738357543945312e+00
-6.709054470062255859e+00 -3.298233270645141602e+00
2.001298666000366211e+00 -5.507244586944580078e+00
-2.862352609634399414e+00 -5.696278572082519531e+00
4.727931976318359375e+00 2.236639738082885742e+00
-4.970927238464355469e+00 -2.446926087141036987e-01
1.374572157859802246e+00 -4.430904388427734375e+00
-3.928999185562133789e+00 8.232331275939941406e+00
5.037902832031250000e+00 4.925848007202148438e+00
5.205685615539550781e+00 9.263422489166259766e-01
1.768753767013549805e+00 2.856239676475524902e-01
-1.132469177246093750e+00 -4.945696353912353516e+00
-4.668312072753906250e+00 2.378622770309448242e+00
4.742677211761474609e+00 5.551148414611816406e+00
-8.480683326721191406e+00 -2.696134090423583984e+00
-8.033966064453125000e+00 -2.117511987686157227e+00
-1.756803989410400391e+00 1.125324964523315430e+00
5.974282741546630859e+00 3.142250299453735352e+00
7.002945423126220703e+00 3.581027388572692871e-01
7.310688495635986328e-01 -4.477967917919158936e-01
4.055205345153808594e+00 4.050727486610412598e-01
-9.157700538635253906e+00 -2.862766265869140625e+00
-2.323655605316162109e+00 -1.037785172462463379e+00
6.496565818786621094e+00 3.121177911758422852e+00
-3.795328378677368164e+00 7.639432430267333984e+00
-1.656151771545410156e+00 -3.950779139995574951e-01
2.051028251647949219e+00 8.738416671752929688e+00
-4.006913676857948303e-02 -7.204836368560791016e+00
-1.127790808677673340e+00 -5.125623703002929688e+00
5.444996833801269531e+00 2.837023735046386719e+00
2.468979120254516602e+00 -2.565602779388427734e+00
1.318927884101867676e+00 2.845872402191162109e+00
-3.270807027816772461e+00 -4.853462696075439453e+00
4.035155773162841797e+00 5.646709203720092773e-01
6.136762142181396484e+00 2.305075883865356445e+00
-4.295006752014160156e+00 2.623845577239990234e+00
6.640366554260253906e+00 -1.142728626728057861e-01
-4.320232868194580078e+00 -2.638592243194580078e+00
1.892019271850585938e+00 1.220749378204345703e+00
3.200342416763305664e+00 7.169199466705322266e+00
-3.194195032119750977e+00 1.374174356460571289e+00
5.660616397857666016e+00 2.277669429779052734e+00
1.808333039283752441e+00 8.367905616760253906e+00
6.131718158721923828e-01 -4.817102432250976562e+00
-1.367403149604797363e+00 9.165274620056152344e+00
-3.806369781494140625e+00 -4.686786174774169922e+00
7.368529796600341797e+00 1.119630858302116394e-01
4.533536434173583984e+00 3.284321784973144531e+00
1.141537427902221680e+00 -4.644908010959625244e-02
5.769214630126953125e+00 5.413516521453857422e+00
-6.754010677337646484e+00 -4.289129078388214111e-01
-2.527884960174560547e+00 -1.152128696441650391e+00
4.729266643524169922e+00 6.446402549743652344e+00
-4.554626464843750000e+00 6.417349338531494141e+00
-2.678768396377563477e+00 8.961063385009765625e+00
-1.477138519287109375e+00 -7.340616703033447266e+00
1.645789265632629395e+00 -5.898492336273193359e+00
2.733297824859619141e+00 -2.952460646629333496e-01
-3.783430099487304688e+00 2.380763053894042969e+00
-6.386602401733398438e+00 -2.370647639036178589e-01
1.525041103363037109e+00 -5.415593624114990234e+00
-3.752568006515502930e+00 9.822325706481933594e+00
-7.041778087615966797e+00 -3.288863658905029297e+00
-3.399710655212402344e+00 1.645875215530395508e+00
-6.422815322875976562e+00 -1.093137025833129883e+00
-1.201478004455566406e+00 1.061278700828552246e+00
6.675241589546203613e-01 8.404915809631347656e+00
5.496070861816406250e+00 8.760337233543395996e-01
3.490679740905761719e+00 3.605295896530151367e+00
1.758999824523925781e+00 5.916339755058288574e-01
3.954011678695678711e+00 6.340261936187744141e+00
3.267840862274169922e+00 4.551710188388824463e-02
-3.472410917282104492e+00 6.734504222869873047e+00
-3.227473497390747070e+00 7.501108646392822266e+00
-3.238701105117797852e+00 9.575876235961914062e+00
-7.038832664489746094e+00 1.615209579467773438e+00
3.522148847579956055e+00 6.339753627777099609e+00
4.790577411651611328e+00 2.406013011932373047e+00
-8.621961593627929688e+00 -3.066538333892822266e+00
-8.787347793579101562e+00 -2.047518730163574219e+00
6.705952644348144531e+00 -1.467324972152709961e+00
-4.959245681762695312e+00 2.857748270034790039e+00
1.989926815032958984e+00 -6.159603595733642578e+00
-2.436729431152343750e+00 1.044119834899902344e+01
2.862004041671752930e+00 3.295770406723022461e+00
2.621076583862304688e+00 2.163471937179565430e+00
-4.928345203399658203e+00 6.090462684631347656e+00
3.573821783065795898e+00 2.413922309875488281e+00
-8.603242874145507812e+00 -1.724727392196655273e+00
-5.127799510955810547e+00 -2.073101520538330078e+00
-3.921300172805786133e+00 1.655380845069885254e+00
5.664627552032470703e+00 6.075980186462402344e+00
-6.251056790351867676e-01 8.498949050903320312e+00
-7.712957382202148438e+00 -1.721843361854553223e+00
1.636756658554077148e+00 -3.488698720932006836e+00
1.304298758506774902e+00 9.106717109680175781e+00
-1.422681450843811035e+00 -7.498578429222106934e-01
-3.074635028839111328e+00 -5.727131843566894531e+00
7.579385757446289062e+00 1.140639185905456543e+00
7.075751781463623047e+00 -1.000648260116577148e+00
-6.817185401916503906e+00 -1.259565949440002441e-01
5.161547660827636719e-02 8.794483184814453125e+00
-4.775064945220947266e+00 -1.057120203971862793e+00
6.356900215148925781e+00 4.831554412841796875e+00
3.557921051979064941e-01 -6.851328849792480469e+00
-3.050748825073242188e+00 7.884755134582519531e+00
-2.942974090576171875e+00 -2.259489595890045166e-01
-2.310545206069946289e+00 1.444846868515014648e+00
-3.091085433959960938e+00 -4.334033489227294922e+00
-4.981722831726074219e+00 3.598064184188842773e+00
-1.836720556020736694e-01 -6.920970916748046875e+00
-3.032584488391876221e-01 -7.288475990295410156e+00
1.536386847496032715e+00 -7.970909029245376587e-02
-1.788661956787109375e+00 9.040916442871093750e+00
2.717337369918823242e+00 2.696532011032104492e+00
7.828159928321838379e-01 9.211198806762695312e+00
-7.914580345153808594e+00 -2.773112058639526367e+00
7.357788085937500000e+00 1.637557864189147949e+00
-2.217934846878051758e+00 -5.789373397827148438e+00
-6.732916355133056641e+00 1.692940711975097656e+00
3.555405855178833008e+00 7.424876689910888672e+00
-8.474581241607666016e-01 -3.530043959617614746e-01
2.298394680023193359e+00 2.239772796630859375e+00
4.921110153198242188e+00 3.233356714248657227e+00
-7.366369724273681641e+00 1.169605731964111328e+00
7.534860610961914062e+00 2.992951571941375732e-01
-6.818507671356201172e+00 9.120036363601684570e-01
-7.322463035583496094e+00 -2.969785928726196289e+00
-5.688057899475097656e+00 -3.267146944999694824e-01
-5.439328670501708984e+00 -1.980996370315551758e+00
-2.196380853652954102e+00 1.067189407348632812e+01
1.265815138816833496e+00 2.752711772918701172e+00
-1.553827166557312012e+00 1.008549118041992188e+01
-2.924721240997314453e+00 8.237086296081542969e+00
2.201472282409667969e+00 -3.036156892776489258e+00
-3.698589563369750977e+00 6.994052410125732422e+00
7.174495220184326172e+00 8.848896026611328125e-01
-2.950553417205810547e+00 -4.877150058746337891e-01
-2.751988649368286133e+00 7.188010215759277344e+00
-2.653224468231201172e+00 -4.331285476684570312e+00
-2.626217603683471680e+00 5.633697658777236938e-02
-2.290025472640991211e+00 1.026835799217224121e+00
-3.876600027084350586e+00 8.939813613891601562e+00
-1.711081027984619141e+00 9.684105873107910156e+00
5.998004078865051270e-01 -6.247739315032958984e+00
1.631783962249755859e+00 7.684607505798339844e-01
2.932870626449584961e+00 -2.467870950698852539e+00
-3.726662635803222656e+00 -4.674529433250427246e-01
-3.896642327308654785e-01 -6.575012683868408203e+00
-4.370270252227783203e+00 7.663243293762207031e+00
4.017281055450439453e+00 2.404784202575683594e+00
-4.029827594757080078e+00 -1.457146406173706055e+00
2.494419336318969727e+00 8.274744033813476562e+00
-4.212301731109619141e+00 -2.260713815689086914e+00
4.025315761566162109e+00 6.778543472290039062e+00
6.795775413513183594e+00 -8.700809478759765625e-01
-5.746240727603435516e-03 -6.273952007293701172e+00
-4.675524234771728516e+00 -4.452600479125976562e+00
-2.176487207412719727e+00 -4.537086784839630127e-01
2.446942925453186035e-01 -6.023995399475097656e+00
-2.434465885162353516e+00 1.002083015441894531e+01
4.464926719665527344e+00 3.053958415985107422e+00
2.673082828521728516e+00 3.817792654037475586e+00
-5.904237747192382812e+00 -1.544506549835205078e+00
-1.373406529426574707e+00 1.096502685546875000e+01
-4.575528144836425781e+00 1.975959420204162598e+00
-1.456683874130249023e+00 1.084811782836914062e+01
-3.351109027862548828e+00 9.272653579711914062e+00
-1.735134124755859375e-01 9.831508636474609375e+00
2.210748672485351562e+00 -3.204850435256958008e+00
-1.007336497306823730e+00 -6.163748741149902344e+00
3.841362476348876953e+00 7.234749794006347656e+00
-4.255275726318359375e+00 -1.207155108451843262e+00
-3.576534748077392578e+00 -3.003733456134796143e-01
8.967266082763671875e-01 8.430537223815917969e+00
7.913265228271484375e-01 -5.550227165222167969e+00
4.106248378753662109e+00 5.814832687377929688e+00
-5.223442077636718750e+00 2.393806934356689453e+00
-4.478812694549560547e+00 1.390526890754699707e+00
6.051389575004577637e-01 8.832888603210449219e+00
2.849234104156494141e+00 2.203958511352539062e+00
7.324187755584716797e+00 1.359252929687500000e+00
2.174664497375488281e+00 1.100051403045654297e+00
8.100050091743469238e-01 -4.988465309143066406e+00
-7.521049976348876953e+00 -2.182694435119628906e+00
2.402913570404052734e+00 3.110324382781982422e+00
-1.012868762016296387e+00 -1.017539381980895996e+00
-4.670803070068359375e+00 7.063871860504150391e+00
-5.059265136718750000e+00 -4.387170791625976562e+00
1.349990487098693848e+00 8.621836662292480469e+00
-4.512948036193847656e+00 -1.945853948593139648e+00
3.471372127532958984e+00 2.994510650634765625e+00
-1.225040555000305176e+00 1.013756847381591797e+01
5.394623279571533203e+00 1.702689051628112793e+00
-7.307572960853576660e-01 1.048020267486572266e+01
1.494598984718322754e+00 -3.837203979492187500e+00
-7.172166824340820312e+00 9.961558580398559570e-01
