1.990000000000000000e+04
1.984427259202389541e+04
1.978863624801592960e+04
1.973309096797611710e+04
1.967763675190444701e+04
1.962227359980092660e+04
1.956700151166554497e+04
1.951182048749831301e+04
1.945673052729923074e+04
1.940173163106829088e+04
1.934682379880549706e+04
1.929200703051085293e+04
1.923728132618435120e+04
1.918264668582599552e+04
1.912810310943578588e+04
1.907365059701372229e+04
1.901928914855980474e+04
1.896501876407403688e+04
1.891083944355641142e+04
1.885675118700692838e+04
1.880275399442559865e+04
1.874884786581240769e+04
1.869503280116736642e+04
1.864130880049047482e+04
1.858767586378172564e+04
1.853413399104112250e+04
1.848068318226866177e+04
1.842732343746435436e+04
1.837405475662818935e+04
1.832087713976017039e+04
1.826779058686029748e+04
1.821479509792857061e+04
1.816189067296498979e+04
1.810907731196955501e+04
1.805635501494226628e+04
1.800372378188312359e+04
1.795118361279212695e+04
1.789873450766927272e+04
1.784637646651456816e+04
1.779410948932800966e+04
1.774193357610959720e+04
1.768984872685933078e+04
1.763785494157721041e+04
1.758595222026323609e+04
1.753414056291740781e+04
1.748241996953972557e+04
1.743079044013018574e+04
1.737925197468879560e+04
1.732780457321555150e+04
1.727644823571045345e+04
1.722518296217350144e+04
1.717400875260469184e+04
1.712292560700403556e+04
1.707193352537151804e+04
1.702103250770715022e+04
1.697022255401092480e+04
1.691950366428284906e+04
1.686887583852291937e+04
1.681833907673113572e+04
1.676789337890749448e+04
1.671753874505200292e+04
1.666727517516465741e+04
1.661710266924545431e+04
1.656702122729440089e+04
1.651703084931149351e+04
1.646713153529672854e+04
1.641732328525011326e+04
1.636760609917164220e+04
1.631797997706131900e+04
1.626844491891914004e+04
1.621900092474510711e+04
1.616964799453922205e+04
1.612038612830147940e+04
1.607121532603188462e+04
1.602213558773043769e+04
1.597314691339713499e+04
1.592424930303197834e+04
1.587544275663496592e+04
1.582672727420610317e+04
1.577810285574538466e+04
1.572956950125281219e+04
1.568112721072838758e+04
1.563277598417210538e+04
1.558451582158397105e+04
1.553634672296398458e+04
1.548826868831214051e+04
1.544028171762844431e+04
1.539238581091289234e+04
1.534458096816549005e+04
1.529686718938623198e+04
1.524924447457511815e+04
1.520171282373215399e+04
1.515427223685733225e+04
1.510692271395065836e+04
1.505966425501213234e+04
1.501249686004174691e+04
1.496542052903951117e+04
1.491843526200542328e+04
1.487154105893947781e+04
1.482473791984168020e+04
1.477802584471202863e+04
1.473140483355052129e+04
1.468487488635715999e+04
1.463843600313194656e+04
1.459208818387487736e+04
1.454583142858595602e+04
1.449966573726517890e+04
1.445359110991254965e+04
1.440760754652806281e+04
1.436171504711172747e+04
1.431591361166353454e+04
1.427020324018348947e+04
1.422458393267159045e+04
1.417905568912783565e+04
1.413361850955222690e+04
1.408827239394476419e+04
1.404301734230544753e+04
1.399785335463428055e+04
1.395278043093125598e+04
1.390779857119637563e+04
1.386290777542964497e+04
1.381810804363105854e+04
1.377339937580061815e+04
1.372878177193832380e+04
1.368425523204417914e+04
1.363981975611817325e+04
1.359547534416031885e+04
1.355122199617060869e+04
1.350705971214904639e+04
1.346298849209562650e+04
1.341900833601035629e+04
1.337511924389323030e+04
1.333132121574424855e+04
1.328761425156341465e+04
1.324399835135072681e+04
1.320047351510618319e+04
1.315703974282978925e+04
1.311369703452153954e+04
1.307044539018143769e+04
1.302728480980947643e+04
1.298421529340566485e+04
1.294123684097000114e+04
1.289834945250248165e+04
1.285555312800310639e+04
1.281284786747188082e+04
1.277023367090879765e+04
1.272771053831386234e+04
1.268527846968707127e+04
1.264293746502842987e+04
1.260068752433793270e+04
1.255852864761558158e+04
1.251646083486137286e+04
1.247448408607531383e+04
1.243259840125739902e+04
1.239080378040763208e+04
1.234910022352600936e+04
1.230748773061253632e+04
1.226596630166720570e+04
1.222453593669002294e+04
1.218319663568098440e+04
1.214194839864009373e+04
1.210079122556734910e+04
1.205972511646274870e+04
1.201875007132629617e+04
1.197786609015798967e+04
1.193707317295782559e+04
1.189637131972580937e+04
1.185576053046194284e+04
1.181524080516621689e+04
1.177481214383863880e+04
1.173447454647920858e+04
1.169422801308792259e+04
1.165407254366478446e+04
1.161400813820978874e+04
1.157403479672294270e+04
1.153415251920424089e+04
1.149436130565368512e+04
1.145466115607127722e+04
1.141505207045701536e+04
1.137553404881089591e+04
1.133610709113292432e+04
1.129677119742309878e+04
1.125752636768142111e+04
1.121837260190788584e+04
1.117930990010250025e+04
1.114033826226525707e+04
1.110145768839616176e+04
1.106266817849521431e+04
1.102396973256241108e+04
1.098536235059775390e+04
1.094684603260124277e+04
1.090842077857287586e+04
1.087008658851265864e+04
1.083184346242058382e+04
1.079369140029665687e+04
1.075563040214087596e+04
1.071766046795323928e+04
1.067978159773375046e+04
1.064199379148240951e+04
1.060429704919921278e+04
