1.990000000000000000e+04
1.979576965471119911e+04
1.969229459369754113e+04
1.958957481695902243e+04
1.948761032449563936e+04
1.938640111630739557e+04
1.928594719239429469e+04
1.918624855275632945e+04
1.908730519739350348e+04
1.898911712630582042e+04
1.889168433949326936e+04
1.879500683695586486e+04
1.869908461869359598e+04
1.860391768470646639e+04
1.850950603499447607e+04
1.841584966955762502e+04
1.832294858839591325e+04
1.823080279150934075e+04
1.813941227889790753e+04
1.804877705056160994e+04
1.795889710650045527e+04
1.786977244671443623e+04
1.778140307120356374e+04
1.769378897996782325e+04
1.760693017300722568e+04
1.752082665032176737e+04
1.743547841191144471e+04
1.735088545777626132e+04
1.726704778791622084e+04
1.718396540233131964e+04
1.710163830102155407e+04
1.702006648398692778e+04
1.693924995122744440e+04
1.685918870274309666e+04
1.677988273853388819e+04
1.670133205859982263e+04
1.662353666294089271e+04
1.654649655155710207e+04
1.647021172444845070e+04
1.639468218161493860e+04
1.631990792305656760e+04
1.624588894877333223e+04
1.617262525876523796e+04
1.610011685303228296e+04
1.602836373157446724e+04
1.595736589439179079e+04
1.588712334148425361e+04
1.581763607285185390e+04
1.574890408849459345e+04
1.568092738841247410e+04
1.561370597260549403e+04
1.554723984107364959e+04
1.548152899381694806e+04
1.541657343083538581e+04
1.535237315212895919e+04
1.528892815769767367e+04
1.522623844754152378e+04
1.516430402166051863e+04
1.510312488005464911e+04
1.504270102272392251e+04
1.498303244966833154e+04
1.492411916088787984e+04
1.486596115638257106e+04
1.480855843615239792e+04
1.475191100019736405e+04
1.469601884851746945e+04
1.464088198111271413e+04
1.458650039798309990e+04
1.453287409912862131e+04
1.448000308454928381e+04
1.442788735424508559e+04
1.437652690821602482e+04
1.432592174646210515e+04
1.427607186898332475e+04
1.422697727577968362e+04
1.417863796685117995e+04
1.413105394219781556e+04
1.408422520181959226e+04
1.403815174571650641e+04
1.399283357388855984e+04
1.394827068633575254e+04
1.390446308305808634e+04
1.386141076405555577e+04
1.381911372932816630e+04
1.377757197887591610e+04
1.373678551269880336e+04
1.369675433079683353e+04
1.365747843316999933e+04
1.361895781981830442e+04
1.358119249074174877e+04
1.354418244594033240e+04
1.350792768541405894e+04
1.347242820916292112e+04
1.343768401718692257e+04
1.340369510948606330e+04
1.337046148606034330e+04
1.333798314690976076e+04
1.330626009203432113e+04
1.327529232143401714e+04
1.324507983510885424e+04
1.321562263305882880e+04
1.318692071528394445e+04
1.315897408178419755e+04
1.313178273255958993e+04
1.310534666761012340e+04
1.307966588693579251e+04
1.305474039053660454e+04
1.303057017841255401e+04
1.300715525056364277e+04
1.298449560698986897e+04
1.296259124769123810e+04
1.294144217266774467e+04
1.292104838191939052e+04
1.290140987544617383e+04
1.288252665324809641e+04
1.286439871532515826e+04
1.284702606167736303e+04
1.283040869230470162e+04
1.281454660720718130e+04
1.279943980638480207e+04
1.278508828983756030e+04
1.277149205756545780e+04
1.275865110956849458e+04
1.274656544584666881e+04
1.273523506639998595e+04
1.272465997122844055e+04
1.271484016033203079e+04
1.270577563371076576e+04
1.269746639136463637e+04
1.268991243329364625e+04
1.268311375949779540e+04
1.267707036997708565e+04
1.267178226473151517e+04
1.266724944376108033e+04
1.266347190706578840e+04
1.266044965464563211e+04
1.265818268650061873e+04
1.265667100263074099e+04
1.265591460303600434e+04
1.265591348771640696e+04
1.265666765667194704e+04
1.265817710990262640e+04
1.266044184740844503e+04
1.266346186918940475e+04
1.266723717524550193e+04
1.267176776557673838e+04
1.267705364018311593e+04
1.268309479906463093e+04
1.268989124222128521e+04
1.269744296965307694e+04
1.270574998136001159e+04
1.271481227734208187e+04
1.272462985759929325e+04
1.273520272213164208e+04
1.274653087093913200e+04
1.275861430402175938e+04
1.277145302137952967e+04
1.278504702301243378e+04
1.279939630892047899e+04
1.281450087910366346e+04
1.283036073356198722e+04
1.284697587229545024e+04
1.286434629530405255e+04
1.288247200258779412e+04
1.290135299414667497e+04
1.292098926998069510e+04
1.294138083008985268e+04
1.296252767447414953e+04
1.298442980313358566e+04
1.300708721606816289e+04
1.303049991327787757e+04
1.305466789476273334e+04
1.307959116052272657e+04
1.310526971055786089e+04
1.313170354486813267e+04
1.315889266345354190e+04
1.318683706631409223e+04
1.321553675344978183e+04
1.324499172486061070e+04
1.327520198054657703e+04
1.330616752050768446e+04
1.333788834474392934e+04
1.337036445325531531e+04
1.340359584604183874e+04
1.343758252310350326e+04
1.347232448444030342e+04
1.350782173005224467e+04
1.354407425993932702e+04
1.358108207410154500e+04
1.361884517253890408e+04
1.365736355525140607e+04
1.369663722223904188e+04
1.373666617350181696e+04
1.377745040903973313e+04
1.381898992885278676e+04
1.386128473294098148e+04
1.390433482130431366e+04
1.394814019394278512e+04
1.399270085085639585e+04
1.403801679204514585e+04
