4.152584075927734375e+00 8.071298599243164062e+00
4.221613407135009766e+00 8.876075744628906250e+00
6.766977906227111816e-02 9.962269783020019531e+00
1.717331647872924805e+00 6.260887622833251953e+00
-1.142428874969482422e+00 5.867780685424804688e+00
8.959381580352783203e-01 6.765923500061035156e+00
3.897868871688842773e+00 9.001643180847167969e+00
1.402451872825622559e+00 9.896287918090820312e+00
-1.063167899847030640e-01 6.109239578247070312e+00
5.162978172302246094e+00 3.028064250946044922e+00
2.059550285339355469e+00 6.341025829315185547e+00
4.344735622406005859e+00 6.878724098205566406e+00
-2.357962846755981445e+00 4.679196834564208984e+00
1.343996882438659668e+00 6.244230270385742188e+00
-4.497243836522102356e-02 7.266982078552246094e+00
-2.362901210784912109e+00 4.500444412231445312e+00
5.697465896606445312e+00 5.857868671417236328e+00
5.152203083038330078e+00 8.025045394897460938e+00
-4.655692875385284424e-01 7.563268184661865234e+00
3.406062364578247070e+00 1.249129056930541992e+00
-1.437115073204040527e+00 7.058226585388183594e+00
-2.146125078201293945e+00 5.534341335296630859e+00
4.637148857116699219e+00 2.026035547256469727e+00
-2.022840738296508789e+00 4.938188552856445312e+00
6.591350436210632324e-01 9.541160583496093750e+00
5.660310745239257812e+00 5.516703605651855469e+00
5.193390369415283203e+00 2.749395847320556641e+00
4.692537307739257812e+00 6.465304851531982422e+00
5.447976589202880859e+00 7.083183765411376953e+00
-1.514745593070983887e+00 5.501108646392822266e+00
-1.240723878145217896e-01 9.796976089477539062e+00
-1.179859757423400879e+00 5.528520107269287109e+00
5.624001026153564453e+00 5.286019325256347656e+00
-1.972059965133666992e+00 5.697171211242675781e+00
3.283284425735473633e+00 3.131651401519775391e+00
4.371241569519042969e+00 1.813518404960632324e+00
4.234955310821533203e+00 8.199325561523437500e+00
-2.141236811876296997e-01 6.041562080383300781e+00
2.323809146881103516e+00 6.841494083404541016e+00
-2.304113864898681641e+00 4.756886482238769531e+00
2.214087247848510742e+00 1.271344900131225586e+00
4.715542316436767578e+00 3.305506944656372070e+00
1.793049931526184082e+00 6.617339134216308594e+00
2.469360828399658203e+00 7.887083888053894043e-01
-1.867316842079162598e+00 6.689673900604248047e+00
-1.344418048858642578e+00 7.268768310546875000e+00
2.131889581680297852e+00 1.116239786148071289e+00
-5.794054269790649414e-01 6.058222770690917969e+00
-4.267450273036956787e-01 5.904458045959472656e+00
3.942578434944152832e-01 6.438804626464843750e+00
5.267898082733154297e+00 4.869656562805175781e+00
1.205158457159996033e-01 1.033482360839843750e+01
-1.198112964630126953e+00 7.346115589141845703e+00
5.121164321899414062e+00 3.133955955505371094e+00
4.428946971893310547e+00 1.903376460075378418e+00
1.901741266250610352e+00 7.290485858917236328e+00
5.002327442169189453e+00 8.224690437316894531e+00
4.601118087768554688e+00 2.071990489959716797e+00
-1.393940210342407227e+00 5.354014873504638672e+00
-4.977566003799438477e-01 7.691064357757568359e+00
-1.329161286354064941e+00 7.071098327636718750e+00
-1.399682462215423584e-01 6.034288406372070312e+00
2.164174795150756836e+00 6.584460735321044922e+00
4.702979564666748047e+00 3.559195041656494141e+00
7.704973220825195312e-01 7.058132648468017578e+00
-1.795835971832275391e+00 5.575148105621337891e+00
2.197249650955200195e+00 6.602503299713134766e+00
4.271095097064971924e-01 1.050287723541259766e+01
4.145272254943847656e+00 1.704895615577697754e+00
5.010983943939208984e+00 6.349805831909179688e+00
4.867255210876464844e+00 3.129539251327514648e+00
-1.223889589309692383e+00 6.132302761077880859e+00
3.291576147079467773e+00 3.201266765594482422e+00
5.054434776306152344e+00 8.157259941101074219e+00
3.957581043243408203e+00 9.001243591308593750e+00
4.227870941162109375e+00 1.771036624908447266e+00
1.699396133422851562e+00 7.018857002258300781e+00
1.903732776641845703e+00 6.535317897796630859e+00
3.372922182083129883e+00 3.178428888320922852e+00
5.172954559326171875e+00 3.461803913116455078e+00
-1.635896086692810059e+00 6.870121955871582031e+00
5.667247772216796875e+00 5.734066963195800781e+00
-2.458624839782714844e+00 5.599320888519287109e+00
2.235898017883300781e+00 6.712934970855712891e+00
5.361239433288574219e+00 7.282721519470214844e+00
3.355857849121093750e+00 1.274571299552917480e+00
-2.134766340255737305e+00 5.316583156585693359e+00
-1.436854720115661621e+00 5.607041358947753906e+00
4.784348011016845703e+00 8.487263679504394531e+00
1.144235134124755859e+00 9.817618370056152344e+00
3.562431335449218750e+00 1.324597120285034180e+00
4.190174579620361328e+00 8.713869094848632812e+00
4.358877658843994141e+00 8.269625663757324219e+00
-6.028197407722473145e-01 6.396802425384521484e+00
4.432793140411376953e+00 1.856386780738830566e+00
-1.769955515861511230e+00 6.724956512451171875e+00
1.661651372909545898e+00 9.796460151672363281e+00
4.562589168548583984e+00 2.089181423187255859e+00
5.306064128875732422e+00 3.184169769287109375e+00
5.587887763977050781e-01 1.002662277221679688e+01
3.583985328674316406e+00 3.271459102630615234e+00
-6.253122091293334961e-01 5.871162414550781250e+00
-8.460462689399719238e-01 5.796064376831054688e+00
1.697353363037109375e+00 9.593654632568359375e+00
8.668959140777587891e-01 9.989666938781738281e+00
-2.501619458198547363e-01 7.649318218231201172e+00
4.364526748657226562e+00 8.597138404846191406e+00
-2.445120573043823242e+00 5.346647739410400391e+00
2.818869352340698242e+00 9.525225758552551270e-01
1.221939697861671448e-01 1.030745506286621094e+01
2.275128602981567383e+00 1.082163214683532715e+00
3.397599160671234131e-01 6.944539070129394531e+00
7.954790592193603516e-01 6.356432914733886719e+00
4.316150665283203125e+00 8.545665740966796875e+00
1.607350230216979980e+00 6.836189746856689453e+00
4.446516513824462891e+00 6.502162456512451172e+00
-1.485214233398437500e+00 7.196594715118408203e+00
1.728896856307983398e+00 7.270349979400634766e+00
5.599962711334228516e+00 6.280521869659423828e+00
1.662214398384094238e+00 7.295510292053222656e+00
-5.003848075866699219e-01 7.475739479064941406e+00
4.029442310333251953e+00 3.419611930847167969e+00
1.261358857154846191e+00 7.314549922943115234e+00
4.494750022888183594e+00 8.470987319946289062e+00
-3.688001260161399841e-02 9.926257133483886719e+00
2.137420654296875000e+00 7.148012518882751465e-01
1.984774827957153320e+00 6.528244495391845703e+00
5.257893085479736328e+00 7.233876228332519531e+00
2.859641551971435547e+00 1.335589528083801270e+00
-3.648960590362548828e-01 7.703842163085937500e+00
5.693318843841552734e+00 5.278989315032958984e+00
4.309965133666992188e+00 1.829211115837097168e+00
5.745119094848632812e+00 5.554646015167236328e+00
2.247895240783691406e+00 1.058673977851867676e+00
5.430399894714355469e+00 3.319196701049804688e+00
2.352753162384033203e+00 8.579855561256408691e-01
-2.439237117767333984e+00 4.559673786163330078e+00
5.246816158294677734e+00 7.418097496032714844e+00
4.333256483078002930e-01 1.046131706237792969e+01
4.943765163421630859e+00 8.301431655883789062e+00
4.650512218475341797e+00 3.501399993896484375e+00
4.239446163177490234e+00 7.231801986694335938e+00
5.229847431182861328e+00 4.825160026550292969e+00
2.287228822708129883e+00 9.662806391716003418e-01
3.649146080017089844e+00 3.220088958740234375e+00
7.296801209449768066e-01 9.576123237609863281e+00
7.045562267303466797e-01 9.676040649414062500e+00
3.200412511825561523e+00 1.339719057083129883e+00
1.296488046646118164e-01 6.727975845336914062e+00
-1.417839825153350830e-01 7.543196678161621094e+00
1.485205739736557007e-01 7.615934848785400391e+00
5.680560111999511719e+00 5.527094841003417969e+00
-8.293323963880538940e-02 6.332818508148193359e+00
1.680138230323791504e+00 6.961497306823730469e+00
-1.438585638999938965e+00 7.276836395263671875e+00
1.777660727500915527e+00 7.360879898071289062e+00
4.126632213592529297e+00 8.874082565307617188e+00
3.229163646697998047e+00 1.196243762969970703e+00
4.814383387565612793e-02 1.010918998718261719e+01
5.085843086242675781e+00 3.289702177047729492e+00
4.723880767822265625e+00 3.450048923492431641e+00
5.446639060974121094e+00 6.912699699401855469e+00
4.165935993194580078e+00 7.482718944549560547e+00
1.160871505737304688e+00 6.598406314849853516e+00
2.506655216217041016e+00 1.048094511032104492e+00
5.163438320159912109e+00 3.318927764892578125e+00
6.416260004043579102e-01 9.599058151245117188e+00
3.071990966796875000e+00 3.252391338348388672e+00
3.233428478240966797e+00 2.874075889587402344e+00
9.660390615463256836e-01 9.912535667419433594e+00
7.300369143486022949e-01 9.906175613403320312e+00
-2.283450603485107422e+00 5.244963645935058594e+00
1.542265295982360840e+00 7.321885585784912109e+00
4.866761684417724609e+00 6.506369113922119141e+00
4.524796485900878906e+00 6.531226634979248047e+00
3.684722483158111572e-01 1.044668102264404297e+01
1.256206631660461426e+00 6.585429668426513672e+00
5.080045700073242188e+00 2.809317588806152344e+00
3.352701425552368164e+00 3.252933025360107422e+00
4.400361537933349609e+00 6.211477279663085938e+00
2.430288076400756836e+00 8.541668653488159180e-01
-1.544298291206359863e+00 7.101282119750976562e+00
4.185024738311767578e+00 8.122884750366210938e+00
1.659235954284667969e+00 6.136732101440429688e+00
-2.518064498901367188e+00 4.638337612152099609e+00
4.352108478546142578e+00 6.723975658416748047e+00
5.502639412879943848e-01 1.031440162658691406e+01
-2.310911655426025391e+00 5.572326660156250000e+00
1.363193541765213013e-01 6.042085170745849609e+00
4.201630592346191406e+00 7.843573093414306641e+00
1.228804349899291992e+00 6.159358978271484375e+00
5.648791313171386719e+00 5.661106586456298828e+00
-9.806658625602722168e-01 6.787971019744873047e+00
1.236807256937026978e-01 1.029455566406250000e+01
-2.234144449234008789e+00 4.841593742370605469e+00
4.535214424133300781e+00 3.307851791381835938e+00
3.423352003097534180e+00 1.319813370704650879e+00
-5.881208777427673340e-01 7.642889022827148438e+00
-2.178815603256225586e+00 5.102204799652099609e+00
5.070398807525634766e+00 6.482766151428222656e+00
