1.117500000000000000e+04
1.092888884972711458e+04
1.068598863663880002e+04
1.044629936073505451e+04
1.020982102201587986e+04
9.976553620481270627e+03
9.746497156131234078e+03
9.519651628965766577e+03
9.296017038984868122e+03
9.075593386188538716e+03
8.858380670576781995e+03
8.644378892149590683e+03
8.433588050906972057e+03
8.226008146848918841e+03
8.021639179975438310e+03
7.820481150286525917e+03
7.622534057782182572e+03
7.427797902462410093e+03
7.236272684327204843e+03
7.047958403376572278e+03
6.862855059610507851e+03
6.680962653029011562e+03
6.502281183632085231e+03
6.326810651419729766e+03
6.154551056391941529e+03
5.985502398548725068e+03
5.819664677890075836e+03
5.657037894415998380e+03
5.497622048126488153e+03
5.341417139021548792e+03
5.188423167101177569e+03
5.038640132365377212e+03
4.892068034814145904e+03
4.748706874447483642e+03
4.608556651265391338e+03
4.471617365267868081e+03
4.337889016454914781e+03
4.207371604826530529e+03
4.080065130382715779e+03
3.955969593123470077e+03
3.835084993048794331e+03
3.717411330158688088e+03
3.602948604453151347e+03
3.491696815932184109e+03
3.383655964595785008e+03
3.278826050443956774e+03
3.177207073476697587e+03
3.078799033694008358e+03
2.983601931095888631e+03
2.891615765682337042e+03
2.802840537453356774e+03
2.717276246408944189e+03
2.634922892549101107e+03
2.555780475873828891e+03
2.479848996383125268e+03
2.407128454076991147e+03
2.337618848955426529e+03
2.271320181018430958e+03
2.208232450266005799e+03
2.148355656698149687e+03
2.091689800314862623e+03
2.038234881116145516e+03
1.987990899101997229e+03
1.940957854272418899e+03
1.897135746627409844e+03
1.856524576166970292e+03
1.819124342891100241e+03
1.784935046799799693e+03
1.753956687893068647e+03
1.726189266170906876e+03
1.701632781633314607e+03
1.680287234280291614e+03
1.662152624111837895e+03
1.647228951127954133e+03
1.635516215328639646e+03
1.627014416713894661e+03
1.621723555283719179e+03
1.619643631038113199e+03
1.620774643977076266e+03
1.625116594100609063e+03
1.632669481408711363e+03
1.643433305901382937e+03
1.657408067578624014e+03
1.674593766440434820e+03
1.694990402486814673e+03
1.718597975717764257e+03
1.745416486133283115e+03
1.775445933733371476e+03
1.808686318518029566e+03
1.845137640487256476e+03
1.884799899641053571e+03
1.927673095979419259e+03
1.973757229502355358e+03
2.023052300209860732e+03
2.075558308101934927e+03
2.131275253178579078e+03
2.190203135439791822e+03
2.252341954885574978e+03
2.317691711515927636e+03
2.386252405330849342e+03
2.458024036330340095e+03
2.533006604514401261e+03
2.611200109883031473e+03
2.692604552436231643e+03
2.777219932174000860e+03
2.865046249096337760e+03
2.956083503203245982e+03
3.050331694494724161e+03
3.147790822970771387e+03
3.248460888631387661e+03
3.352341891476574347e+03
3.459433831506326896e+03
3.569736708720652132e+03
3.683250523119547324e+03
3.799975274703011564e+03
3.919910963471044852e+03
4.043057589423644458e+03
4.169415152560817660e+03
4.298983652882559909e+03
4.431763090388871206e+03
4.567753465079751550e+03
4.706954776955199122e+03
4.849367026015218471e+03
4.994990212259808686e+03
5.143824335688967039e+03
5.295869396302695350e+03
5.451125394100989070e+03
5.609592329083857294e+03
5.771270201251292747e+03
5.936159010603299066e+03
6.104258757139874433e+03
6.275569440861016119e+03
6.450091061766730490e+03
6.627823619857013909e+03
6.808767115131868195e+03
6.992921547591289709e+03
7.180286917235278452e+03
7.370863224063840789e+03
7.564650468076972174e+03
7.761648649274671698e+03
7.961857767656943906e+03
8.165277823223777887e+03
8.371908815975186371e+03
8.581750745911165723e+03
8.794803613031714121e+03
9.011067417336831568e+03
9.230542158826512605e+03
9.453227837500769965e+03
9.679124453359596373e+03
9.908232006402991829e+03
1.014055049663095633e+04
1.037607992404348988e+04
1.061482028864058884e+04
1.085677159042226231e+04
1.110193382938850482e+04
1.135030700553931638e+04
1.160189111887469699e+04
1.185668616939464482e+04
1.211469215709916534e+04
1.237590908198825491e+04
1.264033694406191353e+04
1.290797574332014483e+04
1.317882547976293426e+04
1.345288615339030366e+04
1.373015776420224029e+04
1.401064031219874596e+04
1.429433379737982432e+04
1.458123821974546445e+04
1.487135357929567908e+04
1.516467987603046276e+04
1.546121710994981913e+04
1.576096528105374091e+04
1.606392438934222628e+04
1.637009443481528797e+04
1.667947541747292053e+04
1.699206733731512213e+04
1.730787019434189278e+04
1.762688398855322885e+04
1.794910871994913759e+04
1.827454438852961903e+04
1.860319099429466587e+04
1.893504853724428540e+04
1.927011701737846306e+04
1.960839643469722068e+04
1.994988678920055099e+04
2.029458808088844307e+04
2.064250030976090784e+04
2.099362347581793438e+04
2.134795757905954088e+04
2.170550261948571642e+04
2.206625859709646102e+04
2.243022551189176738e+04
2.279740336387164643e+04
2.316779215303609817e+04
2.354139187938511895e+04
2.391820254291870879e+04
2.429822414363686767e+04
2.468145668153959923e+04
2.506790015662688893e+04
2.545755456889875495e+04
