-6.315913076359169764e-01 1.199465688425068871e-01
-6.271840515318805043e-01 -9.582380421364405931e-02
-6.756979768656745655e-01 -3.465448690039541618e-02
-6.618427631123123822e-01 -8.819657620200685444e-02
-6.513440651138950876e-01 1.446575700529941777e-01
-5.291170636696379548e-01 2.968565821088342549e-01
-6.714950704297196760e-01 2.213236277810323380e-02
-6.272599671121577014e-01 6.937027385893899945e-02
-6.857459811435580033e-01 -1.837851752728311416e-01
-6.502836278535566450e-01 -5.896490831038601887e-02
-5.942797755648502323e-01 2.314616872643893708e-01
-6.444694566339927988e-01 4.420748085829963314e-02
-6.675099960260567622e-01 -1.062554836073865555e-01
-7.626678067249940129e-01 -1.517438867769368149e-01
-5.992881692220977108e-01 4.009703496052708371e-01
-5.305172026691848952e-01 5.444595782421620678e-01
-5.730408737196518443e-01 3.068915509795815955e-01
-6.036716428581849758e-01 1.182065354017562547e-01
-5.089740859215737823e-01 3.057465720824267819e-01
-6.122673883562717023e-01 2.342268589274352220e-01
-5.546423901677254298e-01 1.224002150288562296e-01
-5.744479081945758070e-01 1.981962349304993432e-01
-7.518577332169614769e-01 1.047675374125152381e-01
-5.057893211805920552e-01 3.786578027839110350e-02
-6.117609949773581413e-01 3.317945878929496467e-02
-5.934374690414961906e-01 -8.849152256102910119e-02
-5.610494295226919892e-01 6.354692321685487255e-02
-6.082588463387352817e-01 1.314036248602815371e-01
-6.128935767191658890e-01 9.580701268722470465e-02
-6.435834431034447300e-01 -3.945500506703224219e-02
-6.237755701966668509e-01 -6.595229411621217341e-02
-5.204581231782866579e-01 1.221952118670322218e-01
-6.785520182309452419e-01 3.555860594578322265e-01
-6.613731195433233401e-01 3.877634274346716814e-01
-6.213285658726973582e-01 -5.471089502256103881e-02
-6.490053106092145141e-01 -2.815289899174935363e-03
-5.935261924355844654e-01 1.806103382664255852e-01
-6.919777711878228876e-01 1.348028986467114665e-01
-7.027610212802192224e-01 -1.482910664953969726e-01
-6.146136049519949074e-01 8.100368369639122934e-02
-6.287459151000979185e-01 1.086165208712218805e-01
-5.351273120180329856e-01 4.581098092366913122e-01
-7.193587014011897374e-01 -7.668973820421939869e-02
-5.066062991016283545e-01 1.106481488771800803e-01
-5.356552870689842427e-01 2.357211660046580615e-01
-6.124185862801591052e-01 -1.059486753397942960e-01
-6.313825530288942334e-01 2.314950879468566924e-01
-6.795414999690168045e-01 -4.918470451614771061e-02
-6.086147931742773576e-01 2.152518901148947617e-01
-6.316529125408634204e-01 3.345685073201277310e-02
2.766807984153212274e-01 2.234448070110598428e-01
2.140937368899588633e-01 1.062348944134341028e-01
3.181187938329637643e-01 1.585241475957396839e-01
3.810528701893936554e-02 -3.305857139200513162e-01
2.537557270562358358e-01 -2.341525997568833298e-02
9.322927950557619026e-02 -1.305299445927616542e-01
2.473519914079823079e-01 1.321607256088425664e-01
-1.938935997258093846e-01 -3.466778221856519626e-01
2.025000557729120798e-01 5.817383915573079434e-02
-1.162271253219226280e-03 -2.339022887650216986e-01
-1.426297750362230388e-01 -4.895617821653831525e-01
1.318036516452618379e-01 -2.549602502879496496e-02
2.030204882725525350e-02 -3.747365436934539384e-01
1.863853066917406376e-01 -4.638551313081006738e-02
-2.044641322986114063e-02 -7.473019359122019811e-02
2.148110257943656731e-01 1.351626796161525812e-01
1.265055945494528433e-01 -8.301218777901230028e-02
-1.883695661271481483e-02 -1.467152475202938289e-01
2.362550077739299648e-01 -3.386145276262592096e-01
-2.485350859485322556e-02 -2.403865252346147618e-01
2.813621248448427981e-01 4.058265740797149107e-02
8.795285212965972543e-02 -5.597310692798511400e-02
2.723228003239179795e-01 -1.992174710980852137e-01
1.377546070044377569e-01 -8.267205271887034801e-02
1.496550394307547549e-01 2.682032378040968834e-02
2.066739903066996398e-01 8.155107425306157287e-02
2.830330717981274780e-01 7.252085031398798620e-02
3.677399494671378943e-01 6.028749854715616946e-02
1.824443885328181636e-01 -6.066647721437435498e-02
-8.665654389713797756e-02 -1.848623762684706573e-01
-4.178305920957328667e-02 -2.882047173949357499e-01
-7.904064964209094046e-02 -2.880720816185129984e-01
1.893162743124451874e-02 -1.403883776717457232e-01
2.778732525348459603e-01 -1.442133104943351396e-01
1.054537696534607605e-01 -1.229149664960688809e-01
1.781749651352550756e-01 1.651479335551676031e-01
2.760776624266074175e-01 1.190982572766947634e-01
1.812887719259575758e-01 -3.064582754040078849e-01
2.789684147359071040e-02 -4.765298301010487819e-02
3.115629406648525584e-02 -2.546714316889441831e-01
4.188597751599476560e-02 -2.248258154236676964e-01
1.713636225484090336e-01 -9.045867045701877149e-03
3.398596163293803041e-02 -1.830963487341744633e-01
-1.762043979459529675e-01 -3.712399385164528165e-01
5.561069542022293449e-02 -1.684809652487740950e-01
2.432417410421822829e-02 -3.537605368304562459e-02
5.660324465289901658e-02 -8.003503799356424808e-02
1.273237476455376938e-01 -9.754352939406964532e-03
-1.805871112495953112e-01 -2.861286620260369284e-01
5.143658884206895460e-02 -1.157202148425294369e-01
6.388815621576500181e-01 2.255066987556112457e-01
3.486270806113412335e-01 -1.915843021291997461e-01
6.350526122045921928e-01 3.953640905006317041e-02
4.169718339119365957e-01 -5.146425676438563801e-02
5.704827093082105449e-01 -2.473696768510495422e-04
7.955305611572478508e-01 5.135659657511618820e-02
1.248774716747322600e-01 -4.211611664675753430e-01
6.613452009824598576e-01 -4.648197624521593213e-02
5.140938312211000838e-01 -1.832968933513282328e-01
7.432956290507807262e-01 3.167149293154967182e-01
4.336991454417805647e-01 1.038485789305493984e-01
4.327817343821482310e-01 -1.067168371097756141e-01
5.452792141236736390e-01 4.547559176368866363e-02
3.639414622958854206e-01 -2.908963885896343471e-01
5.095012153085762829e-01 -2.620815929243408005e-01
5.257058210801466291e-01 1.380554626386815142e-01
4.243471573478847514e-01 1.037590676879579163e-02
7.736458567823698562e-01 4.445580045997795104e-01
8.989406630350121885e-01 -8.469816828760448613e-02
2.627802208346459722e-01 -3.495097777836203568e-01
6.270453904722473881e-01 1.350506399360494325e-01
3.414615387029265592e-01 -2.285697115256950240e-01
8.143855176366652238e-01 -4.341713187868046636e-02
3.538889240669181868e-01 -1.106535496440573807e-01
5.378032494705072830e-01 1.576016489878616367e-01
5.520273796432062507e-01 2.046613818081314817e-01
3.282945388085823923e-01 -8.716767630884947327e-02
3.205986402128809254e-01 -2.639688894829425592e-02
5.148189992586095221e-01 -8.158202639938098855e-02
5.283339551971912851e-01 3.103507724734696702e-02
6.789746272047847420e-01 -6.085132140635289566e-02
7.081403596544947332e-01 4.919728364069874682e-01
5.450966324309184374e-01 -8.775250395388269065e-02
2.811788575841570603e-01 -7.653255360720959133e-02
2.926062007605048088e-01 -2.262368533903426071e-01
8.040885385749770853e-01 1.002934630860372878e-01
5.574254864290857370e-01 2.548195220585970366e-01
4.099897793647497291e-01 3.940485320362235172e-02
2.998838279244926408e-01 -3.779852555509868178e-02
5.446316176325026737e-01 9.103361046965945114e-02
6.283717870094891467e-01 9.764529993540137232e-02
5.784885579289615887e-01 1.176667616098524272e-01
3.486270806113390130e-01 -1.915843021292326642e-01
6.345948597900730181e-01 1.272434924862192174e-01
6.575345800112211148e-01 1.946698645035190578e-01
5.687153582832330523e-01 5.496943076120834604e-02
4.043260280741068913e-01 -1.943884281759270527e-01
4.519458060709553582e-01 1.674355902708623764e-02
4.962727086737635518e-01 2.443740719010469575e-01
3.209826917690964954e-01 -5.943105729451327729e-02
