1.117400000000000000e+04
1.072902304324281431e+04
1.030010563088408162e+04
9.887247762923801929e+03
9.490449439361973418e+03
9.109710660198596088e+03
8.745031425433673576e+03
8.396411735067202244e+03
8.063851589099181183e+03
7.747350987529614031e+03
7.446909930358498968e+03
7.162528417585835996e+03
6.894206449211624204e+03
6.641944025235866320e+03
6.405741145658559617e+03
6.185597810479705004e+03
5.981514019699302480e+03
5.793489773317352956e+03
5.621525071333853703e+03
5.465619913748809267e+03
5.325774300562215103e+03
5.201988231774073938e+03
5.094261707384384863e+03
5.002594727393146968e+03
4.926987291800362073e+03
4.867439400606030176e+03
4.823951053810149460e+03
4.796522251412720834e+03
4.785152993413745207e+03
4.789843279813220761e+03
4.810593110611149314e+03
4.847402485807529956e+03
4.900271405402361779e+03
4.969199869395646601e+03
5.054187877787383513e+03
5.155235430577573425e+03
5.272342527766213607e+03
5.405509169353306788e+03
5.554735355338852060e+03
5.720021085722851240e+03
5.901366360505300690e+03
6.098771179686202231e+03
6.312235543265556771e+03
6.541759451243362491e+03
6.787342903619623030e+03
7.048985900394332930e+03
7.326688441567494920e+03
7.620450527139110818e+03
7.930272157109178806e+03
8.256153331477698885e+03
8.598094050244668324e+03
8.956094313410092582e+03
9.330154120973971658e+03
9.720273472936296457e+03
1.012645236929707789e+04
1.054869081005631233e+04
1.098698879521399431e+04
1.144134632477013474e+04
1.191176339872472090e+04
1.239824001707776188e+04
1.290077617982925949e+04
1.341937188697919919e+04
1.395402713852759916e+04
1.450474193447444850e+04
1.507151627481975083e+04
1.565435015956350981e+04
1.625324358870571086e+04
1.686819656224637220e+04
1.749920908018547925e+04
1.814628114252304658e+04
1.880941274925906328e+04
1.948860390039352933e+04
2.018385459592644838e+04
2.089516483585781680e+04
2.162253462018764549e+04
2.236596394891592354e+04
2.312545282204264367e+04
2.390100123956783136e+04
2.469260920149146114e+04
2.550027670781354391e+04
2.632400375853408696e+04
2.716379035365306845e+04
2.801963649317051386e+04
2.889154217708640863e+04
2.977950740540074912e+04
3.068353217811355353e+04
3.160361649522479638e+04
3.253976035673449951e+04
3.349196376264265564e+04
3.446022671294925385e+04
3.544454920765432325e+04
3.644493124675782747e+04
3.746137283025979559e+04
3.849387395816022035e+04
3.954243463045907265e+04
4.060705484715639614e+04
4.168773460825216898e+04
4.278447391374639119e+04
4.389727276363907731e+04
4.502613115793019824e+04
4.617104909661976853e+04
4.733202657970780274e+04
4.850906360719429358e+04
4.970216017907923379e+04
5.091131629536263063e+04
5.213653195604446228e+04
5.337780716112474329e+04
5.463514191060350277e+04
5.590853620448070433e+04
5.719799004275636980e+04
5.850350342543046281e+04
5.982507635250300518e+04
6.116270882397401147e+04
6.251640083984348166e+04
6.388615240011138667e+04
6.527196350477776286e+04
6.667383415384255932e+04
6.809176434730582696e+04
6.952575408516754396e+04
7.097580336742772488e+04
7.244191219408635516e+04
7.392408056514340569e+04
7.542230848059894925e+04
7.693659594045292761e+04
7.846694294470536988e+04
8.001334949335626152e+04
8.157581558640557341e+04
8.315434122385337832e+04
8.474892640569961804e+04
8.635957113194430713e+04
8.798627540258746012e+04
8.962903921762903337e+04
9.128786257706908509e+04
9.296274548090760072e+04
9.465368792914456571e+04
9.636068992177999462e+04
9.808375145881381468e+04
9.982287254024611320e+04
1.015780531660769047e+05
1.033492933363061311e+05
1.051365930509337923e+05
1.069399523099598737e+05
1.087593711133844627e+05
1.105948494612075010e+05
1.124463873534289596e+05
1.143139847900489258e+05
1.161976417710672540e+05
1.180973582964841044e+05
1.200131343662993895e+05
1.219449699805131531e+05
1.238928651391253370e+05
1.258568198421359848e+05
1.278368340895450383e+05
1.298329078813525994e+05
1.318450412175586098e+05
1.338732340981630841e+05
1.359174865231659787e+05
1.379777984925672936e+05
1.400541700063671160e+05
1.421466010645653878e+05
1.442550916671620798e+05
1.463796418141572503e+05
1.485202515055508702e+05
1.506769207413429394e+05
1.528496495215334580e+05
1.550384378461224260e+05
1.572432857151098724e+05
1.594641931284957100e+05
1.617011600862800260e+05
1.639541865884628496e+05
1.662232726350440644e+05
1.685084182260237576e+05
1.708096233614018711e+05
1.731268880411784630e+05
1.754602122653535043e+05
1.778095960339270241e+05
1.801750393468989641e+05
1.825565422042693244e+05
1.849541046060381923e+05
1.873677265522055095e+05
1.897974080427712761e+05
1.922431490777354920e+05
1.947049496570981282e+05
1.971828097808592720e+05
1.996767294490188069e+05
2.021867086615768494e+05
2.047127474185333122e+05
2.072548457198881661e+05
2.098130035656415857e+05
2.123872209557934257e+05
2.149774978903436859e+05
2.175838343692924245e+05
2.202062303926395543e+05
2.228446859603851917e+05
2.254992010725293076e+05
2.281697757290718728e+05
2.308564099300128582e+05
2.335591036753523222e+05
2.362778569650901482e+05
2.390126697992264817e+05
