-1.025583792027446040e-01 1.176638304686697780e-03
-7.738619181078629228e-02 1.797541144794213841e-02
-6.247045415824414860e-02 4.272961512432399411e-02
-5.628370686996835015e-02 8.198869375117179281e-02
-9.604924425533807597e-02 2.013711751664691574e-02
-1.458543613049228527e-01 6.650162436814482936e-02
-6.255618914154327526e-02 1.086662912119469998e-01
-9.447416415673988432e-02 2.726896218399565280e-02
-3.442287350477183511e-02 9.467307726717351379e-02
-7.805880525186578711e-02 3.367634147546906109e-03
-1.326646214435113769e-01 -2.745076938318049414e-02
-7.988081416332853957e-02 7.232176527526495979e-02
-6.617965469040296145e-02 3.126448531778539593e-03
-1.926020703936508552e-02 4.334130514848873184e-02
-1.651626754570958422e-01 -1.216707651929726797e-01
-1.754770220569933648e-01 7.426317557946621184e-03
-1.382644902740068071e-01 1.383460537798994472e-02
-1.055195074475577255e-01 3.196862539271564524e-02
-1.658931857586566361e-01 -1.513689027557493273e-02
-1.126257969897775657e-01 5.418774526053937030e-02
-1.312507351744786055e-01 -1.016962500838806092e-02
-1.138506513064270753e-01 8.196227730847334414e-02
-5.547773772214132509e-02 3.124219521395315419e-02
-1.136616193540438136e-01 1.270179537311997287e-01
-8.557321743651556678e-02 1.118220295178811302e-01
-8.942653620181446883e-02 2.836589677115439537e-02
-1.022938884040951457e-01 1.020196911075923057e-01
-1.127012558360438316e-01 -1.599631119639919078e-03
-1.090675141501512152e-01 -1.778384090727365419e-02
-6.816285743143118969e-02 8.222987936694017841e-02
-7.467199237883771767e-02 6.326940015497996284e-02
-1.333780561486468397e-01 2.508083967259241986e-02
-1.201577711602123399e-01 -1.428688796709889908e-02
-1.476939322021705581e-01 -4.147327310210945778e-02
-8.101993349667890865e-02 3.415962123557586549e-02
-8.530921302722561939e-02 -1.826621213881053640e-02
-1.336425469472962979e-01 -7.576221313031317184e-02
-8.484270713495481453e-02 5.288154600483178577e-03
-3.426167967520644259e-02 8.452377755972979856e-02
-1.027195730323100242e-01 1.132593801213043795e-02
-9.537663081425858114e-02 3.474489481704214761e-02
-3.331429929844445526e-02 7.825055519522851333e-02
-3.773422753153365256e-02 9.055868763991979653e-02
-1.099524188218850007e-01 1.666211203237452088e-01
-1.231767962655067328e-01 1.376467513387232278e-01
-7.210191118002920452e-02 6.471042270783644579e-02
-1.115621365026934625e-01 3.656251292004915332e-02
-5.612251304040294375e-02 7.183939404372806370e-02
-1.244192125679411814e-01 -1.150774521131513704e-02
-9.084042247084725408e-02 1.108475239636190317e-02
-3.521623009969019891e-01 4.932135656440869154e-01
-3.018560404728361513e-01 5.933301882682299189e-01
-3.489366819534394093e-01 5.632646313589635412e-01
-1.966112999609607170e-01 5.822425625404110683e-01
-3.050538213934808618e-01 5.784840986835234622e-01
-2.312708261415641620e-01 6.312775631348491734e-01
-3.021029692857006288e-01 6.694161640632967369e-01
-1.267094615971608718e-01 4.963749181148395806e-01
-3.091132477075883567e-01 5.039745553756953544e-01
-1.798838295339887650e-01 6.597666875568770628e-01
-1.318047102755346145e-01 4.946955832776718798e-01
-2.514640449654710341e-01 6.275101348047501526e-01
-2.272186856762086760e-01 4.071340253769026862e-01
-2.727447993322795750e-01 6.276484180705894644e-01
-2.076844813745964691e-01 5.317372496189610720e-01
-3.199973971688408469e-01 4.985249188769715900e-01
-2.324202216119474196e-01 7.148394715629623475e-01
-2.213067053236152937e-01 4.672741036686470784e-01
-2.680024834400597245e-01 5.950416862110106120e-01
-2.005095324455028194e-01 4.975837195251391343e-01
-2.752047841026116770e-01 8.049215346342594168e-01
-2.547651228551997549e-01 5.016716927096944723e-01
-2.890465851310367040e-01 6.408180461495852631e-01
-2.650862689144897200e-01 5.630469888544364920e-01
-2.869300266832610635e-01 4.963603394768095756e-01
-3.100157143651070535e-01 5.114504880087419325e-01
-3.306238552908362105e-01 5.261965485749761084e-01
-3.385293145214907096e-01 6.668839535861957879e-01
-2.636655831860645893e-01 6.480499198354060519e-01
-1.999402159735074735e-01 4.011991443151849412e-01
-1.886303818840400492e-01 4.973425339093706654e-01
-1.837717858814979233e-01 4.533837920738029714e-01
-2.234340262977835001e-01 5.025245683496274429e-01
-2.745389701209245970e-01 7.518075253284774995e-01
-2.159294038608071120e-01 7.467255199066927807e-01
-2.753080810716957427e-01 6.939291821239100821e-01
-3.286509286868410373e-01 5.688171702076166847e-01
-2.701644419964381871e-01 5.073653881556438039e-01
-2.189080940914051310e-01 6.005884783967495588e-01
-2.000838478172879409e-01 5.882774726206010385e-01
-2.064488645315544768e-01 6.131699595628220534e-01
-2.725836055027141547e-01 6.174991183631457492e-01
-2.235952201273489204e-01 5.126738680570712692e-01
-1.332185965445674136e-01 4.774144389028793789e-01
-2.155967400646433274e-01 6.047028680240033038e-01
-2.260898424798912232e-01 5.670202218843939379e-01
-2.273146967965407328e-01 5.947947539323279464e-01
-2.704392089321206449e-01 5.282463878205402308e-01
-1.422052782480908439e-01 4.587980476566169696e-01
-2.236809551106481164e-01 5.786105441446942610e-01
-3.534202043394959469e-01 1.117711859573560673e+00
-2.669315371042235152e-01 8.760695349362950246e-01
-4.004326728225849896e-01 8.447805979786991992e-01
-3.181573398822335474e-01 8.374311108068231979e-01
-3.520238800562480730e-01 9.580639753503810141e-01
-4.549419915045389007e-01 8.572327603521439077e-01
-1.719432463317644988e-01 8.729373397416021474e-01
-4.138937029420383107e-01 7.701681523209416014e-01
-3.479888151873178903e-01 7.879227034540595698e-01
-4.347351737618473377e-01 9.964437618945969355e-01
-3.362918971188459394e-01 8.103476280217418726e-01
-3.201989258731027244e-01 8.067448994001805707e-01
-3.681065751649583717e-01 8.399426515041400476e-01
-2.562772408594102824e-01 9.036028813684604533e-01
-2.834734522564527626e-01 1.033046925416534867e+00
-3.407248084931732146e-01 9.450001229527713598e-01
-3.344869638038084902e-01 7.953957627556489385e-01
-4.819361878079600481e-01 9.093881183366063770e-01
-4.678569644302678632e-01 9.303041544385726169e-01
-2.609990044775644114e-01 6.927615082924347689e-01
-3.895417239019400846e-01 9.179520210835999672e-01
-2.513431860106019045e-01 9.154315159130721469e-01
-4.586511920366976858e-01 8.176295937595984276e-01
-3.014025177218033202e-01 7.392289174938622143e-01
-3.688649235893370903e-01 8.912715502913677312e-01
-4.051647125777719793e-01 7.556632773704756723e-01
-2.929959150166677184e-01 7.450226419582836046e-01
-2.901205217551536819e-01 7.801673309578778248e-01
-3.335498595640795649e-01 9.108465928589497551e-01
-3.919749727163605590e-01 6.617108836191503141e-01
-4.195690306188000762e-01 7.556661507019326596e-01
-4.868123457962871270e-01 7.764178315742015224e-01
-3.365109878088927142e-01 9.416385799469786377e-01
-2.980503424309855487e-01 6.762039207649477301e-01
-2.846131873673498625e-01 7.370968456781530342e-01
-4.596223180810902198e-01 8.370399366186427326e-01
-3.446054789919303918e-01 1.037270308535471974e+00
-3.279778288564019761e-01 8.143562419676091402e-01
-2.799776451218545792e-01 7.829436003822041190e-01
-3.761907902109631885e-01 8.138503276248310048e-01
-3.723782927097202822e-01 9.644458467277258196e-01
-3.764206434274023905e-01 8.359340375582725580e-01
-2.669315371042235152e-01 8.760695349362950246e-01
-3.850912505418279119e-01 9.602285547505426955e-01
-3.807094365685895765e-01 1.014439498643483484e+00
-3.600910195058275032e-01 8.779693856094469284e-01
-3.027885658680182224e-01 7.771527492492398270e-01
-3.347168170202477477e-01 8.174794726890907137e-01
-3.296040063560890521e-01 9.960878361242306855e-01
-2.774246395194714943e-01 8.383868887966855477e-01
