1.117400000000000000e+04
1.115376774067613042e+04
1.113356811735103111e+04
1.111340113002470025e+04
1.109326677869714331e+04
1.107316506336835300e+04
1.105309598403833661e+04
1.103305954070708867e+04
1.101305573337461101e+04
1.099308456204090362e+04
1.097314602670596651e+04
1.095324012736979967e+04
1.093336686403240492e+04
1.091352623669377863e+04
1.089371824535392261e+04
1.087394289001283687e+04
1.085420017067052322e+04
1.083449008732697803e+04
1.081481263998220311e+04
1.079516782863620028e+04
1.077555565328896773e+04
1.075597611394050364e+04
1.073642921059080982e+04
1.071691494323988809e+04
1.069743331188773482e+04
1.067798431653435364e+04
1.065856795717974092e+04
1.063918423382390029e+04
1.061983314646682993e+04
1.060051469510852803e+04
1.058122887974899641e+04
1.056197570038823687e+04
1.054275515702624762e+04
1.052356724966302863e+04
1.050441197829857811e+04
1.048528934293289967e+04
1.046619934356599151e+04
1.044714198019785363e+04
1.042811725282848420e+04
1.040912516145788686e+04
1.039016570608605980e+04
1.037123888671300301e+04
1.035234470333871650e+04
1.033348315596320026e+04
1.031465424458645430e+04
1.029585796920847861e+04
1.027709432982927319e+04
1.025836332644883805e+04
1.023966495906717319e+04
1.022099922768427859e+04
1.020236613230015428e+04
1.018376567291480205e+04
1.016519784952821828e+04
1.014666266214040661e+04
1.012816011075136157e+04
1.010969019536109045e+04
1.009125291596958778e+04
1.007284827257685538e+04
1.005447626518289508e+04
1.003613689378770323e+04
1.001783015839128166e+04
9.999556058993632178e+03
9.981314595594751154e+03
9.963105768194640405e+03
9.944929576793301749e+03
9.926786021390733367e+03
9.908675101986933441e+03
9.890596818581905609e+03
9.872551171175648051e+03
9.854538159768158948e+03
9.836557784359440120e+03
9.818610044949495204e+03
9.800694941538316925e+03
9.782812474125908921e+03
9.764962642712274828e+03
9.747145447297407372e+03
9.729360887881312010e+03
9.711608964463986922e+03
9.693889677045430290e+03
9.676203025625647570e+03
9.658549010204631486e+03
9.640927630782389315e+03
9.623338887358913780e+03
9.605782779934210339e+03
9.588259308508277172e+03
9.570768473081114280e+03
9.553310273652721662e+03
9.535884710223099319e+03
9.518491782792247250e+03
9.501131491360167274e+03
9.483803835926853935e+03
9.466508816492314509e+03
9.449246433056543538e+03
9.432016685619542841e+03
9.414819574181312419e+03
9.397655098741852271e+03
9.380523259301164217e+03
9.363424055859244618e+03
9.346357488416095293e+03
9.329323556971718062e+03
9.312322261526111106e+03
9.295353602079272605e+03
9.278417578631204378e+03
9.261514191181908245e+03
9.244643439731378749e+03
9.227805324279623164e+03
9.210999844826637855e+03
9.194227001372422819e+03
9.177486793916976239e+03
9.160779222460299934e+03
9.144104287002395722e+03
9.127461987543261785e+03
9.110852324082898122e+03
9.094275296621302914e+03
9.077730905158477981e+03
9.061219149694426960e+03
9.044740030229142576e+03
9.028293546762630285e+03
9.011879699294888269e+03
8.995498487825916527e+03
8.979149912355715060e+03
8.962833972884283867e+03
8.946550669411622948e+03
8.930300001937732304e+03
8.914081970462611935e+03
8.897896574986261840e+03
8.881743815508682019e+03
8.865623692029872473e+03
8.849536204549833201e+03
8.833481353068564204e+03
8.817459137586065481e+03
8.801469558102337032e+03
8.785512614617378858e+03
8.769588307131190959e+03
8.753696635643773334e+03
8.737837600155127802e+03
8.722011200665250726e+03
8.706217437174145743e+03
8.690456309681809216e+03
8.674727818188242964e+03
8.659031962693448804e+03
8.643368743197423100e+03
8.627738159700169490e+03
8.612140212201684335e+03
8.596574900701969455e+03
8.581042225201024849e+03
8.565542185698854155e+03
8.550074782195450098e+03
8.534640014690816315e+03
8.519237883184954626e+03
8.503868387677863211e+03
8.488531528169540252e+03
8.473227304659989386e+03
8.457955717149208795e+03
8.442716765637196659e+03
8.427510450123956616e+03
8.412336770609486848e+03
8.397195727093785536e+03
8.382087319576858135e+03
8.367011548058697372e+03
8.351968412539308702e+03
8.336957913018690306e+03
8.321980049496840365e+03
8.307034821973764338e+03
8.292122230449456765e+03
8.277242274923919467e+03
8.262394955397152444e+03
8.247580271869155695e+03
8.232798224339929220e+03
8.218048812809473020e+03
8.203332037277787094e+03
8.188647897744871443e+03
8.173996394210726066e+03
8.159377526675352783e+03
8.144791295138747955e+03
8.130237699600913402e+03
8.115716740061849123e+03
8.101228416521555118e+03
8.086772728980033207e+03
8.072349677437280661e+03
8.057959261893298390e+03
8.043601482348085483e+03
8.029276338801642851e+03
8.014983831253971402e+03
8.000723959705070229e+03
7.986496724154940239e+03
7.972302124603579614e+03
7.958140161050989263e+03
7.944010833497168278e+03
7.929914141942118476e+03
7.915850086385839859e+03
7.901818666828329697e+03
7.887819883269591628e+03
7.873853735709624743e+03
7.859920224148425405e+03
7.846019348585998159e+03
7.832151109022341188e+03
7.818315505457452673e+03
7.804512537891338070e+03
7.790742206323990104e+03
