-1.812104797363281250e+01 -2.853209972381591797e+00
-1.638591003417968750e+01 -2.224710464477539062e+00
-1.670209312438964844e+01 -3.073779344558715820e+00
-1.630535888671875000e+01 -3.012777328491210938e+00
-1.825279045104980469e+01 -3.273891925811767578e+00
-1.948158645629882812e+01 -3.067090749740600586e+00
-1.709613418579101562e+01 -3.573837041854858398e+00
-1.762487220764160156e+01 -2.852073907852172852e+00
-1.571417903900146484e+01 -2.745592355728149414e+00
-1.669717597961425781e+01 -2.328648805618286133e+00
-1.900884246826171875e+01 -2.638415336608886719e+00
-1.735346984863281250e+01 -3.245658397674560547e+00
-1.618464660644531250e+01 -2.424911022186279297e+00
-1.575482654571533203e+01 -3.148188829421997070e+00
-1.990868377685546875e+01 -2.674693107604980469e+00
-2.022570610046386719e+01 -3.108767747879028320e+00
-1.948841857910156250e+01 -2.989848136901855469e+00
-1.815543746948242188e+01 -2.877023458480834961e+00
-1.950923347473144531e+01 -2.502360343933105469e+00
-1.894636535644531250e+01 -3.361600637435913086e+00
-1.826016616821289062e+01 -2.128168821334838867e+00
-1.870936584472656250e+01 -3.316604852676391602e+00
-1.758561706542968750e+01 -3.938101291656494141e+00
-1.762919044494628906e+01 -2.036659479141235352e+00
-1.734062576293945312e+01 -3.322465896606445312e+00
-1.657187652587890625e+01 -2.035790681838989258e+00
-1.771018791198730469e+01 -2.866159200668334961e+00
-1.828226280212402344e+01 -2.633582115173339844e+00
-1.793561363220214844e+01 -2.398437261581420898e+00
-1.672957420349121094e+01 -3.043627977371215820e+00
-1.659510421752929688e+01 -2.652191638946533203e+00
-1.830823135375976562e+01 -2.112074375152587891e+00
-1.970352935791015625e+01 -3.512410879135131836e+00
-1.999023628234863281e+01 -3.178605556488037109e+00
-1.674816131591796875e+01 -2.391125917434692383e+00
-1.709233474731445312e+01 -2.324414968490600586e+00
-1.868014526367187500e+01 -2.229335546493530273e+00
-1.805298233032226562e+01 -3.524321556091308594e+00
-1.586573600769042969e+01 -2.996430635452270508e+00
-1.778034591674804688e+01 -2.581866741180419922e+00
-1.797618865966796875e+01 -3.159203052520751953e+00
-1.516865730285644531e+01 -2.388464689254760742e+00
-1.630663299560546875e+01 -3.462099552154541016e+00
-1.818157577514648438e+01 -3.760796308517456055e+00
-1.902052116394042969e+01 -3.565555810928344727e+00
-1.623892402648925781e+01 -2.407457351684570312e+00
-1.894726753234863281e+01 -3.347720146179199219e+00
-1.657923316955566406e+01 -3.245537996292114258e+00
-1.889926528930664062e+01 -2.780587196350097656e+00
-1.734963989257812500e+01 -2.585915803909301758e+00
8.600772857666015625e+00 7.320528030395507812e-01
7.734506130218505859e+00 1.460416674613952637e+00
8.676164627075195312e+00 9.892454147338867188e-01
3.629045248031616211e+00 5.567005276679992676e-01
7.343425750732421875e+00 1.110310792922973633e+00
5.067268848419189453e+00 1.511541128158569336e+00
7.870760917663574219e+00 1.873526334762573242e+00
2.763288736343383789e+00 7.782241702079772949e-01
7.420680046081542969e+00 7.762729525566101074e-01
3.755366563796997070e+00 1.768711090087890625e+00
2.718553066253662109e+00 4.819901287555694580e-01
5.860415458679199219e+00 2.040003061294555664e+00
4.053437709808349609e+00 -9.209266304969787598e-02
6.440783977508544922e+00 1.535552144050598145e+00
4.402951240539550781e+00 1.803529262542724609e+00
7.999795913696289062e+00 8.515287637710571289e-01
5.479406833648681641e+00 2.361448287963867188e+00
4.446948051452636719e+00 7.601475119590759277e-01
5.533586025238037109e+00 -4.033485949039459229e-01
3.840364694595336914e+00 7.449635863304138184e-01
7.282007694244384766e+00 3.019405603408813477e+00
5.505363464355468750e+00 1.121887564659118652e+00
6.480149269104003906e+00 2.130349278450012207e-01
5.910431861877441406e+00 1.043323397636413574e+00
6.748646259307861328e+00 1.012872338294982910e+00
7.645246028900146484e+00 9.140189886093139648e-01
7.918561935424804688e+00 6.538385152816772461e-01
8.957054138183593750e+00 1.779978156089782715e+00
6.259498596191406250e+00 1.862692713737487793e+00
3.815242290496826172e+00 6.256893873214721680e-01
3.531780481338500977e+00 6.730920076370239258e-01
3.429509878158569336e+00 5.632377266883850098e-01
4.542526245117187500e+00 1.029596805572509766e+00
7.199208259582519531e+00 2.369502305984497070e+00
5.105735301971435547e+00 2.499557495117187500e+00
6.745911121368408203e+00 2.683489322662353516e+00
8.280790328979492188e+00 1.096782207489013672e+00
5.350663661956787109e+00 -2.671955823898315430e-01
4.903413295745849609e+00 1.990619063377380371e+00
3.809963464736938477e+00 1.137074112892150879e+00
4.090625286102294922e+00 1.222450256347656250e+00
6.452529430389404297e+00 1.646319150924682617e+00
4.422754287719726562e+00 8.225054740905761719e-01
2.797163486480712891e+00 6.927567124366760254e-01
4.441958427429199219e+00 1.405857801437377930e+00
5.018927574157714844e+00 1.788110017776489258e+00
5.020181655883789062e+00 1.698510527610778809e+00
6.161044597625732422e+00 1.234175920486450195e+00
2.875283002853393555e+00 8.988670706748962402e-01
4.773862838745117188e+00 1.473813056945800781e+00
1.122535133361816406e+01 4.452453613281250000e+00
7.827736854553222656e+00 3.779489278793334961e+00
1.136475753784179688e+01 2.712031841278076172e+00
9.079915046691894531e+00 2.850966215133666992e+00
1.047816753387451172e+01 3.653692960739135742e+00
1.207265186309814453e+01 2.251116752624511719e+00
3.539157390594482422e+00 2.463587999343872070e+00
1.149943447113037109e+01 1.907485485076904297e+00
9.771119117736816406e+00 2.018557786941528320e+00
1.223744869232177734e+01 3.651116847991943359e+00
1.008349800109863281e+01 3.168392896652221680e+00
8.948307991027832031e+00 3.115640163421630859e+00
1.067479133605957031e+01 3.090454816818237305e+00
7.775800704956054688e+00 4.156272411346435547e+00
8.925812721252441406e+00 4.522325038909912109e+00
1.067392826080322266e+01 4.105089664459228516e+00
9.467663764953613281e+00 2.651203155517578125e+00
1.271584033966064453e+01 3.183332204818725586e+00
1.227300930023193359e+01 1.959277868270874023e+00
5.683362960815429688e+00 -4.062058925628662109e-01
1.140538692474365234e+01 3.496586084365844727e+00
7.677157402038574219e+00 4.014797687530517578e+00
1.206637287139892578e+01 1.968339085578918457e+00
8.327516555786132812e+00 2.857580423355102539e+00
1.106282138824462891e+01 3.431487560272216797e+00
1.127826213836669922e+01 2.134661197662353516e+00
8.094664573669433594e+00 2.860206842422485352e+00
7.928653240203857422e+00 2.864444971084594727e+00
9.705927848815917969e+00 3.551185846328735352e+00
1.090817451477050781e+01 1.631730437278747559e+00
1.160875225067138672e+01 1.952431201934814453e+00
1.276948070526123047e+01 3.086450576782226562e+00
9.893521308898925781e+00 3.768553495407104492e+00
7.282313823699951172e+00 1.631035566329956055e+00
6.681759357452392578e+00 2.366871833801269531e-01
1.214258766174316406e+01 2.475012302398681641e+00
1.109637832641601562e+01 4.451388835906982422e+00
9.424151420593261719e+00 2.694999933242797852e+00
7.641606807708740234e+00 2.964523077011108398e+00
1.089732265472412109e+01 3.076367616653442383e+00
1.112894248962402344e+01 3.825846195220947266e+00
1.106474685668945312e+01 3.510696172714233398e+00
7.827736854553222656e+00 3.779489278793334961e+00
1.139058685302734375e+01 3.591109991073608398e+00
1.147108650207519531e+01 4.065012931823730469e+00
1.068630409240722656e+01 3.659662961959838867e+00
8.480345726013183594e+00 3.406991481781005859e+00
9.818637847900390625e+00 3.141047477722167969e+00
1.083745956420898438e+01 4.512427806854248047e+00
7.686411380767822266e+00 3.155029058456420898e+00
