1.741896629333496094e+01 6.271783351898193359e+00
1.928395843505859375e+01 7.576426982879638672e+00
1.905580139160156250e+01 6.831336975097656250e+00
1.936460876464843750e+01 6.837519645690917969e+00
1.722737503051757812e+01 6.095609664916992188e+00
1.627315521240234375e+01 5.531114578247070312e+00
1.844771575927734375e+01 6.323273658752441406e+00
1.786965751647949219e+01 6.619296550750732422e+00
1.982143974304199219e+01 7.046430110931396484e+00
1.908717155456542969e+01 7.344585895538330078e+00
1.654159355163574219e+01 6.049947738647460938e+00
1.814998435974121094e+01 6.449710369110107422e+00
1.933752059936523438e+01 7.465934276580810547e+00
1.968608665466308594e+01 6.959792137145996094e+00
1.607675170898437500e+01 5.456226825714111328e+00
1.603157043457031250e+01 5.549511909484863281e+00
1.628058242797851562e+01 5.563557624816894531e+00
1.752896308898925781e+01 6.588043212890625000e+00
1.622028923034667969e+01 5.543541431427001953e+00
1.629251098632812500e+01 5.949592590332031250e+00
1.692234420776367188e+01 6.515226364135742188e+00
1.644721984863281250e+01 5.964182853698730469e+00
1.795079421997070312e+01 6.116901397705078125e+00
1.736370086669921875e+01 6.846228122711181641e+00
1.811215782165527344e+01 6.472846984863281250e+00
1.931145286560058594e+01 7.593768119812011719e+00
1.756692886352539062e+01 6.761848926544189453e+00
1.707492828369140625e+01 6.427542686462402344e+00
1.715861511230468750e+01 6.533442020416259766e+00
1.903315162658691406e+01 7.008495807647705078e+00
1.922284698486328125e+01 7.288390636444091797e+00
1.705273246765136719e+01 6.667309761047363281e+00
1.646153831481933594e+01 5.630552768707275391e+00
1.610663032531738281e+01 5.426254272460937500e+00
1.917340278625488281e+01 7.498083591461181641e+00
1.869057464599609375e+01 7.248446464538574219e+00
1.687605094909667969e+01 6.416684627532958984e+00
1.761873435974121094e+01 6.083415031433105469e+00
1.958982849121093750e+01 7.014091014862060547e+00
1.752698135375976562e+01 6.568520545959472656e+00
1.755717277526855469e+01 6.326764106750488281e+00
1.952971458435058594e+01 6.956264019012451172e+00
1.943875312805175781e+01 6.778884887695312500e+00
1.725623512268066406e+01 6.957785129547119141e+00
1.623966407775878906e+01 6.009000778198242188e+00
1.931533241271972656e+01 7.437240600585937500e+00
1.640254402160644531e+01 5.865572929382324219e+00
1.921322822570800781e+01 6.755762100219726562e+00
1.653836631774902344e+01 6.088956356048583984e+00
1.794951629638671875e+01 6.726299762725830078e+00
-1.224685549736022949e+00 9.163131713867187500e+00
-1.481659889221191406e+00 9.531096458435058594e+00
-1.349480152130126953e+00 9.104681015014648438e+00
-1.511730790138244629e+00 1.264314079284667969e+01
-1.203994870185852051e+00 9.856532096862792969e+00
-1.247630953788757324e+00 1.160999202728271484e+01
-1.844251632690429688e+00 9.539725303649902344e+00
-1.127891778945922852e+00 1.328524684906005859e+01
-9.774287939071655273e-01 9.769385337829589844e+00
-1.451715469360351562e+00 1.219792461395263672e+01
-1.353416204452514648e+00 1.323956203460693359e+01
-1.113877534866333008e+00 1.084512233734130859e+01
-1.653799176216125488e+00 1.298157405853271484e+01
-1.518566131591796875e+00 1.022243118286132812e+01
-9.715182185173034668e-01 1.181413269042968750e+01
-1.257054924964904785e+00 9.384746551513671875e+00
-9.989270567893981934e-01 1.124648475646972656e+01
-9.269886016845703125e-01 1.251623821258544922e+01
-2.743381738662719727e+00 1.096770381927490234e+01
-1.370303034782409668e+00 1.272708129882812500e+01
-2.547301769256591797e+00 9.420357704162597656e+00
-1.299377322196960449e+00 1.080914878845214844e+01
-2.802601337432861328e+00 1.058421325683593750e+01
-1.486628532409667969e+00 1.044686031341552734e+01
-1.248809218406677246e+00 1.006109428405761719e+01
-1.148540973663330078e+00 9.567338943481445312e+00
-1.080108642578125000e+00 9.654463768005371094e+00
-1.798767209053039551e+00 8.997461318969726562e+00
-1.350358605384826660e+00 1.053899002075195312e+01
-9.520931243896484375e-01 1.281148910522460938e+01
-1.550876855850219727e+00 1.278719139099121094e+01
-1.359253764152526855e+00 1.291100597381591797e+01
-9.462782740592956543e-01 1.216849994659423828e+01
-2.951999187469482422e+00 1.006819629669189453e+01
-9.138426780700683594e-01 1.131774139404296875e+01
-1.995125174522399902e+00 9.689270973205566406e+00
-1.431353926658630371e+00 9.194967269897460938e+00
-2.663662672042846680e+00 1.106627941131591797e+01
-8.333083391189575195e-01 1.155215358734130859e+01
-1.450186610221862793e+00 1.242597389221191406e+01
-1.174126863479614258e+00 1.226195335388183594e+01
-1.243366479873657227e+00 1.039171409606933594e+01
-1.124197721481323242e+00 1.241813182830810547e+01
-1.210330605506896973e+00 1.305945396423339844e+01
-1.185356736183166504e+00 1.207802963256835938e+01
-8.674826025962829590e-01 1.156598281860351562e+01
-1.118305683135986328e+00 1.165630435943603516e+01
-1.203673481941223145e+00 1.036838817596435547e+01
-1.177852511405944824e+00 1.309232330322265625e+01
-1.006031751632690430e+00 1.171419525146484375e+01
-5.356944561004638672e+00 7.979134559631347656e+00
-3.452262639999389648e+00 9.434249877929687500e+00
-4.763449192047119141e+00 6.917155742645263672e+00
-3.685062170028686523e+00 8.707432746887207031e+00
-4.517398357391357422e+00 7.967226982116699219e+00
-5.087235927581787109e+00 6.460504055023193359e+00
-1.588078022003173828e+00 1.225354003906250000e+01
-4.691167354583740234e+00 6.323994159698486328e+00
-4.013858795166015625e+00 8.996392250061035156e+00
-5.361313819885253906e+00 7.374869346618652344e+00
-4.308819770812988281e+00 7.834090232849121094e+00
-3.778203248977661133e+00 9.066072463989257812e+00
-4.586407184600830078e+00 7.414908409118652344e+00
-3.575676202774047852e+00 9.458311080932617188e+00
-3.615089893341064453e+00 9.019420623779296875e+00
-5.056364536285400391e+00 8.026643753051757812e+00
-3.689111948013305664e+00 8.449426651000976562e+00
-5.358962059020996094e+00 6.988181114196777344e+00
-5.178294658660888672e+00 6.395076751708984375e+00
-2.846967458724975586e+00 1.080088710784912109e+01
-5.206718921661376953e+00 7.561722278594970703e+00
-3.339023351669311523e+00 9.310275077819824219e+00
-5.057017326354980469e+00 6.353219509124755859e+00
-3.450117826461791992e+00 9.875699996948242188e+00
-5.033520221710205078e+00 7.437214374542236328e+00
-4.717582702636718750e+00 6.615608692169189453e+00
-3.160723686218261719e+00 9.586347579956054688e+00
-2.892566442489624023e+00 9.353944778442382812e+00
-4.129408359527587891e+00 8.480842590332031250e+00
-4.736749172210693359e+00 6.437563419342041016e+00
-4.940226554870605469e+00 6.495301723480224609e+00
-5.193317890167236328e+00 6.773911952972412109e+00
-4.316783905029296875e+00 8.282352447509765625e+00
-2.389372348785400391e+00 1.028146457672119141e+01
-2.681320667266845703e+00 1.042052650451660156e+01
-5.188648223876953125e+00 6.584703922271728516e+00
-5.144401073455810547e+00 8.047034263610839844e+00
-3.720204353332519531e+00 8.403815269470214844e+00
-2.841102123260498047e+00 9.391617774963378906e+00
-4.790739536285400391e+00 7.260179996490478516e+00
-5.025294303894042969e+00 7.703727722167968750e+00
-4.935163497924804688e+00 7.695737838745117188e+00
-3.300559759140014648e+00 9.558039665222167969e+00
-5.259013175964355469e+00 7.400187015533447266e+00
-5.336821079254150391e+00 7.660334110260009766e+00
-4.843971252441406250e+00 7.721619606018066406e+00
-3.677345752716064453e+00 9.570262908935546875e+00
-4.092270374298095703e+00 8.082780838012695312e+00
-5.200798988342285156e+00 8.027556419372558594e+00
-2.912923097610473633e+00 9.373441696166992188e+00
