5.587500000000000000e+03
5.573790567853005996e+03
5.560121277603175258e+03
5.546492129250508697e+03
5.532903122795005402e+03
5.519354258236666283e+03
5.505845535575490430e+03
5.492376954811477844e+03
5.478948515944628525e+03
5.465560218974942472e+03
5.452212063902421505e+03
5.438904050727062895e+03
5.425636179448867551e+03
5.412408450067836384e+03
5.399220862583969392e+03
5.386073416997265667e+03
5.372966113307724299e+03
5.359898951515347107e+03
5.346871931620134092e+03
5.333885053622083433e+03
5.320938317521196950e+03
5.308031723317473734e+03
5.295165271010914694e+03
5.282338960601518920e+03
5.269552792089286413e+03
5.256806765474218082e+03
5.244100880756313018e+03
5.231435137935570310e+03
5.218809537011993598e+03
5.206224077985578333e+03
5.193678760856327244e+03
5.181173585624239422e+03
5.168708552289315776e+03
5.156283660851555396e+03
5.143898911310958283e+03
5.131554303667524437e+03
5.119249837921255676e+03
5.106985514072148362e+03
5.094761332120206134e+03
5.082577292065427173e+03
5.070433393907811478e+03
5.058329637647359050e+03
5.046266023284069888e+03
5.034242550817945812e+03
5.022259220248984093e+03
5.010316031577185640e+03
4.998412984802551364e+03
4.986550079925080354e+03
4.974727316944773520e+03
4.962944695861629953e+03
4.951202216675649652e+03
4.939499879386832617e+03
4.927837683995179759e+03
4.916215630500690168e+03
4.904633718903363842e+03
4.893091949203200784e+03
4.881590321400202811e+03
4.870128835494367195e+03
4.858707491485694845e+03
4.847326289374186672e+03
4.835985229159841765e+03
4.824684310842660125e+03
4.813423534422643570e+03
4.802202899899788463e+03
4.791022407274098441e+03
4.779882056545570777e+03
4.768781847714206378e+03
4.757721780780007066e+03
4.746701855742971020e+03
4.735722072603097331e+03
4.724782431360387818e+03
4.713882932014842481e+03
4.703023574566459502e+03
4.692204359015241607e+03
4.681425285361186070e+03
4.670686353604294709e+03
4.659987563744565705e+03
4.649328915782001786e+03
4.638710409716601134e+03
4.628132045548362839e+03
4.617593823277289630e+03
4.607095742903378778e+03
4.596637804426631192e+03
4.586220007847048691e+03
4.575842353164627639e+03
4.565504840379371672e+03
4.555207469491278971e+03
4.544950240500350446e+03
4.534733153406584279e+03
4.524556208209982287e+03
4.514419404910543562e+03
4.504322743508269014e+03
4.494266224003156822e+03
4.484249846395208806e+03
4.474273610684424966e+03
4.464337516870804393e+03
4.454441564954346177e+03
4.444585754935053046e+03
4.434770086812923182e+03
4.424994560587955675e+03
4.415259176260153254e+03
4.405563933829513189e+03
4.395908833296036391e+03
4.386293874659724679e+03
4.376719057920575324e+03
4.367184383078590145e+03
4.357689850133768232e+03
4.348235459086109586e+03
4.338821209935615116e+03
4.329447102682283912e+03
4.320113137326115975e+03
4.310819313867112214e+03
4.301565632305270810e+03
4.292352092640593582e+03
4.283178694873080531e+03
4.274045439002730745e+03
4.264952325029544227e+03
4.255899352953520975e+03
4.246886522774661898e+03
4.237913834492966089e+03
4.228981288108432636e+03
4.220088883621064269e+03
4.211236621030859169e+03
4.202424500337817335e+03
4.193652521541939677e+03
4.184920684643225286e+03
4.176228989641674161e+03
4.167577436537286303e+03
4.158966025330062621e+03
4.150394756020002205e+03
4.141863628607105056e+03
4.133372643091372083e+03
4.124921799472802377e+03
4.116511097751395937e+03
4.108140537927152764e+03
4.099810120000073766e+03
4.091519843970158036e+03
4.083269709837405571e+03
4.075059717601816828e+03
4.066889867263392262e+03
4.058760158822130506e+03
4.050670592278032018e+03
4.042621167631098615e+03
4.034611884881327569e+03
4.026642744028719790e+03
4.018713745073276186e+03
4.010824888014995850e+03
4.002976172853878779e+03
3.995167599589925885e+03
3.987399168223136712e+03
3.979670878753510351e+03
3.971982731181047711e+03
3.964334725505749248e+03
3.956726861727613596e+03
3.949159139846641665e+03
3.941631559862833456e+03
3.934144121776188058e+03
3.926696825586706836e+03
3.919289671294389336e+03
3.911922658899235103e+03
3.904595788401244135e+03
3.897309059800417344e+03
3.890062473096753820e+03
3.882856028290253562e+03
3.875689725380917025e+03
3.868563564368744210e+03
3.861477545253735116e+03
3.854431668035888833e+03
3.847425932715206272e+03
3.840460339291687887e+03
3.833534887765332314e+03
3.826649578136140917e+03
3.819804410404112787e+03
3.812999384569247923e+03
3.806234500631546780e+03
3.799509758591008904e+03
3.792825158447635204e+03
3.786180700201424770e+03
3.779576383852378058e+03
3.773012209400494612e+03
3.766488176845774888e+03
3.760004286188218430e+03
3.753560537427825693e+03
3.747156930564596223e+03
3.740793465598530929e+03
3.734470142529628902e+03
3.728186961357890141e+03
3.721943922083315101e+03
3.715741024705903783e+03
3.709578269225655276e+03
3.703455655642571401e+03
3.697373183956650792e+03
3.691330854167892994e+03
3.685328666276298918e+03
3.679366620281869473e+03
3.673444716184602385e+03
3.667562953984499472e+03
3.661721333681558917e+03
3.655919855275783448e+03
3.650158518767170790e+03
3.644437324155721399e+03
3.638756271441436638e+03
3.633115360624314690e+03
3.627514591704356008e+03
3.621953964681561047e+03
3.616433479555929807e+03
3.610953136327461834e+03
3.605512934996158037e+03
3.600112875562017052e+03
3.594752958025040243e+03
3.589433182385226246e+03
3.584153548642576425e+03
3.578914056797089870e+03
3.573714706848767037e+03
3.568555498797607925e+03
3.563436432643611624e+03
3.558357508386779955e+03
3.553318726027110642e+03
3.548320085564605506e+03
3.543361586999263636e+03
3.538443230331085942e+03
3.533565015560070606e+03
3.528726942686219900e+03
3.523929011709532006e+03
3.519171222630007833e+03
3.514453575447647836e+03
3.509776070162450651e+03
3.505138706774417187e+03
3.500541485283547900e+03
3.495984405689840969e+03
3.491467467993298669e+03
3.486990672193919636e+03
3.482554018291703869e+03
3.478157506286651824e+03
3.473801136178763045e+03
3.469484907968037987e+03
3.465208821654476196e+03
3.460972877238078581e+03
3.456777074718843778e+03
3.452621414096773151e+03
3.448505895371866245e+03
3.444430518544122151e+03
3.440395283613541324e+03
3.436400190580125582e+03
3.432445239443872197e+03
3.428530430204782533e+03
3.424655762862856591e+03
3.420821237418093915e+03
3.417026853870494506e+03
3.413272612220059273e+03
3.409558512466787306e+03
3.405884554610679061e+03
3.402250738651733627e+03
3.398657064589952824e+03
3.395103532425335288e+03
3.391590142157881019e+03
3.388116893787590470e+03
3.384683787314463189e+03
3.381290822738499173e+03
3.377938000059699334e+03
3.374625319278062307e+03
3.371352780393589910e+03
3.368120383406280325e+03
3.364928128316134462e+03
3.361776015123152320e+03
3.358664043827333899e+03
3.355592214428678744e+03
3.352560526927186402e+03
3.349568981322858235e+03
3.346617577615693790e+03
3.343706315805692611e+03
3.340835195892855154e+03
3.338004217877181418e+03
3.335213381758670494e+03
3.332462687537324200e+03
3.329752135213140718e+03
3.327081724786120503e+03
3.324451456256263555e+03
3.321861329623571237e+03
3.319311344888042186e+03
3.316801502049675946e+03
3.314331801108474792e+03
3.311902242064435995e+03
3.309512824917560465e+03
3.307163549667849111e+03
3.304854416315301478e+03
3.302585424859917111e+03
3.300356575301696012e+03
3.298167867640638178e+03
3.296019301876744976e+03
3.293910878010015040e+03
3.291842596040447916e+03
3.289814455968044058e+03
3.287826457792805286e+03
3.285878601514728871e+03
3.283970887133816177e+03
3.282103314650067659e+03
3.280275884063481953e+03
3.278488595374059514e+03
3.276741448581801251e+03
3.275034443686707164e+03
3.273367580688774979e+03
3.271740859588007879e+03
3.270154280384403592e+03
3.268607843077962571e+03
3.267101547668685271e+03
3.265635394156572147e+03
3.264209382541622290e+03
3.262823512823835699e+03
3.261477785003212375e+03
3.260172199079753227e+03
3.258906755053457346e+03
3.257681452924324731e+03
3.256496292692356292e+03
3.255351274357551119e+03
3.254246397919909214e+03
3.253181663379431029e+03
3.252157070736116111e+03
3.251172619989965824e+03
3.250228311140977894e+03
3.249324144189153685e+03
3.248460119134493198e+03
3.247636235976995977e+03
3.246852494716663386e+03
3.246108895353493153e+03
3.245405437887487096e+03
3.244742122318643851e+03
3.244118948646964782e+03
3.243535916872449434e+03
3.242993026995097352e+03
3.242490279014908083e+03
3.242027672931883444e+03
3.241605208746022072e+03
3.241222886457324421e+03
3.240880706065789582e+03
3.240578667571418464e+03
3.240316770974211522e+03
3.240095016274166937e+03
3.239913403471286983e+03
3.239771932565570751e+03
3.239670603557016875e+03
3.239609416445627630e+03
3.239588371231401652e+03
3.239607467914339395e+03
3.239666706494439950e+03
3.239766086971704681e+03
3.239905609346132223e+03
3.240085273617723942e+03
3.240305079786479382e+03
3.240565027852398089e+03
3.240865117815480062e+03
3.241205349675725756e+03
3.241585723433135627e+03
3.242006239087708764e+03
3.242466896639444712e+03
3.242967696088344837e+03
3.243508637434408229e+03
3.244089720677635341e+03
3.244710945818025721e+03
3.245372312855579821e+03
3.246073821790297188e+03
3.246815472622179186e+03
3.247597265351223541e+03
3.248419199977431163e+03
3.249281276500803415e+03
3.250183494921339388e+03
3.251125855239038174e+03
3.252108357453900226e+03
3.253131001565925999e+03
3.254193787575115493e+03
3.255296715481469164e+03
3.256439785284985192e+03
3.257622996985665850e+03
3.258846350583509320e+03
3.260109846078516057e+03
3.261413483470687424e+03
3.262757262760021604e+03
3.264141183946519050e+03
3.265565247030180672e+03
3.267029452011005560e+03
3.268533798888994625e+03
3.270078287664146046e+03
3.271662918336462099e+03
3.273287690905940963e+03
3.274952605372583548e+03
3.276657661736389855e+03
3.278402859997359883e+03
3.280188200155493178e+03
3.282013682210789739e+03
3.283879306163250021e+03
3.285785072012873570e+03
3.287730979759661295e+03
3.289717029403612287e+03
3.291743220944727000e+03
3.293809554383004979e+03
3.295916029718446225e+03
3.298062646951052102e+03
3.300249406080820336e+03
3.302476307107752291e+03
3.304743350031848422e+03
3.307050534853107820e+03
3.309397861571530939e+03
3.311785330187116870e+03
3.314212940699866977e+03
3.316680693109780805e+03
3.319188587416857445e+03
3.321736623621098261e+03
3.324324801722502343e+03
3.326953121721070147e+03
3.329621583616801217e+03
3.332330187409696009e+03
3.335078933099753613e+03
3.337867820686975847e+03
3.340696850171361348e+03
3.343566021552910115e+03
3.346475334831622604e+03
3.349424790007498814e+03
3.352414387080537381e+03
3.355444126050741033e+03
3.358514006918107043e+03
3.361624029682637683e+03
3.364774194344331590e+03
3.367964500903188764e+03
3.371194949359209659e+03
3.374465539712394275e+03
3.377776271962741703e+03
3.381127146110253307e+03
3.384518162154928177e+03
3.387949320096766769e+03
3.391420619935768627e+03
3.394932061671934207e+03
3.398483645305263508e+03
3.402075370835756075e+03
3.405707238263412364e+03
3.409379247588231920e+03
3.413091398810214741e+03
3.416843691929362194e+03
3.420636126945672459e+03
3.424468703859146444e+03
3.428341422669783697e+03
3.432254283377584670e+03
3.436207285982548456e+03
3.440200430484677327e+03
3.444233716883969009e+03
3.448307145180424413e+03
3.452420715374043084e+03
3.456574427464825021e+03
3.460768281452771134e+03
3.465002277337880059e+03
3.469276415120153160e+03
3.473590694799589528e+03
3.477945116376189162e+03
3.482339679849953427e+03
3.486774385220880049e+03
3.491249232488970392e+03
3.495764221654224457e+03
3.500319352716641333e+03
3.504914625676223295e+03
3.509550040532968524e+03
3.514225597286876109e+03
3.518941295937948325e+03
3.523697136486183808e+03
3.528493118931582558e+03
3.533329243274144574e+03
3.538205509513870311e+03
3.543121917650760224e+03
3.548078467684813404e+03
3.553075159616029850e+03
3.558111993444410473e+03
3.563188969169954362e+03
3.568306086792660608e+03
3.573463346312531485e+03
3.578660747729566538e+03
3.583898291043763948e+03
3.589175976255125533e+03
3.594493803363649931e+03
3.599851772369339415e+03
3.605249883272191255e+03
3.610688136072205907e+03
3.616166530769385645e+03
3.621685067363727740e+03
3.627243745855234465e+03
3.632842566243904002e+03
3.638481528529737261e+03
3.644160632712734241e+03
3.649879878792895397e+03
3.655639266770218001e+03
3.661438796644705690e+03
3.667278468416357100e+03
3.673158282085170868e+03
3.679078237651149720e+03
3.685038335114291385e+03
3.691038574474596317e+03
3.697078955732064514e+03
3.703159478886696888e+03
3.709280143938492984e+03
3.715440950887452345e+03
3.721641899733574974e+03
3.727882990476860869e+03
3.734164223117311849e+03
3.740485597654925186e+03
3.746847114089701790e+03
3.753248772421642116e+03
3.759690572650746617e+03
3.766172514777014385e+03
3.772694598800445419e+03
3.779256824721040630e+03
3.785859192538798197e+03
3.792501702253720396e+03
3.799184353865804951e+03
3.805907147375054137e+03
3.812670082781467499e+03
3.819473160085042764e+03
3.826316379285782659e+03
3.833199740383685821e+03
3.840123243378752704e+03
3.847086888270981945e+03
3.854090675060375361e+03
3.861134603746932953e+03
3.868218674330653812e+03
3.875342886811537937e+03
3.882507241189586239e+03
3.889711737464797352e+03
3.896956375637172187e+03
3.904241155706710742e+03
3.911566077673412565e+03
3.918931141537278563e+03
3.926336347298307373e+03
3.933781694956500360e+03
3.941267184511856613e+03
3.948792815964376132e+03
3.956358589314059827e+03
3.963964504560906335e+03
3.971610561704916563e+03
3.979296760746090513e+03
3.987023101684428184e+03
3.994789584519929122e+03
4.002596209252593326e+03
4.010442975882421706e+03
4.018329884409412898e+03
4.026256934833568266e+03
4.034224127154886901e+03
4.042231461373369257e+03
4.050278937489014879e+03
4.058366555501824223e+03
4.066494315411797288e+03
4.074662217218934074e+03
4.082870260923233218e+03
4.091118446524696537e+03
4.099406774023324033e+03
4.107735243419114340e+03
4.116103854712068824e+03
4.124512607902186573e+03
4.132961502989467590e+03
4.141450539973911873e+03
4.149979718855520332e+03
4.158549039634292058e+03
4.167158502310227050e+03
4.175808106883326218e+03
4.184497853353588653e+03
4.193227741721015263e+03
4.201997771985605141e+03
4.210807944147356466e+03
4.219658258206273786e+03
4.228548714162354372e+03
4.237479312015597316e+03
4.246450051766005345e+03
4.255460933413575731e+03
4.264511956958310293e+03
4.273603122400209031e+03
4.282734429739269217e+03
4.291905878975494488e+03
4.301117470108882117e+03
4.310369203139434831e+03
4.319661078067150811e+03
4.328993094892030058e+03
4.338365253614072572e+03
4.347777554233278352e+03
4.357229996749647398e+03
4.366722581163180621e+03
4.376255307473878020e+03
4.385828175681738685e+03
4.395441185786761707e+03
4.405094337788950725e+03
4.414787631688301190e+03
4.424521067484814921e+03
4.434294645178493738e+03
4.444108364769334912e+03
4.453962226257340262e+03
4.463856229642508879e+03
4.473790374924841672e+03
4.483764662104336821e+03
4.493779091180996147e+03
4.503833662154818740e+03
4.513928375025805508e+03
4.524063229793955543e+03
4.534238226459268844e+03
4.544453365021746322e+03
4.554708645481387066e+03
4.565004067838191077e+03
4.575339632092157444e+03
4.585715338243287988e+03
4.596131186291583617e+03
4.606587176237041604e+03
4.617083308079663766e+03
4.627619581819449195e+03
4.638195997456397890e+03
4.648812554990510762e+03
4.659469254421786900e+03
4.670166095750226305e+03
4.680903078975828976e+03
4.691680204098595823e+03
4.702497471118525937e+03
4.713354880035620226e+03
4.724252430849876873e+03
4.735190123561297696e+03
4.746167958169880876e+03
4.757185934675629142e+03
4.768244053078540674e+03
4.779342313378615472e+03
4.790480715575855356e+03
4.801659259670256688e+03
4.812877945661823105e+03
4.824136773550550970e+03
4.835435743336443920e+03
4.846774855019500137e+03
4.858154108599719621e+03
4.869573504077103280e+03
4.881033041451650206e+03
4.892532720723360399e+03
4.904072541892234767e+03
4.915652504958271493e+03
4.927272609921472394e+03
