1.652262600000000000e+07
1.603879888908123784e+07
1.557630990264090337e+07
1.513515904067905433e+07
1.471534630319567770e+07
1.431687169019074924e+07
1.393973520166428387e+07
1.358393683761632442e+07
1.324947659804681502e+07
1.293635448295576684e+07
1.264457049234318361e+07
1.237412462620906718e+07
1.212501688455340825e+07
1.189724726737624221e+07
1.169081577467752807e+07
1.150572240645725466e+07
1.134196716271549836e+07
1.119955004345218092e+07
1.107847104866733029e+07
1.097873017836094275e+07
1.090032743253302760e+07
1.084326281118355505e+07
1.080753631431261636e+07
1.079314794192007743e+07
1.080009769400601275e+07
1.082838557057045959e+07
1.087801157161331736e+07
1.094897569713466242e+07
1.104127794713449106e+07
1.115491832161278464e+07
1.128989682056951337e+07
1.144621344400474429e+07
1.162386819191842712e+07
1.182286106431057677e+07
1.204319206118120998e+07
1.228486118253028579e+07
1.254786842835785635e+07
1.283221379866385274e+07
1.313789729344832897e+07
1.346491891271129251e+07
1.381327865645268932e+07
1.418297652467260510e+07
1.457401251737097092e+07
1.498638663454776444e+07
1.542009887620304711e+07
1.587514924233676679e+07
1.635153773294901662e+07
1.684926434803969786e+07
1.736832908760881796e+07
1.790873195165647939e+07
1.847047294018250331e+07
1.905355205318709090e+07
1.965796929067011550e+07
2.028372465263162553e+07
2.093081813907155395e+07
2.159924974998995662e+07
2.228901948538685217e+07
2.300012734526217729e+07
2.373257332961601391e+07
2.448635743844828755e+07
2.526147967175908759e+07
2.605794002954821289e+07
2.687573851181593910e+07
2.771487511856213212e+07
2.857534984978663176e+07
2.945716270548982173e+07
3.036031368567136303e+07
3.128480279033135623e+07
3.223063001946980506e+07
3.319779537308673188e+07
3.418629885118227452e+07
3.519614045375609398e+07
3.622732018080845475e+07
3.727983803233925253e+07
3.835369400834862143e+07
3.944888810883635283e+07
4.056542033380258828e+07
4.170329068324718624e+07
4.286249915717040002e+07
4.404304575557202101e+07
4.524493047845202684e+07
4.646815332581059635e+07
4.771271429764764011e+07
4.897861339396317303e+07
5.026585061475713551e+07
5.157442596002951264e+07
5.290433942978032678e+07
5.425559102400972694e+07
5.562818074271737784e+07
5.702210858590376377e+07
5.843737455356857926e+07
5.987397864571185410e+07
6.133192086233353615e+07
6.281120120343362540e+07
6.431181966901221126e+07
6.583377625906938314e+07
6.737707097360490263e+07
6.894170381261898577e+07
7.052767477611140907e+07
7.213498386408233643e+07
7.376363107653157413e+07
7.541361641345964372e+07
7.708493987486587465e+07
7.877760146075074375e+07
8.049160117111423612e+07
8.222693900595569611e+07
8.398361496527609229e+07
8.576162904907485843e+07
8.756098125735193491e+07
8.938167159010748565e+07
9.122370004734152555e+07
9.308706662905409932e+07
9.497177133524493873e+07
9.687781416591455042e+07
9.880519512106251717e+07
1.007539142006889731e+08
1.027239714047937840e+08
1.047153667333772182e+08
1.067281001864389777e+08
1.087621717639792562e+08
1.108175814659978747e+08
1.128943292924953550e+08
1.149924152434708178e+08
1.171118393189248294e+08
1.192526015188576281e+08
1.214147018432687968e+08
1.235981402921584249e+08
1.258029168655263782e+08
1.280290315633730292e+08
1.302764843856979609e+08
1.325452753325012475e+08
1.348354044037829340e+08
1.371468715995432436e+08
1.394796769197820425e+08
1.418338203644997180e+08
1.442093019336949885e+08
1.466061216273695230e+08
1.490242794455218911e+08
1.514637753881533146e+08
1.539246094552629590e+08
1.564067816468511224e+08
1.589102919629174769e+08
1.614351404034627378e+08
1.639813269684860706e+08
1.665488516579880714e+08
1.691377144719684720e+08
1.717479154104273617e+08
1.743794544733646214e+08
1.770323316607803106e+08
1.797065469726751447e+08
1.824021004090474546e+08
1.851189919698984921e+08
1.878572216552285552e+08
1.906167894650366902e+08
1.933976953993234932e+08
1.961999394580885470e+08
1.990235216413321197e+08
2.018684419490540326e+08
2.047347003812544346e+08
2.076222969379332364e+08
2.105312316190909743e+08
2.134615044247266054e+08
2.164131153548410237e+08
2.193860644094338119e+08
2.223803515885049403e+08
2.253959768920545280e+08
2.284329403200825453e+08
2.314912418725901842e+08
2.345708815495745838e+08
2.376718593510382771e+08
2.407941752769803703e+08
2.439378293274011910e+08
2.471028215023002923e+08
2.502891518016772568e+08
2.534968202255338430e+08
2.567258267738677263e+08
2.599761714466812909e+08
2.632478542439722419e+08
2.665408751657413244e+08
2.698552342119903564e+08
2.731909313827167153e+08
2.765479666779219508e+08
2.799263400976065397e+08
2.833260516417689323e+08
2.867471013104092479e+08
2.901894891035276055e+08
2.936532150211253762e+08
2.971382790632016063e+08
3.006446812297552824e+08
3.041724215207889676e+08
3.077214999363004565e+08
3.112919164762904644e+08
3.148836711407577991e+08
3.184967639297044873e+08
3.221311948431308866e+08
3.257869638810345531e+08
3.294640710434166789e+08
3.331625163302772045e+08
3.368822997416161299e+08
3.406234212774338722e+08
