8.261313000000000000e+06
7.942382956556598656e+06
7.701811502370661125e+06
7.539598637442169711e+06
7.455744361771165393e+06
7.450248675357597880e+06
7.523111578201501630e+06
7.674333070302834734e+06
7.903913151661652140e+06
8.211851822277927771e+06
8.598149082151653245e+06
9.062804931282829493e+06
9.605819369671482593e+06
1.022719239731758274e+07
1.092692401422115602e+07
1.170501422038218938e+07
1.256146301580062509e+07
1.349627040047656558e+07
1.450943637440996058e+07
1.560096093760084361e+07
1.677084409004912339e+07
1.801908583175492287e+07
1.934568616271818802e+07
2.075064508293876052e+07
2.223396259241701290e+07
2.379563869115260988e+07
2.543567337914562225e+07
2.715406665639613569e+07
2.895081852290416509e+07
3.082592897866951302e+07
3.277939802369243279e+07
3.481122565797288716e+07
3.692141188151056319e+07
3.910995669430582970e+07
4.137686009635860473e+07
4.372212208766884357e+07
4.614574266823639721e+07
4.864772183806154132e+07
5.122805959714404494e+07
5.388675594548406452e+07
5.662381088308151066e+07
5.943922440993659943e+07
6.233299652604901791e+07
6.530512723141869903e+07
6.835561652604614198e+07
7.148446440993075073e+07
7.469167088307304680e+07
7.797723594547282159e+07
8.134115959712995589e+07
8.478344183804440498e+07
8.830408266821663082e+07
9.190308208764624596e+07
9.558044009633326530e+07
9.933615669427740574e+07
1.031702318814793974e+08
1.070826656579387635e+08
1.110734580236555338e+08
1.151426089786296934e+08
1.192901185228614807e+08
1.235159866563508213e+08
1.278202133790972382e+08
1.322027986911014766e+08
1.366637425923630595e+08
1.412030450828821361e+08
1.458207061626587510e+08
1.505167258316927254e+08
1.552911040899841785e+08
1.601438409375328124e+08
1.650749363743388653e+08
1.700843904004027545e+08
1.751722030157240033e+08
1.803383742203027308e+08
1.855829040141387284e+08
1.909057923972326815e+08
1.963070393695834875e+08
2.017866449311921299e+08
2.073446090820582807e+08
2.129809318221814632e+08
2.186956131515622735e+08
2.244886530702009201e+08
2.303600515780964494e+08
2.363098086752500236e+08
2.423379243616608083e+08
2.484443986373285055e+08
2.546292315022542477e+08
2.608924229564372599e+08
2.672339729998781979e+08
2.736538816325762868e+08
2.801521488545318842e+08
2.867287746657442451e+08
2.933837590662152767e+08
3.001171020559426546e+08
3.069288036349278688e+08
3.138188638031706810e+08
3.207872825606709719e+08
3.278340599074286819e+08
3.349591958434435129e+08
3.421626903687161803e+08
3.494445434832466245e+08
3.568047551870346665e+08
3.642433254800786972e+08
3.717602543623811007e+08
3.793555418339413404e+08
3.870291878947579861e+08
3.947811925448335409e+08
4.026115557841659784e+08
4.105202776127557755e+08
4.185073580306028128e+08
4.265727970377079844e+08
4.347165946340693831e+08
