8.261313000000000000e+06
8.257894450858457945e+06
8.256258011416667141e+06
8.256403681674664840e+06
8.258331461632407270e+06
8.262041351289931685e+06
8.267533350647213869e+06
8.274807459704266861e+06
8.283863678461084142e+06
8.294702006917662919e+06
8.307322445074021816e+06
8.321724992930137552e+06
8.337909650486020371e+06
8.355876417741661891e+06
8.375625294697082601e+06
8.397156281352248043e+06
8.420469377707198262e+06
8.445564583761941642e+06
8.472441899516405538e+06
8.501101324970653281e+06
8.531542860124671832e+06
8.563766504978429526e+06
8.597772259531989694e+06
8.633560123785290867e+06
8.671130097738355398e+06
8.710482181391205639e+06
8.751616374743841588e+06
8.794532677796198055e+06
8.839231090548345819e+06
8.885711613000255078e+06
8.933974245151929557e+06
8.984018987003382295e+06
9.035845838554579765e+06
9.089454799805548042e+06
9.144845870756307617e+06
9.202019051406811923e+06
9.260974341757075861e+06
9.321711741807119921e+06
9.384231251556932926e+06
9.448532871006518602e+06
9.514616600155832246e+06
9.582482439004935324e+06
9.652130387553794309e+06
9.723560445802461356e+06
9.796772613750861958e+06
9.871766891399055719e+06
9.948543278746966273e+06
1.002710177579466812e+07
1.010744238254214078e+07
1.018956509898939170e+07
1.027346992513638549e+07
1.035915686098314449e+07
1.044662590652967989e+07
1.053587706177600287e+07
1.062691032672205754e+07
1.071972570136787556e+07
1.081432318571349233e+07
1.091070277975885198e+07
1.100886448350399174e+07
1.110880829694889672e+07
1.121053422009358369e+07
1.131404225293799676e+07
1.141933239548219182e+07
1.152640464772616141e+07
1.163525900966990739e+07
1.174589548131339438e+07
1.185831406265663542e+07
1.197251475369967520e+07
1.208849755444247462e+07
1.220626246488505602e+07
1.232580948502735235e+07
1.244713861486946419e+07
1.257024985441132262e+07
1.269514320365295745e+07
1.282181866259433888e+07
1.295027623123549297e+07
1.308051590957643464e+07
1.321253769761713222e+07
1.334634159535758570e+07
1.348192760279781371e+07
1.361929571993780509e+07
1.375844594677757844e+07
1.389937828331711330e+07
1.404209272955639474e+07
1.418658928549543768e+07
1.433286795113426074e+07
1.448092872647286020e+07
1.463077161151122861e+07
1.478239660624935478e+07
1.493580371068722196e+07
1.509099292482487857e+07
1.524796424866229855e+07
1.540671768219948746e+07
1.556725322543644160e+07
1.572957087837319076e+07
1.589367064100967906e+07
1.605955251334590465e+07
1.622721649538192153e+07
1.639666258711771481e+07
1.656789078855326585e+07
1.674090109968859702e+07
1.691569352052367106e+07
1.709226805105850473e+07
1.727062469129315019e+07
1.745076344122755527e+07
1.763268430086166039e+07
1.781638727019560710e+07
1.800187234922929853e+07
1.818913953796273470e+07
1.837818883639594540e+07
