8.261313000000000000e+06
8.208285878552505746e+06
8.162155528634439223e+06
8.122921950245817192e+06
8.090585143386603333e+06
8.065145108056843281e+06
8.046601844256471843e+06
8.034955351985546760e+06
8.030205631244057789e+06
8.032352682031999342e+06
8.041396504349345341e+06
8.057337098196138628e+06
8.080174463572368026e+06
8.109908600477993488e+06
8.146539508913081139e+06
8.190067188877550885e+06
8.240491640371470712e+06
8.297812863394849002e+06
8.362030857947618701e+06
8.433145624029822648e+06
8.511157161641461775e+06
8.596065470782537013e+06
8.687870551453012973e+06
8.786572403652939945e+06
8.892171027382267639e+06
9.004666422641066834e+06
9.124058589429233223e+06
9.250347527746872976e+06
9.383533237593932077e+06
9.523615718970406801e+06
9.670594971876302734e+06
9.824470996311651543e+06
9.985243792276460677e+06
1.015291335977062024e+07
1.032747969879422709e+07
1.050894280934727751e+07
1.069730269142973609e+07
1.089255934504164942e+07
1.109471277018300816e+07
1.130376296685378999e+07
1.151970993505393341e+07
1.174255367478355765e+07
1.197229418604262546e+07
1.220893146883107536e+07
1.245246552314896323e+07
1.270289634899626859e+07
1.296022394637304731e+07
1.322444831527918763e+07
1.349556945571481250e+07
1.377358736767984554e+07
1.405850205117432959e+07
1.435031350619822554e+07
1.464902173275152221e+07
1.495462673083425127e+07
1.526712850044643693e+07
1.558652704158805497e+07
1.591282235425905511e+07
1.624601443845951371e+07
1.658610329418939352e+07
1.693308892144871503e+07
1.728697132023746893e+07
1.764775049055561423e+07
1.801542643240317702e+07
1.838999914578024670e+07
1.877146863068666309e+07
1.915983488712252304e+07
1.955509791508786008e+07
1.995725771458252147e+07
2.036631428560675308e+07
2.078226762816034630e+07
2.120511774224332720e+07
2.163486462785577402e+07
2.207150828499766812e+07
2.251504871366889775e+07
2.296548591386965662e+07
2.342281988559987023e+07
2.388705062885941565e+07
2.435817814364843443e+07
2.483620242996685579e+07
2.532112348781466857e+07
2.581294131719199568e+07
2.631165591809869558e+07
2.681726729053480923e+07
2.732977543450041115e+07
2.784918034999543056e+07
2.837548203701984882e+07
2.890868049557367712e+07
2.944877572565694153e+07
2.999576772726969421e+07
3.054965650041176751e+07
3.111044204508335888e+07
3.167812436128430068e+07
3.225270344901481271e+07
3.283417930827456713e+07
3.342255193906382844e+07
3.401782134138265252e+07
3.461998751523073763e+07
3.522905046060818434e+07
3.584501017751531303e+07
3.646786666595165431e+07
3.709761992591755837e+07
3.773426995741283149e+07
3.837781676043748856e+07
3.902826033499149233e+07
3.968560068107509613e+07
4.034983779868810624e+07
4.102097168783050030e+07
4.169900234850233048e+07
4.238392978070366383e+07
4.307575398443435878e+07
