2.915550000000000000e+04
2.846548765851207645e+04
2.778757525607069692e+04
2.712176279267586870e+04
2.646805026832760268e+04
2.582643768302587341e+04
2.519692503677070272e+04
2.457951232956207969e+04
2.397419956140001159e+04
2.338098673228449115e+04
2.279987384221551838e+04
2.223086089119310054e+04
2.167394787921723037e+04
2.112913480628791876e+04
2.059642167240514755e+04
2.007580847756893127e+04
1.956729522177926629e+04
1.907088190503615260e+04
1.858656852733959386e+04
1.811435508868957550e+04
1.765424158908611571e+04
1.720622802852920358e+04
1.677031440701883912e+04
1.634650072455503323e+04
1.593478698113777500e+04
1.553517317676706261e+04
1.514765931144290880e+04
1.477224538516529901e+04
1.440893139793424234e+04
1.405771734974973697e+04
1.371860324061178289e+04
1.339158907052038012e+04
1.307667483947552682e+04
1.277386054747722301e+04
1.248314619452547413e+04
1.220453178062027109e+04
1.193801730576162117e+04
1.168360276994952255e+04
1.144128817318397341e+04
1.121107351546497557e+04
1.099295879679252721e+04
1.078694401716663015e+04
1.059302917658728620e+04
1.041121427505449174e+04
1.024149931256824857e+04
1.008388428912855488e+04
9.938369204735410676e+03
9.804954059388823225e+03
9.683638853088779797e+03
9.574423585835291306e+03
9.477308257628350475e+03
9.392292868467962762e+03
9.319377418354124529e+03
9.258561907286837595e+03
9.209846335266100141e+03
9.173230702291913985e+03
9.148715008364279129e+03
9.136299253483195571e+03
9.135983437648663312e+03
9.147767560860678714e+03
9.171651623119247233e+03
9.207635624424365233e+03
9.255719564776034531e+03
9.315903444174256947e+03
9.388187262619025205e+03
9.472571020110348400e+03
9.569054716648221074e+03
9.677638352232645047e+03
9.798321926863618501e+03
9.931105440541143253e+03
1.007598889326521930e+04
1.023297228503584483e+04
1.040205561585302166e+04
1.058323888571675161e+04
1.077652209462702922e+04
1.098190524258385994e+04
1.119938832958724015e+04
1.142897135563716802e+04
1.167065432073365264e+04
1.192443722487668310e+04
1.219032006806626305e+04
1.246830285030239975e+04
1.275838557158508411e+04
1.306056823191431977e+04
1.337485083129010854e+04
1.370123336971244316e+04
1.403971584718133272e+04
1.439029826369676812e+04
1.475298061925876027e+04
1.512776291386729827e+04
1.551464514752238574e+04
1.591362732022402997e+04
1.632470943197222368e+04
1.674789148276696142e+04
1.718317347260825409e+04
1.763055540149610169e+04
1.809003726943049696e+04
1.856161907641145081e+04
1.904530082243894503e+04
1.954108250751299056e+04
2.004896413163358375e+04
2.056894569480073187e+04
2.110102719701443129e+04
2.164520863827468202e+04
2.220149001858148040e+04
2.276987133793483008e+04
2.335035259633473834e+04
2.394293379378120881e+04
2.454761493027420875e+04
2.516439600581375998e+04
2.579327702039986616e+04
2.643425797403252727e+04
2.708733886671173241e+04
2.775251969843749248e+04
2.842980046920980021e+04
2.911918117902865924e+04
2.982066182789406957e+04
3.053424241580602393e+04
3.125992294276453686e+04
3.199770340876960108e+04
3.274758381382121297e+04
3.350956415791937616e+04
3.428364444106409064e+04
3.506982466325534915e+04
3.586810482449317351e+04
3.667848492477753462e+04
3.750096496410846157e+04
3.833554494248592528e+04
3.918222485990994028e+04
4.004100471638051386e+04
4.091188451189763873e+04
4.179486424646131491e+04
4.268994392007152783e+04
4.359712353272829932e+04
4.451640308443162940e+04
4.544778257518150349e+04
4.639126200497792161e+04
4.734684137382090557e+04
4.831452068171042629e+04
4.929429992864650558e+04
5.028617911462913617e+04
5.129015823965831078e+04
5.230623730373403669e+04
5.333441630685631389e+04
5.437469524902514968e+04
5.542707413024053676e+04
5.649155295050245331e+04
5.756813170981093572e+04
5.865681040816598397e+04
5.975758904556756170e+04
6.087046762201571983e+04
6.199544613751040742e+04
6.313252459205164632e+04
6.428170298563942924e+04
6.544298131827378529e+04
6.661635958995466353e+04
6.780183780068211490e+04
6.899941595045609574e+04
