3.593313494815055242e-01 -2.717568676011023476e-01
2.951289544282398869e-01 -8.791602790271110801e-02
2.755565599919579944e-01 -1.125891588643084390e-01
3.356313833401610713e-01 -3.050300897195528105e-01
2.605729109017398959e-01 -4.507523106794615320e-01
3.920508455455175012e-01 -1.721643398798169411e-01
5.512711985402396486e-02 -3.693875075709749378e-01
4.378231028411943559e-01 -1.371953145493731707e-01
1.146754034882638135e-01 -4.073340452650596744e-01
4.197156016688673441e-01 -5.322686460096591465e-02
4.364882783158878787e-01 -1.056119861398965160e-01
4.150672139440451103e-01 -1.456918493686334692e-01
2.418567732637056378e-01 -5.215479614749911619e-01
6.076271273277140672e-01 5.156265514354112234e-02
3.913525311346809921e-01 -1.475879974271161743e-01
2.700826871046282385e-01 -2.463940191562511983e-01
-6.529690703471643237e-03 -4.543211715593932776e-01
5.036003362342567069e-01 -2.119608598592537529e-01
4.292349645219192267e-01 1.862145182740058691e-01
5.251775427874760815e-01 -2.669970209774975012e-01
4.206629049927794739e-01 -2.730142847665034123e-01
3.401203940071266807e-01 -3.077452399200564792e-01
3.107702568075967897e-01 -1.826643946257760498e-01
4.038956002649577437e-01 -7.922181132837506634e-02
3.846948784059004423e-01 -2.756853008659949644e-01
3.300742554098529680e-01 -2.473919168676950164e-01
3.559085541985657075e-01 -1.492792033861273515e-01
5.725908923587575972e-01 -3.107568297918850697e-01
3.016760384559005193e-01 -3.231392846202841840e-01
5.080597518719149885e-01 -2.227682241674566743e-02
4.371307754128389012e-01 -2.403179352410504122e-01
3.494106453263275958e-01 -1.282927946061083180e-01
2.547559267022923013e-01 -2.818597501357776314e-01
3.738390914443532886e-01 2.830942857238478993e-02
1.304099923989493204e-01 -5.118455560935424309e-01
2.326444051726577755e-01 -3.810210977186684889e-01
3.317223917351905249e-01 -2.799265864695030248e-01
4.475638438753400949e-01 -3.311200337656852732e-01
1.586873811155674607e-01 -3.889531307688914863e-01
5.014038613106347464e-01 -1.773481165747603505e-01
1.609964993255046661e-01 -1.603023582076557874e-01
4.833680422442189761e-01 -2.133487541573856061e-01
-9.911122636092473473e-03 -3.136928218831025461e-01
5.048945787680277908e-01 -3.415740524624964747e-02
1.161192972450255240e-01 -2.845892133626293230e-01
3.508905896878913855e-01 -3.068409696906809758e-01
5.263071162486795407e-01 -3.018800318547364969e-01
3.970961749493536752e-01 -1.262448575292791642e-01
1.013527809317590900e-01 -5.210662243707683272e-01
3.340580980764820129e-01 -1.273101863988100046e-01
1.796550115837027839e-01 -2.713801247398585081e-01
4.281782095709704694e-01 -1.263289027318784397e-01
4.783942462013242997e-02 -2.743697542900115360e-01
5.538841948764774425e-01 -1.641585832206060580e-01
2.110047074344971185e-01 -2.004785368319956795e-01
3.431076687945684989e-01 -1.036339904843471410e-01
1.949816053445410924e-01 -2.144903914150847191e-01
5.864760513660465246e-01 -2.849434016250115484e-02
2.590793113143512461e-01 -2.627912363155463504e-01
5.061549269569697307e-01 -3.722936642262770351e-02
5.077046125935111981e-02 -5.098757037345553744e-01
3.897146597938512258e-01 -4.103513807823110093e-02
1.626366920204476707e-01 -1.496528964823765073e-01
5.532707328049637496e-01 -6.876183759941169316e-02
1.673099656258556778e-01 -1.282517037906082957e-01
3.974997411458557339e-01 1.193257216558864658e-01
1.848250511521069006e-01 -2.807116048034791200e-01
4.790666854119670082e-01 3.411700339919690461e-02
1.419095878235008060e-02 -2.677076842608687723e-01
4.392851395068282927e-01 -2.890068272715118902e-01
2.315131326743569418e-01 -1.829572426467605539e-01
2.424725131797927369e-01 -1.316754037260092422e-02
-2.322110172788323379e-02 -2.122799578381699970e-01
3.792382635096531174e-01 -6.267515213963710530e-02
5.409768456642267270e-02 -1.702518986248102162e-01
2.367546358054961331e-01 7.796445186478914442e-05
3.402012119961425607e-01 -3.454055679018593339e-01
4.238400823447871502e-01 8.155026162232782705e-02
1.078131071697581295e-01 -2.394737549980249236e-01
4.890651344320577354e-01 -4.134367655121207186e-02
-2.543480995216424248e-02 -2.862869235870197857e-02
3.463823953392665134e-01 -2.513268710508101966e-01
2.650749707050293336e-01 -3.691041770342270434e-01
3.693289182419173255e-01 -1.083899444832241571e-01
1.864263107154396082e-01 -4.136183798344370555e-01
3.159658610179433280e-01 -3.386808224651546295e-01
3.662768863567203992e-01 -2.128903177424667226e-01
2.578947792313222021e-01 -2.922337802590107558e-01
2.888604837710014306e-01 -2.287337382839128574e-01
3.186164099537724392e-01 4.026299898890862289e-02
-1.524723067288210818e-02 -4.955084363941638509e-02
5.133065243450971593e-01 -5.467742542784654464e-02
1.918577858060602215e-01 -1.919819280433626985e-01
4.455548566599965565e-01 -7.118569060816451466e-02
-6.928244219591675468e-02 -1.359705746366416113e-01
2.952369174706317989e-01 -2.067459305345956400e-01
8.633879051951287575e-02 -1.690967717419621652e-01
6.848381154371546709e-01 1.764891832003398497e-02
1.008487488840159180e-01 -1.891230818397201252e-01
3.741964846641344100e-01 -1.108479236761775455e-01
-8.061518483616027242e-02 -3.717392034668937084e-01
5.108516908182632044e-01 6.468880784507538562e-02
2.156382187901763059e-01 -4.075395750745147150e-01
4.345874168091293788e-01 -2.105441321385259634e-01
3.369592760214993321e-01 -2.693444805283898846e-01
2.108957219773692771e-01 2.134786296858700791e-02
2.542064910559124757e-01 -3.845742211996446835e-01
4.946925227707823502e-01 -7.223864458161076418e-02
-7.483397197828443870e-02 -1.969667710061360211e-01
2.234844762840063337e-01 9.549686619894176554e-02
-4.286132179620371491e-02 -4.401249157493536956e-01
3.196091294459116883e-01 -8.435668816561824046e-02
4.202030417175447313e-02 -2.822276440602703440e-01
2.099821402068428045e-01 -4.593661408943201518e-01
7.720103120750201886e-02 -1.434748360507163423e-01
4.656962343675373761e-01 -1.481143943093981251e-02
2.016222486144091941e-01 -4.613740580543966296e-01
4.360272149985243706e-01 -2.012092370417048817e-02
2.917677265894699778e-01 -2.179406836512677026e-01
4.720427283818602882e-01 -5.901826367958307173e-02
2.494826609325229705e-01 -3.735848266450333965e-01
4.969992081424736141e-01 -9.399679075913819348e-02
6.684272287626298603e-02 -1.402212212783477130e-01
5.367794408110048154e-01 9.049843151112661743e-02
1.018788170541044397e-01 -2.186959040457249759e-01
3.464291929576859830e-01 -8.518437503485155882e-02
7.827072701378652575e-02 -1.469635492153120448e-01
3.940282450019347849e-01 -1.031033893380152618e-02
-9.343153538060822161e-02 -4.956531585275018859e-02
3.498150808940920786e-01 -1.294344939477400647e-01
1.247830776098624722e-01 -2.762166503189146249e-01
3.367041631258013701e-01 -1.879678354844405430e-01
7.945638589815390285e-02 -1.770912746143610828e-01
3.747388287972621690e-01 -1.071685065578837359e-01
2.077089049226835682e-01 -8.008518288407033558e-02
4.517441956212756016e-01 -6.507336697590775099e-02
9.633319435551568333e-02 -3.741956771359539746e-01
4.412279018990509782e-01 1.479331689545686744e-02
1.585389761205507064e-01 -1.008692108957493644e-01
2.793376495338534826e-01 -2.082415312455851431e-02
3.124863097372910792e-01 -5.837498977753818874e-02
5.975102755859538206e-01 1.693919820792676445e-01
2.447520887111131749e-01 -2.718726882804228459e-02
4.388610538473662892e-01 2.961890501656807423e-02
3.288927672793476309e-01 -2.405366895276748740e-01
1.889467068443003994e-01 -2.214992835409955452e-01
4.230621139237636941e-01 -2.145102324877957989e-01
3.615653384063415299e-01 -6.479103150652239240e-02
2.715336154511012179e-01 -1.378445670878649387e-01
3.962555595100634154e-01 -3.288623162557342827e-02
5.796082008272578079e-02 -1.421474696951773586e-01
1.041234175756337033e-01 -1.420257583877478080e-01
-1.163907341595935840e-01 -3.470932555685691256e-01
-1.096917939742320797e-01 -3.899226150971461524e-01
1.488791095902891604e-01 -2.800524545306416480e-01
-1.861061943541914843e-01 -4.316594971538311731e-01
2.030817754878268613e-02 -8.826776539984770853e-02
3.548033175673796502e-01 -3.781222073424412855e-01
-1.444590970474309011e-01 -2.420714405076025977e-01
-1.174119018404464962e-02 -2.253726072757602505e-01
-1.545189837219630435e-01 -4.186945760927037741e-01
4.244170980480028998e-02 -1.230987171583141221e-01
-1.390116534899651368e-01 -4.809408152178670792e-01
1.589317152773766229e-01 -5.606685856139839025e-02
-2.167679343586270679e-01 -1.875624663676481729e-01
1.513211463448631555e-01 -2.963702537177414359e-02
-1.898519824123083843e-01 -3.247074159303226515e-01
-8.505559862391599835e-02 -4.802209473278696850e-01
-2.843830886688153425e-01 -5.789139351387333488e-01
1.015548193066692501e-01 -2.806986150863537421e-01
-1.355840349259962996e-01 -1.672672161130739354e-01
3.281017248452359203e-01 -7.462055841520136290e-02
7.315336235539986187e-02 -9.900770776154414754e-02
4.026330156071062927e-01 7.622992238718466484e-02
-1.012619903180969200e-01 -3.796081470420170079e-01
9.442611770560357942e-02 -1.331806376855834972e-01
-2.049062011041544173e-01 -2.979720516416668463e-01
-1.283579686546957033e-01 -2.889662568191334602e-01
-1.221596370223282796e-01 -2.749668926896183807e-01
8.992862929538641970e-02 -1.226362298438412463e-01
-3.510295268762874676e-01 -3.382346486821538045e-01
3.673024272274060253e-01 2.209662070870490463e-02
-3.275517650257313007e-01 -4.756410816585533996e-01
3.049869492843613750e-01 1.264265351033913749e-02
-2.146693141922365045e-01 -2.299263252501197730e-01
-6.995426705642027176e-02 -2.879416877771744931e-01
-2.044861173759228434e-02 1.258129458856179286e-02
-1.854944807794213849e-02 -1.899146584883959488e-01
-4.310102060567959081e-01 -3.730276807377856940e-01
8.737730636587398569e-02 -4.295139369202943813e-01
-3.593634492639622424e-01 -3.378166987052350634e-01
-2.435414191928519378e-01 -2.771648368127287432e-01
1.551626301813286701e-01 -8.743243821611040856e-02
-1.141394930843296490e-01 -3.625153012005669084e-01
1.150771859649123846e-01 -1.942255010203050147e-03
-1.208848170669059030e-01 -2.199565549070214288e-01
-2.306366822890342505e-01 -1.786840674660941097e-01
-3.693278252640939258e-02 -3.102714362603022913e-01
-3.034135701331477364e-01 -2.505789311689707310e-01
3.432754515760999547e-01 1.570599609862255164e-01
-8.873647206929559383e-02 -1.092075606889096884e-01
1.084854578111204282e-01 1.163161741456495007e-01
-1.969564763586957035e-01 -2.805313441450524303e-01
1.161137777398456999e-01 -4.939455727942127644e-02
-2.154842652722208651e-01 -3.292118688109744173e-01
2.915242759743369438e-01 -6.261298607574790343e-02
-1.562391951096546994e-01 -3.722536397454874191e-01
2.389066153621619004e-01 6.238079057487445900e-02
-1.836274749100684223e-01 -3.385725821895221310e-01
-1.594354495023879714e-01 -2.543280694091634153e-01
7.396598334855798706e-02 -3.292522811845020048e-01
-2.634956459788696526e-01 -3.192345697357906187e-01
1.543202062031944766e-01 5.408251290255915167e-02
9.504302074902619413e-02 -1.136618222208255792e-02
2.400795614686953017e-01 4.003458173112432461e-01
9.852672999759894135e-02 -9.128230137214123074e-02
-6.335675065413802487e-02 -2.373720718767747262e-01
-2.844585757195117193e-01 -2.222846089457555241e-01
-1.208978836633433085e-01 -2.661212327119777399e-01
-1.207694949781994709e-01 5.044094478579791430e-01
-6.561382854432781242e-01 2.406359115865810971e-01
-1.545190340913988880e-01 3.977311496168099980e-01
-5.124032949288431782e-01 3.262183018602153317e-01
-3.739963969681768807e-01 3.933085607185127786e-01
-1.305501292847869588e-01 4.660558699054290765e-01
-1.929370296909888038e-01 3.368941606047672899e-01
-3.738073851147125648e-01 3.071040445238644723e-01
-4.070072132100282375e-02 4.733932591733384099e-01
-3.297838154661451027e-01 2.704350516488303602e-01
-7.617518264918561599e-02 5.005242926242068346e-01
-4.663580027493867131e-01 1.985979298487694500e-01
-1.777223724780680747e-01 4.587054517516184760e-01
-4.629007985691698801e-01 4.185544449681121160e-01
-7.827801995845792837e-02 3.246561671598788279e-01
-5.368859911278495156e-01 2.573092761856376476e-01
1.758792169873046873e-02 4.696654692482320481e-01
-6.490868521296401239e-01 3.852862328651384116e-01
-1.844694171820130679e-01 3.385813440741023417e-01
-4.600536409488165113e-01 3.387443050895551089e-01
-4.968801545347892867e-01 4.387548330615776981e-01
-2.600848977797871053e-01 3.794628137614223240e-01
-1.505270238401117400e-01 3.540782589016151505e-01
-3.085894949139664223e-01 2.256864528254109714e-01
-1.880323378664426892e-01 5.632214351766151594e-01
-3.029234324956792124e-01 3.076971410087935843e-01
-6.732287421669198857e-02 4.188660550794171544e-01
-4.404530573066901544e-01 3.417554616856506855e-01
-1.832647618511894505e-01 3.679399773626379488e-01
-5.024147785463940474e-01 3.123666606069744334e-01
-4.229189205454270684e-01 3.192841078239143648e-01
-9.349207937441528227e-02 3.917566559189421538e-01
-1.864808091614191532e-01 3.484238895980217854e-01
-9.020164017758014463e-01 2.130727690085718051e-01
-4.054291926557900272e-01 3.599700957530323486e-01
-4.682498066294458194e-01 1.933523011374647105e-01
-1.608211079118919140e-01 4.928298204674858574e-01
-4.063878983652172150e-01 6.729158591033682080e-02
-3.806920706246097463e-02 4.421157522675126517e-01
-3.593045122972364225e-01 1.820993774551473432e-01
5.381191802555948533e-02 4.322131193998879350e-01
-5.869429221529125495e-01 2.591545451924945898e-01
-7.051964399936523631e-02 4.382181241520444193e-01
-3.119973304298517824e-01 3.036518299506954510e-01
-5.410513636464867604e-01 2.465785515463212452e-01
-2.182175015305848065e-01 4.744918016936718885e-01
-5.588283095134088246e-02 4.148664721031099512e-01
-5.467940600067275891e-01 2.547294788971767865e-01
-2.301339785689271167e-01 5.244767306432189802e-01
-3.441470281370093698e-01 2.295829819675157257e-01
-2.045736716185735105e-01 3.842349737478802374e-01
-4.062396883043872808e-01 4.488628583372360481e-01
-1.011654726650048075e-01 3.517381716387147916e-01
-4.548206285989818132e-01 3.651129819968065848e-01
-2.813293767460874895e-01 3.926947140176251794e-01
-3.344795114438317007e-01 3.002611257209401585e-01
-3.144652633520975127e-02 4.045697634710138102e-01
-3.219150655561046626e-01 3.496660912968563295e-01
-5.724903915171635632e-02 3.385270702195310455e-01
-5.466721415519287808e-01 3.292185413093300372e-01
-3.375253046309807659e-02 4.163377108169126761e-01
-3.942261748965318335e-01 3.729044278980864213e-01
-1.340692210591495070e-01 4.358200565105974644e-01
-7.217905524432822739e-01 3.012295113909184141e-01
-2.489385638472451645e-01 4.307841135541751187e-01
-6.669326667934586395e-01 1.736762751052561005e-01
-2.035476327148596498e-01 3.729718134709185673e-01
-6.514984641771476293e-01 2.578447271771113214e-01
-2.101820746640640225e-01 4.620839449276740174e-01
-5.367220407675777905e-01 3.585722788435221631e-01
-2.754619570507275128e-01 3.086358174163731372e-01
-3.603722456217544612e-01 2.742117581760832867e-01
-4.093521642993079857e-01 2.693220874539761778e-01
-3.421183055292299491e-01 3.568570536491746381e-01
-2.458358326428921881e-01 3.095983957910380391e-01
-6.464259074247460379e-01 2.914797216475917274e-01
-1.612322053658024057e-01 3.740850687821337672e-01
-6.346502330208008136e-01 1.937360054452542946e-01
-2.023111051043194608e-01 4.542189808947256768e-01
-5.967878089102043315e-01 1.712216929319521630e-01
-2.325169668510635723e-01 3.481445473855724337e-01
-5.490314818107486783e-01 2.699472014134153830e-01
-2.226021506898134827e-01 3.355987390951434834e-01
-5.176269539810351983e-01 2.499557379587781514e-01
-1.677310417434531298e-01 4.432469370269968012e-01
-6.503245482759344442e-01 1.034360298876588341e-01
-1.728926112399994386e-01 4.214236709753911292e-01
-4.409872147960464117e-01 4.368204686453676100e-01
-2.405399835162792266e-01 4.160878638071455193e-01
-6.813623149127093770e-01 1.351485977657159165e-01
-3.260371301413038658e-01 3.265757025915703715e-01
-6.392370947566866635e-01 1.063417598358960409e-01
-1.934207247858384104e-01 3.532570669331344115e-01
-5.681665134606702638e-01 2.397707474198933486e-01
-2.162962432129557910e-01 3.466349980638088746e-01
-5.271831534325425173e-01 2.773894281294720376e-01
-3.542688349241946422e-01 2.099326259695298014e-01
-3.329958578873390418e-01 4.030719029282934240e-01
-1.197142288610632127e-01 3.290171000570769611e-01
-5.492055149312282669e-01 1.636570401287935905e-01
-3.372379139089289324e-01 3.274319140659116556e-01
-7.434853621560533199e-01 1.105114691583950620e-01
-3.049498898669230074e-01 2.542831848329403233e-01
-5.513385108013392211e-01 3.880596016122790926e-01
-2.451851267723404448e-01 4.543038190106952201e-01
-4.157489152713561564e-01 1.948469070029007766e-01
-8.232834851824437361e-02 3.480325145354280503e-01
-5.692419335454880214e-01 2.131004514344357337e-01
-7.184982862907464407e-02 4.008885216222713432e-01
-3.807397455912189255e-01 2.724796813963596964e-01
-3.832518875010051396e-01 2.774003346135987536e-01
-6.745341380180724933e-01 2.980769765694894491e-01
-1.597066549756413212e-01 2.813984188189799784e-01
-6.505653739627580423e-01 2.194322414279447353e-01
-1.654365566450270164e-01 4.353305027499108637e-01
-7.661813511003349175e-01 2.543019848775928682e-01
-2.668160019079358070e-01 2.443454472527018251e-01
-6.157129722233301017e-01 2.261707595880189936e-01
-2.597830934711407025e-01 4.610862542949970555e-01
-2.568826139704525890e-01 3.923102861337243730e-01
-5.722727403355397646e-01 2.844294769698043068e-01
-2.755233128824647881e-01 3.390840233492726785e-01
-4.301752309594519819e-01 1.707089263283399772e-01
