2.915550000000000000e+04
2.822980584067159725e+04
2.739274994207287091e+04
2.664433230420382461e+04
2.598455292706445834e+04
2.541341181065477213e+04
2.493090895497476231e+04
2.453704436002442890e+04
2.423181802580377916e+04
2.401522995231280947e+04
2.388728013955150891e+04
2.384796858751989930e+04
2.389729529621795882e+04
2.403526026564570202e+04
2.426186349580312526e+04
2.457710498669022491e+04
2.498098473830700459e+04
2.547350275065346432e+04
2.605465902372959681e+04
2.672445355753542390e+04
2.748288635207091647e+04
2.832995740733608909e+04
2.926566672333094175e+04
3.029001430005547445e+04
3.140300013750967992e+04
3.260462423569357634e+04
3.389488659460714553e+04
3.527378721425039112e+04
3.674132609462332039e+04
3.829750323572592606e+04
3.994231863755821541e+04
4.167577230012018117e+04
4.349786422341181606e+04
4.540859440743314190e+04
4.740796285218412959e+04
4.949596955766480824e+04
5.167261452387517056e+04
5.393789775081521657e+04
5.629181923848493898e+04
5.873437898688433052e+04
6.126557699601341301e+04
6.388541326587215008e+04
6.659388779646059265e+04
6.939100058777870436e+04
7.227675163982648519e+04
7.525114095260394970e+04
7.831416852611109789e+04
8.146583436034792976e+04
8.470613845531443076e+04
8.803508081101061543e+04
9.145266142743648379e+04
9.495888030459203583e+04
9.855373744247721334e+04
1.022372328410921182e+05
1.060093665004367358e+05
1.098701384205110226e+05
1.138195486013149202e+05
1.178575970428485452e+05
1.219842837451118539e+05
1.261996087081048317e+05
1.305035719318274932e+05
1.348961734162798093e+05
1.393774131614617654e+05
1.439472911673735362e+05
1.486058074340148887e+05
1.533529619613859104e+05
1.581887547494866594e+05
1.631131857983170485e+05
1.681262551078771357e+05
1.732279626781668921e+05
1.784183085091863468e+05
1.836972926009354705e+05
1.890649149534142634e+05
1.945211755666226964e+05
2.000660744405608857e+05
2.056996115752287151e+05
2.114217869706262718e+05
2.172326006267534685e+05
2.231320525436103635e+05
2.291201427211968985e+05
2.351968711595130735e+05
2.413622378585590341e+05
2.476162428183346055e+05
2.539588860388398462e+05
2.603901675200748141e+05
2.669100872620394803e+05
2.735186452647337574e+05
2.802158415281577036e+05
2.870016760523113771e+05
2.938761488371947198e+05
3.008392598828077898e+05
3.078910091891504126e+05
3.150313967562228790e+05
3.222604225840248982e+05
3.295780866725565284e+05
3.369843890218179440e+05
3.444793296318090870e+05
3.520629085025299573e+05
3.597351256339804386e+05
3.674959810261605890e+05
3.753454746790702338e+05
3.832836065927096643e+05
3.913103767670789384e+05
3.994257852021777071e+05
4.076298318980062613e+05
4.159225168545644847e+05
4.243038400718523772e+05
4.327738015498700552e+05
4.413324012886174023e+05
4.499796392880942440e+05
4.587155155483008130e+05
4.675400300692370511e+05
4.764531828509031911e+05
4.854549738932987093e+05
4.945454031964240130e+05
5.037244707602789858e+05
5.129921765848636860e+05
5.223485206701779971e+05
5.317935030162220355e+05
5.413271236229958013e+05
5.509493824904991779e+05
5.606602796187321655e+05
5.704598150076948805e+05
5.803479886573873227e+05
5.903248005678094923e+05
6.003902507389611565e+05
6.105443391708426643e+05
6.207870658634537831e+05
6.311184308167946292e+05
6.415384340308650862e+05
6.520470755056652706e+05
6.626443552411950659e+05
6.733302732374547049e+05
6.841048294944438385e+05
6.949680240121628158e+05
7.059198567906114040e+05
7.169603278297897195e+05
7.280894371296975296e+05
7.393071846903350670e+05
7.506135705117023317e+05
7.620085945937994402e+05
7.734922569366259268e+05
7.850645575401823735e+05
7.967254964044685476e+05
8.084750735294838669e+05
8.203132889152293792e+05
8.322401425617042696e+05
8.442556344689091202e+05
8.563597646368434653e+05
8.685525330655075377e+05
8.808339397549016867e+05
8.932039847050250974e+05
9.056626679158781189e+05
9.182099893874609843e+05
9.308459491197735770e+05
9.435705471128156641e+05
9.563837833665874787e+05
9.692856578810887877e+05
