4.396221067619469625e-01 1.466050779776480184e-01
2.373904365419359785e-01 3.487627201665024490e-01
2.366603116122308614e-01 2.669631044572177703e-01
4.154192290894576645e-01 3.031001586012974647e-01
5.654904702568314123e-01 1.852969577884436558e-01
3.461594790403739741e-01 1.536442615851894844e-01
3.495513050604220351e-01 7.843160513055724703e-01
2.954914492294525297e-01 4.415737439978220658e-01
4.724576667044015910e-01 4.011035776675878628e-01
2.402534800406203042e-01 1.956889001394765959e-01
3.031340661800602243e-01 2.162885874806533826e-01
3.217310421144166099e-01 -3.506188061877280743e-02
6.193760489371744615e-01 2.481639875270554296e-01
5.307590621002040709e-01 7.435074900776051932e-01
3.159308616486707355e-01 3.224189659998557556e-01
3.487640957279462550e-01 3.232120310052531975e-01
4.412458320335865825e-01 6.192118339893695200e-01
4.268360969445866293e-01 1.549824084417323056e-01
5.553874278858724756e-01 3.052306355680488581e-01
4.922823056147431209e-01 -1.020576518313512648e-01
4.663720915957553226e-01 9.193243665144307242e-02
4.317960661282402302e-01 3.825672688236629870e-01
3.266631972283695617e-01 3.739122566211728338e-01
2.804315790883538106e-01 2.425933015176288954e-01
4.222050661596374321e-01 3.691351660831506121e-01
4.089660257609107896e-01 8.223432643083267157e-02
3.082763778665050802e-01 7.046191482141608842e-02
5.587374660476633892e-01 -2.704974075936875111e-01
4.531478171740228600e-01 1.654806818594926066e-01
2.687299879909378353e-01 -1.447144246557467533e-02
4.068584125430463327e-01 2.190359880503765788e-01
2.879249859804280942e-01 1.614619353602252394e-01
4.124726993127925678e-01 2.250309291304661008e-01
1.447797581280803048e-01 4.416585128347724765e-01
5.352628205832918873e-01 4.976621895923780126e-01
4.855965234208799997e-01 3.567959331861902395e-01
4.182588986643006046e-01 -1.228553753347155254e-02
5.398382732692608155e-01 -4.461954839616873864e-02
4.029545134330648759e-01 5.473781382275785257e-01
3.981477145374883730e-01 1.765611436721703509e-02
2.447855604914573879e-01 5.016873790283414847e-01
4.193388772383860319e-01 6.597354098499777497e-02
3.341448547600839869e-01 5.822473590942601751e-01
2.485329957320192573e-01 7.818643025575942873e-02
3.119278600367482723e-01 6.822871307556631626e-01
4.674831931646725169e-01 -2.672587930302489784e-02
5.327262334432492086e-01 -1.974217339965106399e-01
2.929554240369338092e-01 3.363800475809278767e-01
5.780191304343331726e-01 3.147310104807262143e-01
2.860589927163176283e-01 2.039773065768132054e-01
3.559793471875753457e-01 4.967494695383905534e-01
2.992260385855587956e-01 3.576288448321418012e-01
3.022191634312947350e-01 5.826158038079856105e-01
3.839511372938265166e-01 6.136551209998891698e-02
3.146474724149300739e-01 3.050402301036089781e-01
2.647386069334421999e-01 2.496103620254218891e-01
3.165854602085256819e-01 3.957741602840111894e-01
2.664761926659096614e-01 -4.398922168718611553e-02
3.615344699685031915e-01 4.427631393033218399e-01
2.489038040711193944e-01 1.680331121608356904e-01
5.193163462992798074e-01 5.345474124962533713e-01
2.248912102000684698e-01 3.082587861831668219e-01
2.432046962402743540e-01 5.030855446049711244e-01
2.927555799142744775e-01 -5.627944143131104367e-03
2.227676250280238301e-01 4.631216775987463952e-01
5.917011551010515485e-02 5.197237523608050358e-01
3.825724777251134356e-01 3.803936497107977543e-01
1.681527022716783892e-01 2.515037919628627661e-01
2.918597004329557820e-01 7.144701415046019743e-01
4.245409702647894301e-01 3.849404621930324621e-01
3.026339059530503972e-01 4.140724960076452299e-01
1.253412628070370294e-01 4.770522465763272213e-01
2.363066298099355533e-01 5.131874877226290099e-01
2.381442317130331721e-01 4.749952458807935041e-01
2.253332322149517175e-01 5.983060096732192301e-01
1.153809608031251682e-01 4.249488861746441026e-01
4.918967006110710471e-01 2.732947407806717854e-01
1.146825568665469086e-01 4.163035732302265424e-01
3.101582529845490210e-01 4.730466728030957024e-01
2.461809174644384590e-01 2.827246760533903558e-01
8.997215570307282029e-02 8.596907071057126037e-01
4.021816602978897648e-01 3.454581975673078897e-01
3.977918049903690356e-01 6.421431139598740012e-01
2.685562727878357814e-01 2.955435071372806699e-01
4.836423961614853551e-01 2.083220905388805944e-01
4.528313228981886707e-01 3.780514190150123799e-01
3.736201597658010409e-01 2.733000664305950678e-01
4.089656006374279285e-01 3.937934008992479695e-01
3.681905607148682202e-01 2.823396523081914689e-01
1.786122201463334613e-01 6.445380467656420809e-01
8.652009253200665384e-02 9.014325573639394573e-01
2.690846221676080341e-01 2.957187813470154580e-01
2.817575677216323515e-01 5.737724707305403848e-01
2.625854204141454540e-01 2.397419924691107096e-01
1.477872391711162192e-01 9.258295514506656998e-01
3.455306343170136407e-01 3.529635490332087011e-01
2.256323076454849752e-01 7.151078784529922849e-01
2.595502928130276610e-01 1.276137297417444597e-02
2.611763786444771251e-01 4.609901092960165814e-01
2.645806214164436732e-01 5.161002188748682329e-01
2.991276461899168848e-01 9.201056035313751602e-01
1.594324286011094549e-01 1.046705996430602054e-01
4.763051568212802733e-01 5.024912213944006112e-01
3.564161401847890098e-01 1.023196761760965384e-01
4.381530814440712795e-01 1.053419130487602551e-01
9.066682158198235975e-02 6.478585071304241438e-01
4.919525556747590400e-01 3.488041297107521421e-01
2.845625784522254342e-01 3.254434403752268223e-02
2.314339790712325040e-01 8.216265357670039515e-01
2.138994900514750580e-02 7.098962499468736143e-01
4.327822212584748196e-01 4.859218447099291072e-01
2.296629751683322007e-01 2.327899198905390155e-01
3.198639563352643211e-01 6.051077765772716610e-01
5.516953798707749934e-01 2.987540921074592348e-01
2.023588911273112578e-01 5.621775102778795441e-01
2.243614833224379379e-01 6.322797936384622064e-02
4.685917900240578748e-01 4.854980124868004121e-01
2.090131598994922346e-01 3.337169398272674670e-01
3.563614009980405894e-01 1.114613315839152741e-01
2.591218654945846578e-01 1.835900946264696076e-01
4.118270090263895233e-01 3.832242649939947565e-01
3.080798079723455762e-01 -8.990740143143919130e-03
1.822336317769599479e-01 6.278801961245167318e-01
1.345908495664876747e-01 2.200865354920876205e-01
2.675590937473291686e-01 5.997820643133984220e-01
2.405517552646082025e-01 2.447013837929248037e-01
2.084022766161137963e-01 6.588132231976774333e-01
1.947463907476855716e-01 1.774734943042201862e-01
2.107501508257803371e-02 8.302995822861893860e-01
2.837630464771316308e-01 2.314053498874778791e-01
3.206885513933963039e-01 2.827111336531761832e-01
3.222421401605055080e-01 3.702871417891991923e-01
2.061354678950113872e-01 8.930503513200251930e-01
2.779207304410175605e-01 2.330079393496479467e-01
1.926541361419167320e-01 4.389663085786597030e-01
2.545605033759428260e-01 2.772867189803344679e-01
3.848640378679151763e-01 5.533239303057788661e-01
1.828055055596939926e-01 2.684004754085163036e-01
1.976851321368919834e-01 6.562099429683128093e-01
1.486857408331643815e-01 3.415579343847389704e-01
2.146723485700579581e-01 2.249124185912079465e-01
8.867130490929027442e-02 3.546386215130917230e-01
1.480174768294654220e-01 4.052287792668498034e-01
1.640763286324114778e-01 2.332671227120960422e-01
4.046759596997331343e-01 1.960386420480624003e-01
3.101026595417807341e-01 5.577417721447005539e-01
4.052597543634992583e-01 1.704582999675598176e-01
2.307602090851555432e-01 4.534399552138161926e-01
2.580250260136674467e-01 4.770291442122441827e-01
2.206011441388912586e-01 4.220631018003963009e-01
1.853125454019584895e-01 6.554103089654038650e-01
2.041400399684249467e-01 1.784041822681604605e-01
3.005957731828914348e-01 2.616113323221510578e-01
3.022490570870433046e-01 8.190339367409543714e-02
3.404577837254304518e-01 7.478677107309648908e-02
3.162864388274672089e-01 1.356294624441271024e-01
1.165635183159012961e-01 5.319549747625273994e-01
3.960121143751106909e-01 -2.457837188614435120e-01
1.438557395344189915e-01 2.728898816826236251e-01
2.554327746834526014e-01 4.645423042735738473e-01
3.274165425599459556e-01 1.711336020462926044e-01
1.665163179800439319e-01 3.289948531352986372e-01
4.067565189946169002e-01 8.066946734400293195e-02
1.944937428746047747e-01 1.317882127665165326e-01
7.189924714199939781e-02 4.773244101972520248e-01
1.344358172444009569e-01 2.264404404461819453e-01
2.499733513700348464e-01 4.181273915362161420e-01
3.758711446914985155e-01 -1.815314947085551640e-03
2.225002458745805600e-01 -2.210961431737477056e-01
3.064528511869468175e-01 7.289312271730290227e-02
1.436866720486200122e-01 5.427509956515196299e-01
2.692864324141724386e-01 9.925966847214329203e-02
1.619980898375119605e-01 9.651210265742216077e-02
1.607286083156914680e-01 -3.242880944771581175e-02
3.213465876843147329e-01 1.468581019567292978e-01
1.826901694826532085e-01 1.577832315114717499e-01
2.086733651021341895e-01 3.753735971292451734e-01
1.589465651587309292e-01 1.991517874269363442e-01
2.119351444717622046e-01 3.499011534723361905e-01
1.933380357224196155e-01 2.473670249343963012e-01
2.138319490693644243e-01 6.411714335742817461e-01
1.595890406293043184e-01 1.408899151870728061e-01
3.487383058406799963e-01 3.703560792072694285e-01
1.530196122710648643e-01 1.630437374277718399e-01
1.339077488383903780e-01 5.212102798224449440e-01
2.270281631442664372e-01 1.759838972638264332e-01
-1.790082044958494004e-02 5.452528476165463545e-01
1.934944995918384258e-01 3.425258235297775622e-01
2.336412720823504707e-01 8.303650070521144677e-01
9.695131912648999317e-02 -8.302512658484013930e-02
2.007916369163573744e-01 6.116275413081232459e-01
1.616108497241172670e-01 6.143691793912183785e-01
2.042127212423130722e-01 1.602988974684197709e-01
2.681296827873652089e-01 1.215852325563244463e-01
6.844920950750743582e-02 3.430859562397129414e-01
1.267109780515263961e-01 2.462941087520250649e-01
1.036528583774090212e-01 6.444662309646090881e-01
2.071334224260255596e-01 1.603092451264511928e-02
1.343194827616196740e-01 7.978808285373364395e-01
3.266623182563117567e-01 -1.911045542026280630e-01
4.576111330973287733e-02 3.504912955423152843e-01
-3.681424061935560654e-02 3.182665188083369512e-01
1.820498523636414068e-01 3.939493961729343408e-01
1.263117977042567952e-01 2.955111815360125238e-01
2.395835061707402569e-01 4.522017084489291516e-01
2.204868852331038909e-01 1.266156516126291653e-01
2.212414405509204873e-01 9.289138738439149667e-02
8.927119897902846546e-02 1.590520168306436832e-01
2.708514575261615209e-01 4.698073293289146690e-01
1.646763555171360527e-01 3.915651146670135474e-01
3.567746759216912089e-01 1.612238501682914382e-01
1.841866030995889802e-01 4.639568193650732142e-01
6.762462979316430367e-02 2.526585194750748942e-01
6.960422991529109649e-02 3.788617302685622357e-01
1.806810454246462472e-01 4.058112610033396961e-01
1.487269627348440093e-01 4.105028350918180080e-01
1.939794880712135960e-01 2.305925299251453953e-01
8.632002549411423031e-02 6.687013279968168078e-01
1.954891773522990372e-01 2.984750733921625043e-01
-5.673311668496471283e-01 1.308835204565970134e+00
-4.990661218191150827e-01 1.957295610391369456e+00
-4.696500578166882822e-01 1.156007409164527600e+00
-5.004745155500673892e-01 1.757707890392923078e+00
-5.180044762659917756e-01 1.660164810291621329e+00
-5.285093058211605133e-01 1.280665012584673024e+00
-4.210800809024097258e-01 1.363156986696816730e+00
-4.527904406905114976e-01 1.636544467423817206e+00
-5.017167602935003190e-01 1.270311553946510408e+00
-3.988187575605124380e-01 1.518816310239048173e+00
-5.168526359774070489e-01 1.517788593569714628e+00
-3.648417332010290282e-01 1.617695889444112467e+00
-5.456974629010820088e-01 1.420044126214130342e+00
-5.147391263503134917e-01 1.779368737291475711e+00
-3.822742305337892277e-01 1.083566773882932210e+00
-4.374532145801552363e-01 1.782250843768579784e+00
-4.795422321547150868e-01 1.210355945605807060e+00
-5.571523878824800047e-01 2.090193046106105790e+00
-4.169608502517407334e-01 1.307833872532890185e+00
-5.261721530240837108e-01 1.735005949669821135e+00
-6.029295479028509153e-01 1.808100259665394338e+00
-4.815786316967963221e-01 1.547358148810327627e+00
-4.388532619851797656e-01 1.224321426745822894e+00
-3.455179412620988932e-01 1.463673154668894361e+00
-6.252069166012459434e-01 1.679104369664997876e+00
-4.255693003327905011e-01 1.531163429396303455e+00
-4.638095444019145752e-01 1.221108361561186628e+00
-4.760041893308714078e-01 1.729263721792923647e+00
-4.518066501291415626e-01 1.216712357996918348e+00
-5.018292472655238035e-01 1.733808721277380283e+00
-4.897168746192539501e-01 1.711129406897474281e+00
-4.241870702180271513e-01 1.356811662442257038e+00
-4.026512240885317118e-01 1.390517534641243724e+00
-4.987078477031315904e-01 1.855995296111878856e+00
-5.316591134424942799e-01 1.617360722373429649e+00
-3.715698184768795875e-01 1.644870075042253132e+00
-5.328845279666731827e-01 1.583914417200241065e+00
-2.160707808799145757e-01 1.584730830210633101e+00
-4.708333020738663111e-01 1.200355906773374004e+00
-3.160430055793493898e-01 1.387809895862990972e+00
-4.306876494693477886e-01 1.055979340954766643e+00
-4.793408430225795103e-01 1.873020612202395574e+00
-4.855271597519436044e-01 1.190315464883585195e+00
-4.507954859653433566e-01 1.339874125869154886e+00
-4.578775493610396374e-01 1.731151660835443806e+00
-5.548329235697317952e-01 1.618572690848771423e+00
-4.591048646249139553e-01 1.132440846509295884e+00
-4.806669604617903602e-01 1.735521551355163838e+00
-6.000661139773155739e-01 1.621550819544375743e+00
-3.515885828821320724e-01 1.590752240776060367e+00
-4.659865299685355677e-01 1.360487190365548438e+00
-6.143895537431440790e-01 1.734832679653656395e+00
-4.107485454359144916e-01 1.193547954535160383e+00
-5.586103158877661068e-01 1.632734544369034646e+00
-5.167949782923783042e-01 1.526594440640965500e+00
-4.332949937816844566e-01 1.626570541635931733e+00
-4.332518791584175633e-01 1.165650541489879455e+00
-4.788148195059856449e-01 1.619490451727587210e+00
-3.698032280413159345e-01 1.204194979503963259e+00
-5.450980286514582884e-01 1.814100050374520157e+00
-4.487150194256199209e-01 1.098366529596583652e+00
-5.202009102235420901e-01 1.757331844243997576e+00
-5.114941771999399478e-01 1.299946262361342919e+00
-6.010935077071587473e-01 1.903810498199532741e+00
-5.449002527801130036e-01 1.515042390682677542e+00
-4.415892714410241671e-01 1.931188631662326793e+00
-4.713750746294070870e-01 1.362670534687280721e+00
-5.021725531962630829e-01 1.993275808305760011e+00
-5.406679732098965685e-01 1.586112336359875696e+00
-5.705227156054444304e-01 1.803741742107320967e+00
-4.388813183229559045e-01 1.380246840646461415e+00
-4.271812335293301288e-01 1.586136160385758220e+00
-4.436556667662633902e-01 1.589370488985905494e+00
-4.873787774659102956e-01 1.626755541054533349e+00
-4.281358558850392182e-01 1.387129195246873614e+00
-5.292082249814680228e-01 2.046740133102972869e+00
-4.484716315471564130e-01 1.215460151709219172e+00
-4.196244400546165210e-01 1.836391304377968492e+00
-5.479491939838504466e-01 1.484027293405375536e+00
-3.993600068742154119e-01 2.001539914696326417e+00
-4.566382117811522701e-01 1.240211710111007948e+00
-4.887749539982796376e-01 1.643188233588848135e+00
-4.399209486042248152e-01 1.311745481454546614e+00
-4.647478557711527403e-01 1.703207156155198465e+00
-5.154976079443998049e-01 1.423808796582521241e+00
-3.660695636886331372e-01 1.793705508580683006e+00
-4.919842259350371561e-01 1.490216933162137991e+00
-6.003224612023787543e-01 1.624869275715588035e+00
-5.157962735952388300e-01 1.408271933023066191e+00
-4.257416033414030410e-01 1.807950457234322572e+00
-4.683821172952894463e-01 1.511856351400181042e+00
-3.869628609452379076e-01 1.693135560396033190e+00
-4.405481582178625843e-01 1.368560084780793051e+00
-4.546854386577184326e-01 1.826135350466087770e+00
-4.373560475145416571e-01 1.463543774411437681e+00
-5.048527156065290011e-01 1.680522992146255667e+00
-3.686628214426971861e-01 1.368146890624122314e+00
-5.464679708202355712e-01 1.606570245552714216e+00
-3.717821220661981507e-01 1.061377807828058684e+00
-4.091810656548139358e-01 1.624120941710794241e+00
-4.796555386861272030e-01 1.471323102496041368e+00
-4.317833343676399926e-01 1.703550685507063012e+00
-3.810046355498248882e-01 1.431651657311123982e+00
-6.088467382610455170e-01 1.927987295880127849e+00
-5.700107866652318611e-01 1.451231990264149507e+00
-3.382625837777288313e-01 1.621504449571210760e+00
-3.712568006377948704e-01 1.372026313238712714e+00
-4.541428118461575680e-01 1.588267278618394895e+00
-4.331371757763046171e-01 1.284279542523542705e+00
-3.977190342779468035e-01 1.521408217506766247e+00
-4.469182656952800925e-01 1.412312922202178633e+00
-5.455683646159823486e-01 2.067338457516465056e+00
-3.542979175071132025e-01 1.349273794179295383e+00
-4.980973895432360687e-01 1.842458087209884354e+00
-5.214139633994171463e-01 1.333401763549156849e+00
-5.725608830722345166e-01 1.929364032796248463e+00
-3.567778260150250569e-01 1.479793974964167758e+00
-4.368268398696947830e-01 1.935730309690430806e+00
-5.706226570196171188e-01 1.497997120930980142e+00
-5.069467768426927368e-01 1.461154643276480147e+00
-4.901142329923400265e-01 1.828383563136943835e+00
-4.282763090945925222e-01 1.543390417484080679e+00
-3.321338940458160027e-01 1.469755590441303106e+00
