-7.867682456970214844e+00 3.217956781387329102e+00
-8.846405982971191406e+00 6.256688594818115234e+00
-7.490141391754150391e+00 8.010497093200683594e+00
-4.765174388885498047e+00 1.256983637809753418e+00
-6.034885406494140625e+00 -1.910537481307983398e+00
-8.039339065551757812e+00 5.453680992126464844e+00
-9.040475845336914062e+00 -2.365322589874267578e+00
-3.734778165817260742e+00 5.739985466003417969e+00
-8.012181282043457031e+00 -3.015078783035278320e+00
-6.051300525665283203e+00 8.642141342163085938e+00
-7.955886840820312500e+00 5.807944774627685547e+00
-9.123749732971191406e+00 8.138081550598144531e+00
-6.190819740295410156e+00 -2.427397489547729492e+00
-5.978447914123535156e+00 -3.296963691711425781e+00
-6.643793106079101562e+00 5.777912616729736328e+00
-4.664610385894775391e+00 1.222601294517517090e+00
-8.425701141357421875e+00 -3.632874011993408203e+00
-5.174792289733886719e+00 4.988612174987792969e+00
-7.973697185516357422e+00 -4.277927875518798828e+00
-7.207773208618164062e+00 4.618952274322509766e+00
-7.330932140350341797e+00 3.774707317352294922e+00
-5.791585445404052734e+00 1.178816556930541992e+00
-7.493210315704345703e+00 2.466861486434936523e+00
-8.317657470703125000e+00 5.821532726287841797e+00
-5.656349658966064453e+00 1.758786559104919434e+00
-8.418400764465332031e+00 3.517555713653564453e+00
-8.169050216674804688e+00 7.522910118103027344e+00
-6.948495388031005859e+00 4.611233711242675781e+00
-8.413699150085449219e+00 2.536722183227539062e+00
-7.980729579925537109e+00 1.016615104675292969e+01
-7.945031166076660156e+00 4.622041702270507812e+00
-7.525612831115722656e+00 7.364839076995849609e+00
-8.427731513977050781e+00 2.124134778976440430e+00
-3.724787950515747070e+00 8.170064926147460938e+00
-6.785816192626953125e+00 -3.023510932922363281e+00
-6.475480556488037109e+00 -1.180379033088684082e+00
-8.946561813354492188e+00 3.685274362564086914e+00
-6.666038513183593750e+00 3.875187397003173828e+00
-8.425795555114746094e+00 -7.734288573265075684e-01
-5.727427959442138672e+00 5.456488132476806641e+00
-1.058745765686035156e+01 1.843837499618530273e-01
-5.345937252044677734e+00 5.326901435852050781e+00
-9.676480293273925781e+00 -3.282210588455200195e+00
-5.851219177246093750e+00 9.941812515258789062e+00
-8.965986251831054688e+00 -1.010145783424377441e+00
-8.563344001770019531e+00 3.531846046447753906e+00
-6.419999122619628906e+00 4.549322605133056641e+00
-4.574662208557128906e+00 6.440698146820068359e+00
-7.406750202178955078e+00 -3.557765960693359375e+00
-8.054841995239257812e+00 6.843497276306152344e+00
-8.726835250854492188e+00 -2.924156486988067627e-01
-4.281876564025878906e+00 6.305594444274902344e+00
-1.064485740661621094e+01 -2.399137735366821289e+00
-5.142180919647216797e+00 5.991362094879150391e+00
-9.919210433959960938e+00 1.346974730491638184e+00
-7.866905689239501953e+00 6.779850006103515625e+00
-9.830345153808593750e+00 8.244891166687011719e-01
-5.852892875671386719e+00 1.076517391204833984e+01
-5.351082801818847656e+00 7.861193418502807617e-01
-5.250847816467285156e+00 9.542012214660644531e+00
-7.684025764465332031e+00 -3.562921524047851562e+00
-6.054462432861328125e+00 7.829467296600341797e+00
-1.035278224945068359e+01 2.072773128747940063e-01
-5.902477741241455078e+00 1.021748256683349609e+01
-1.065882015228271484e+01 6.134441494941711426e-01
-3.492828130722045898e+00 9.136857032775878906e+00
-8.653109550476074219e+00 2.737043201923370361e-01
-4.902791976928710938e+00 9.682530403137207031e+00
-9.923660278320312500e+00 -2.730769634246826172e+00
-4.515872955322265625e+00 2.268343448638916016e+00
-9.128890037536621094e+00 1.113520383834838867e+00
-7.986013412475585938e+00 8.484776496887207031e+00
-1.413212394714355469e+01 -9.702205061912536621e-01
-4.177979946136474609e+00 6.775987148284912109e+00
-1.111993503570556641e+01 -8.518419861793518066e-01
-9.692860603332519531e+00 6.933848381042480469e+00
-6.708926200866699219e+00 1.202539205551147461e+00
-4.165846347808837891e+00 9.739883422851562500e+00
-1.076354312896728516e+01 -1.327658772468566895e+00
-4.593973636627197266e+00 8.560182571411132812e+00
-1.201563549041748047e+01 -7.826364040374755859e-01
-6.142138004302978516e+00 1.844640016555786133e+00
-6.185451507568359375e+00 -1.295361369848251343e-01
-5.664861679077148438e+00 7.096994876861572266e+00
-5.914864540100097656e+00 -2.009800672531127930e+00
-5.826715946197509766e+00 5.929933190345764160e-01
-5.369521617889404297e+00 3.150480031967163086e+00
-6.845443725585937500e+00 5.339211821556091309e-01
-6.259988307952880859e+00 2.324092388153076172e+00
-2.634478807449340820e+00 5.907401561737060547e+00
-1.198340988159179688e+01 -2.373741865158081055e+00
-4.473226547241210938e+00 8.736589431762695312e+00
-8.910202026367187500e+00 -2.930629551410675049e-01
-5.260013103485107422e+00 8.349616050720214844e+00
-1.175585842132568359e+01 -2.760670423507690430e+00
-5.958728790283203125e+00 2.387402296066284180e+00
-1.022529602050781250e+01 -1.174497127532958984e+00
-4.989458084106445312e+00 1.127760219573974609e+01
-1.118098163604736328e+01 -1.685138344764709473e-01
-3.790412664413452148e+00 5.684868812561035156e+00
-9.540138244628906250e+00 -3.472224950790405273e+00
-5.687951564788818359e+00 1.078429889678955078e+01
-6.891322135925292969e+00 -1.138214111328125000e+00
-5.855819225311279297e+00 6.418885707855224609e+00
-7.944504737854003906e+00 3.226917743682861328e+00
-2.384577751159667969e+00 7.256859779357910156e+00
-6.294399261474609375e+00 -1.004965543746948242e+00
-6.912613391876220703e+00 1.014364147186279297e+01
-1.025691795349121094e+01 -3.197820663452148438e+00
-2.356779813766479492e+00 7.568319320678710938e+00
-8.809426307678222656e+00 -4.053479194641113281e+00
-7.337207794189453125e+00 8.063019752502441406e+00
-1.000609779357910156e+01 -2.591768503189086914e+00
-6.449416637420654297e+00 -2.217772960662841797e+00
-1.135669708251953125e+01 -5.775856971740722656e-01
-6.471961975097656250e+00 9.611512184143066406e+00
-5.447299957275390625e+00 -1.946593284606933594e+00
-4.755709171295166016e+00 8.575689315795898438e+00
-9.379580497741699219e+00 4.323551177978515625e+00
-5.338474273681640625e+00 8.897976875305175781e+00
-4.908615589141845703e+00 -5.661646723747253418e-01
-8.578238487243652344e+00 9.866896629333496094e+00
-1.181864452362060547e+01 -1.772455334663391113e+00
-4.779117107391357422e+00 1.061110115051269531e+01
-1.092107868194580078e+01 -1.837808132171630859e+00
-6.962405681610107422e+00 7.822135925292968750e+00
-1.065858936309814453e+01 -7.839651107788085938e-01
-6.827232360839843750e+00 8.966704368591308594e+00
-1.280622386932373047e+01 -2.427283048629760742e+00
-6.765650272369384766e+00 7.258187770843505859e+00
-1.326738834381103516e+01 4.566667675971984863e-01
-4.623010158538818359e+00 3.278670549392700195e+00
-9.777244567871093750e+00 -1.579898476600646973e+00
-6.791170597076416016e+00 7.130469322204589844e+00
-1.010089492797851562e+01 5.749043464660644531e+00
-4.642131805419921875e+00 7.879454612731933594e+00
-7.569401741027832031e+00 -2.443820953369140625e+00
-5.003834247589111328e+00 9.598783493041992188e+00
-1.003029537200927734e+01 -3.108791112899780273e-01
-8.154816627502441406e+00 8.324336051940917969e+00
-8.989313125610351562e+00 7.512001991271972656e+00
-4.206357479095458984e+00 1.085096073150634766e+01
-9.609168052673339844e+00 6.817473888397216797e+00
-5.841969490051269531e+00 9.335544586181640625e+00
-7.453311443328857422e+00 2.930396318435668945e+00
-9.096372604370117188e+00 -2.189449071884155273e-01
-5.861825942993164062e+00 4.437847614288330078e+00
-3.584543228149414062e+00 6.365665912628173828e+00
-4.682746887207031250e+00 3.505444049835205078e+00
-4.933432102203369141e+00 7.484540462493896484e+00
-1.160137557983398438e+01 -1.746179342269897461e+00
-1.631543159484863281e+01 2.982539415359497070e+00
-1.919453620910644531e+01 -2.182407677173614502e-01
-1.921817970275878906e+01 7.584657669067382812e-01
-1.704284477233886719e+01 3.455105543136596680e+00
-1.981020355224609375e+01 -2.204471826553344727e-01
-1.484146785736083984e+01 1.473494172096252441e+00
-1.277337074279785156e+01 5.672752857208251953e+00
-1.787038230895996094e+01 5.622579455375671387e-01
-1.422972011566162109e+01 -9.028550982475280762e-01
-1.972609901428222656e+01 -2.700483798980712891e-01
-1.593562507629394531e+01 2.347652673721313477e+00
-2.014284133911132812e+01 -1.068122684955596924e-01
-1.610046768188476562e+01 4.178934097290039062e+00
-1.775993347167968750e+01 -6.585407853126525879e-01
-1.560340881347656250e+01 3.791035890579223633e+00
-1.923084831237792969e+01 -1.116802692413330078e+00
-2.001891708374023438e+01 6.323925256729125977e-01
-1.925910186767578125e+01 2.550163507461547852e+00
-1.703532028198242188e+01 3.112284183502197266e+00
-1.686659049987792969e+01 -8.567681908607482910e-01
-1.022586536407470703e+01 7.467015743255615234e+00
-1.661249732971191406e+01 2.983941555023193359e+00
-1.039296436309814453e+01 8.938081741333007812e+00
-1.930714416503906250e+01 3.395631313323974609e-01
-1.634165763854980469e+01 2.709206104278564453e+00
-1.849019813537597656e+01 -8.246665596961975098e-01
-1.828569602966308594e+01 9.838412404060363770e-01
-1.852897453308105469e+01 -2.189282476902008057e-01
-1.609415054321289062e+01 2.992053270339965820e+00
-1.984101676940917969e+01 -2.450968742370605469e+00
-9.421717643737792969e+00 8.839280128479003906e+00
-2.039744567871093750e+01 -2.000590562820434570e+00
-1.002198410034179688e+01 8.305763244628906250e+00
-1.840189170837402344e+01 -1.314468145370483398e+00
-1.810857772827148438e+01 1.107758641242980957e+00
-1.515699768066406250e+01 2.325615644454956055e+00
-1.655140686035156250e+01 1.177009463310241699e+00
-1.994660377502441406e+01 -2.907894372940063477e+00
-1.454218482971191406e+01 5.221438407897949219e+00
-1.987878417968750000e+01 -2.358305215835571289e+00
-1.875087928771972656e+01 -2.304666280746459961e+00
-1.609136962890625000e+01 3.895218610763549805e+00
-1.895208549499511719e+01 6.439030766487121582e-01
-1.508549118041992188e+01 3.279074668884277344e+00
-1.762189292907714844e+01 1.148461103439331055e+00
-1.777014923095703125e+01 -1.471639513969421387e+00
-1.763642501831054688e+01 2.415494441986083984e+00
-1.891830062866210938e+01 -2.668202877044677734e+00
-1.864227104187011719e+01 2.253937959671020508e+00
-1.679340744018554688e+01 1.660503864288330078e+00
-1.465059375762939453e+01 3.560662508010864258e+00
-1.873432540893554688e+01 -8.047249913215637207e-01
-1.555564785003662109e+01 3.251564025878906250e+00
-1.928798675537109375e+01 -1.418792009353637695e+00
-9.791942596435546875e+00 7.983405113220214844e+00
-1.887532043457031250e+01 9.822609424591064453e-01
-1.479477310180664062e+01 4.547598838806152344e+00
-1.926283454895019531e+01 -1.530666708946228027e+00
-1.840167617797851562e+01 -4.260118007659912109e-01
-1.497928428649902344e+01 4.389773011207580566e-01
-1.920430183410644531e+01 -1.686887741088867188e+00
-1.543122959136962891e+01 4.162225246429443359e+00
-1.521382045745849609e+01 3.146580219268798828e+00
-2.025196647644042969e+01 -1.719334244728088379e+00
-1.362768363952636719e+01 1.249845504760742188e+00
-1.744846916198730469e+01 1.359544157981872559e+00
-1.871433448791503906e+01 -2.206871032714843750e+00
-1.824996757507324219e+01 1.997986584901809692e-01
2.389893531799316406e+01 -4.540223121643066406e+00
3.613047409057617188e+01 -6.958629131317138672e+00
2.417231178283691406e+01 -6.491530895233154297e+00
3.342246627807617188e+01 -7.017948627471923828e+00
3.142093276977539062e+01 -6.883954524993896484e+00
2.410775184631347656e+01 -4.806150436401367188e+00
2.620420074462890625e+01 -5.999295234680175781e+00
3.047364997863769531e+01 -6.367449760437011719e+00
2.279037475585937500e+01 -3.978183031082153320e+00
2.992236518859863281e+01 -6.930236816406250000e+00
2.438706016540527344e+01 -2.741832971572875977e+00
3.318369293212890625e+01 -8.060365676879882812e+00
2.495631027221679688e+01 -4.467950820922851562e+00
3.233131790161132812e+01 -7.342743396759033203e+00
2.305688667297363281e+01 -5.811091423034667969e+00
3.387828063964843750e+01 -7.847317218780517578e+00
2.214782905578613281e+01 -4.075300216674804688e+00
3.457417297363281250e+01 -8.592630386352539062e+00
2.566851425170898438e+01 -6.289446353912353516e+00
3.265451049804687500e+01 -5.867048263549804688e+00
3.273319625854492188e+01 -6.494745254516601562e+00
2.726909446716308594e+01 -5.532982826232910156e+00
2.404613685607910156e+01 -5.816219329833984375e+00
2.967989921569824219e+01 -7.205446720123291016e+00
2.536953735351562500e+01 -2.715849637985229492e+00
2.913053894042968750e+01 -6.585831165313720703e+00
2.253651428222656250e+01 -5.737543106079101562e+00
3.220481872558593750e+01 -7.352263450622558594e+00
2.473133087158203125e+01 -6.418734073638916016e+00
3.364978027343750000e+01 -6.623998641967773438e+00
3.127766990661621094e+01 -6.031215190887451172e+00
2.386722564697265625e+01 -3.390072822570800781e+00
2.627164077758789062e+01 -6.993528366088867188e+00
3.737352371215820312e+01 -5.317273616790771484e+00
3.150922584533691406e+01 -5.282348155975341797e+00
3.364522171020507812e+01 -7.717239856719970703e+00
2.511249923706054688e+01 -2.984596252441406250e+00
3.052357482910156250e+01 -8.997794151306152344e+00
2.283450698852539062e+01 -4.322576999664306641e+00
3.149916076660156250e+01 -8.394960403442382812e+00
2.194400978088378906e+01 -4.524300575256347656e+00
3.525787353515625000e+01 -7.118183612823486328e+00
2.312824630737304688e+01 -4.865615844726562500e+00
2.943288612365722656e+01 -4.466120719909667969e+00
3.460617828369140625e+01 -6.751987934112548828e+00
2.595102119445800781e+01 -3.414962768554687500e+00
2.287221527099609375e+01 -5.164824485778808594e+00
3.508385086059570312e+01 -6.250676631927490234e+00
2.553162956237792969e+01 -3.065194129943847656e+00
3.016498374938964844e+01 -7.671762466430664062e+00
2.552880477905273438e+01 -5.875967025756835938e+00
3.191109466552734375e+01 -5.471415042877197266e+00
2.343932914733886719e+01 -5.393840789794921875e+00
3.247228622436523438e+01 -4.636042594909667969e+00
2.739567184448242188e+01 -4.962777137756347656e+00
2.960686302185058594e+01 -6.378347873687744141e+00
2.273602485656738281e+01 -4.409304618835449219e+00
2.922847366333007812e+01 -5.875080108642578125e+00
2.319507217407226562e+01 -3.680442571640014648e+00
3.419918823242187500e+01 -6.307009220123291016e+00
2.263612174987792969e+01 -4.962333679199218750e+00
3.086310386657714844e+01 -6.241020679473876953e+00
2.398480796813964844e+01 -5.103778362274169922e+00
3.639633941650390625e+01 -5.499837398529052734e+00
2.678261566162109375e+01 -4.301703929901123047e+00
3.655373382568359375e+01 -7.119729042053222656e+00
2.570415878295898438e+01 -5.340206146240234375e+00
3.598987579345703125e+01 -7.295595169067382812e+00
2.661912727355957031e+01 -3.534879922866821289e+00
3.377632904052734375e+01 -6.100470542907714844e+00
2.843369483947753906e+01 -5.263797760009765625e+00
3.009640121459960938e+01 -5.958942413330078125e+00
3.098480224609375000e+01 -5.645652294158935547e+00
3.009388923645019531e+01 -6.346932411193847656e+00
2.788497734069824219e+01 -5.521247386932373047e+00
3.604663467407226562e+01 -7.591792106628417969e+00
2.462756156921386719e+01 -6.213195323944091797e+00
3.492743682861328125e+01 -7.900068759918212891e+00
2.547762870788574219e+01 -4.216734886169433594e+00
3.539060211181640625e+01 -8.736607551574707031e+00
2.502790069580078125e+01 -6.761241912841796875e+00
3.453485107421875000e+01 -5.907772064208984375e+00
2.568570899963378906e+01 -6.175319671630859375e+00
3.482222366333007812e+01 -6.262212753295898438e+00
2.497759628295898438e+01 -4.260889053344726562e+00
3.689766311645507812e+01 -6.841075420379638672e+00
2.648478507995605469e+01 -3.653548002243041992e+00
3.238301849365234375e+01 -5.322235584259033203e+00
2.561976432800292969e+01 -5.396110057830810547e+00
3.679787826538085938e+01 -6.453186988830566406e+00
2.943084526062011719e+01 -5.457656860351562500e+00
3.676186752319335938e+01 -6.350104331970214844e+00
2.606978797912597656e+01 -5.695613861083984375e+00
3.511227416992187500e+01 -7.098675251007080078e+00
2.694363212585449219e+01 -5.740089893341064453e+00
3.494290542602539062e+01 -5.525104999542236328e+00
3.036895561218261719e+01 -4.871749877929687500e+00
2.884903717041015625e+01 -4.838930606842041016e+00
2.427404212951660156e+01 -7.220306396484375000e+00
3.565759658813476562e+01 -5.982398033142089844e+00
2.959213638305664062e+01 -4.943948268890380859e+00
3.715761566162109375e+01 -5.771661281585693359e+00
2.942821693420410156e+01 -6.473755836486816406e+00
3.392523574829101562e+01 -5.497744083404541016e+00
2.573527717590332031e+01 -4.710964679718017578e+00
3.218360137939453125e+01 -8.378125190734863281e+00
2.377079582214355469e+01 -2.948544502258300781e+00
3.472036743164062500e+01 -5.606124401092529297e+00
2.345271492004394531e+01 -3.722378015518188477e+00
3.150604248046875000e+01 -8.050874710083007812e+00
3.056907844543457031e+01 -4.611505508422851562e+00
3.593941879272460938e+01 -7.623005390167236328e+00
2.701566886901855469e+01 -6.488188743591308594e+00
3.615415954589843750e+01 -6.332069396972656250e+00
2.436920738220214844e+01 -5.258528232574462891e+00
3.671641921997070312e+01 -5.495234012603759766e+00
2.890539550781250000e+01 -7.061847209930419922e+00
3.512903594970703125e+01 -8.087237358093261719e+00
2.588880920410156250e+01 -4.693554878234863281e+00
2.659929466247558594e+01 -5.120827674865722656e+00
3.454822921752929688e+01 -7.149497032165527344e+00
2.806582450866699219e+01 -6.879660606384277344e+00
3.263269424438476562e+01 -8.352813720703125000e+00
