2.915550000000000000e+04
2.913122868485863728e+04
2.910697387982250075e+04
2.908273558489159404e+04
2.905851380006591717e+04
2.903430852534546648e+04
2.901011976073024562e+04
2.898594750622025094e+04
2.896179176181548610e+04
2.893765252751595108e+04
2.891352980332164589e+04
2.888942358923255961e+04
2.886533388524871043e+04
2.884126069137008744e+04
2.881720400759669064e+04
2.879316383392852367e+04
2.876914017036559380e+04
2.874513301690788649e+04
2.872114237355540172e+04
2.869716824030815405e+04
2.867321061716612530e+04
2.864926950412933002e+04
2.862534490119776456e+04
2.860143680837142529e+04
2.857754522565031948e+04
2.855367015303443623e+04
2.852981159052378280e+04
2.850596953811836283e+04
2.848214399581816178e+04
2.845833496362320147e+04
2.843454244153345280e+04
2.841076642954894851e+04
2.838700692766966677e+04
2.836326393589561121e+04
2.833953745422678548e+04
2.831582748266319322e+04
2.829213402120482351e+04
2.826845706985167999e+04
2.824479662860377357e+04
2.822115269746108606e+04
2.819752527642363202e+04
2.817391436549140781e+04
2.815031996466440978e+04
2.812674207394263794e+04
2.810318069332609593e+04
2.807963582281478739e+04
2.805610746240870139e+04
2.803259561210784159e+04
2.800910027191222252e+04
2.798562144182182237e+04
2.796215912183664841e+04
2.793871331195670427e+04
2.791528401218199724e+04
2.789187122251250912e+04
2.786847494294825083e+04
2.784509517348922600e+04
2.782173191413542736e+04
2.779838516488685855e+04
2.777505492574351229e+04
2.775174119670539585e+04
2.772844397777251652e+04
2.770516326894485974e+04
2.768189907022242187e+04
2.765865138160522838e+04
2.763542020309325744e+04
2.761220553468650905e+04
2.758900737638499413e+04
2.756582572818870904e+04
2.754266059009765740e+04
2.751951196211181741e+04
2.749637984423121816e+04
2.747326423645584873e+04
2.745016513878570186e+04
2.742708255122078481e+04
2.740401647376109759e+04
2.738096690640664019e+04
2.735793384915741262e+04
2.733491730201340761e+04
2.731191726497463242e+04
2.728893373804108705e+04
2.726596672121277152e+04
2.724301621448968581e+04
2.722008221787181901e+04
2.719716473135918932e+04
2.717426375495178945e+04
2.715137928864961214e+04
2.712851133245267192e+04
2.710565988636095062e+04
2.708282495037446279e+04
2.706000652449320114e+04
2.703720460871716568e+04
2.701441920304636005e+04
2.699165030748078789e+04
2.696889792202044191e+04
2.694616204666531485e+04
2.692344268141543216e+04
2.690073982627076839e+04
2.687805348123133808e+04
2.685538364629712669e+04
2.683273032146815603e+04
2.681009350674441157e+04
2.678747320212588238e+04
2.676486940761259393e+04
2.674228212320453531e+04
2.671971134890169560e+04
2.669715708470409299e+04
2.667461933061171294e+04
2.665209808662456635e+04
2.662959335274264595e+04
2.660710512896594810e+04
2.658463341529448735e+04
2.656217821172824915e+04
2.653973951826724442e+04
2.651731733491146952e+04
2.649491166166091716e+04
2.647252249851559463e+04
2.645014984547550193e+04
2.642779370254063906e+04
2.640545406971100238e+04
2.638313094698659916e+04
2.636082433436741485e+04
2.633853423185346037e+04
2.631626063944474299e+04
2.629400355714124817e+04
2.627176298494298317e+04
2.624953892284994799e+04
2.622733137086213901e+04
2.620514032897955258e+04
2.618296579720220689e+04
2.616080777553008375e+04
2.613866626396319043e+04
2.611654126250152331e+04
2.609443277114508601e+04
2.607234078989387126e+04
2.605026531874788998e+04
2.602820635770714216e+04
2.600616390677161689e+04
2.598413796594131782e+04
2.596212853521625220e+04
2.594013561459641278e+04
2.591815920408180318e+04
2.589619930367242341e+04
2.587425591336826983e+04
2.585232903316934244e+04
2.583041866307564851e+04
2.580852480308717713e+04
2.578664745320393922e+04
2.576478661342592750e+04
2.574294228375314196e+04
2.572111446418558990e+04
2.569930315472326038e+04
2.567750835536616432e+04
2.565573006611429810e+04
2.563396828696765442e+04
2.561222301792624057e+04
2.559049425899006383e+04
2.556878201015910963e+04
2.554708627143337799e+04
