1.185744476318359375e+01 4.122017860412597656e+00
1.106029224395751953e+01 5.158557891845703125e+00
1.050260353088378906e+01 5.186412811279296875e+00
1.139187622070312500e+01 3.033011198043823242e+00
1.265533542633056641e+01 2.405218839645385742e+00
1.122300720214843750e+01 4.858064174652099609e+00
1.356033325195312500e+01 3.191476106643676758e+00
1.006183624267578125e+01 3.694059610366821289e+00
1.335170269012451172e+01 2.551813840866088867e+00
9.592512130737304688e+00 4.941082000732421875e+00
1.104536151885986328e+01 4.897236824035644531e+00
1.081748867034912109e+01 5.529870986938476562e+00
1.283004379272460938e+01 2.331152677536010742e+00
1.279439449310302734e+01 2.522816658020019531e+00
1.088532352447509766e+01 4.423172473907470703e+00
1.146559906005859375e+01 3.169875383377075195e+00
1.358422470092773438e+01 2.623658657073974609e+00
1.075279426574707031e+01 3.956474304199218750e+00
1.348874282836914062e+01 2.509620428085327148e+00
1.133870887756347656e+01 4.261512756347656250e+00
1.164565753936767578e+01 4.049716949462890625e+00
1.166504192352294922e+01 2.603911161422729492e+00
1.148696994781494141e+01 4.461723804473876953e+00
1.113284778594970703e+01 4.952039241790771484e+00
1.158252429962158203e+01 2.756661176681518555e+00
1.189587402343750000e+01 4.245100021362304688e+00
1.071731472015380859e+01 5.217113971710205078e+00
1.139282608032226562e+01 4.302365779876708984e+00
1.213232517242431641e+01 4.059429645538330078e+00
9.933696746826171875e+00 5.402220726013183594e+00
1.146106052398681641e+01 4.574417114257812500e+00
1.056136226654052734e+01 4.975476741790771484e+00
1.222555637359619141e+01 4.024570465087890625e+00
9.482241630554199219e+00 4.366046905517578125e+00
1.300528907775878906e+01 2.432134389877319336e+00
1.241781902313232422e+01 2.507535934448242188e+00
1.197224712371826172e+01 4.396223545074462891e+00
1.162098312377929688e+01 4.113019466400146484e+00
1.299505329132080078e+01 3.618368864059448242e+00
1.079895019531250000e+01 4.107064247131347656e+00
1.356771755218505859e+01 4.211312770843505859e+00
1.071000003814697266e+01 4.147114276885986328e+00
1.383677101135253906e+01 2.916677951812744141e+00
9.179024696350097656e+00 5.028251171112060547e+00
1.322598457336425781e+01 3.533946990966796875e+00
1.190814590454101562e+01 4.289089679718017578e+00
1.124791240692138672e+01 4.109383583068847656e+00
9.982418060302734375e+00 3.887147426605224609e+00
1.320684432983398438e+01 2.396781921386718750e+00
1.079501056671142578e+01 5.197721958160400391e+00
1.303797721862792969e+01 3.736927032470703125e+00
9.923518180847167969e+00 3.918131113052368164e+00
1.402429389953613281e+01 3.339291095733642578e+00
1.022807979583740234e+01 4.257109165191650391e+00
1.313495540618896484e+01 4.340630054473876953e+00
1.078473281860351562e+01 5.139136791229248047e+00
1.325474452972412109e+01 4.263626098632812500e+00
9.115886688232421875e+00 5.048103332519531250e+00
1.157234096527099609e+01 3.086921691894531250e+00
9.251440048217773438e+00 4.610857009887695312e+00
1.336491298675537109e+01 2.500524282455444336e+00
1.004626083374023438e+01 4.846692562103271484e+00
1.341000843048095703e+01 4.168524742126464844e+00
9.122385025024414062e+00 4.898975849151611328e+00
1.337811946868896484e+01 4.280582904815673828e+00
9.283251762390136719e+00 4.515100479125976562e+00
1.291328907012939453e+01 3.828180551528930664e+00
9.125898361206054688e+00 4.581618309020996094e+00
1.388507461547851562e+01 3.167228221893310547e+00
1.138438606262207031e+01 2.872848272323608398e+00
1.302575016021728516e+01 4.211180686950683594e+00
1.031853675842285156e+01 5.108402252197265625e+00
1.482186031341552734e+01 3.849486827850341797e+00
9.992553710937500000e+00 3.941080331802368164e+00
1.392074108123779297e+01 3.889825820922851562e+00
1.078835391998291016e+01 5.477971076965332031e+00
1.189195060729980469e+01 2.670515775680541992e+00
9.261627197265625000e+00 4.754038333892822266e+00
1.392161560058593750e+01 3.894258022308349609e+00
9.263199806213378906e+00 4.367021560668945312e+00
1.378852748870849609e+01 3.915061712265014648e+00
1.161590480804443359e+01 2.839802980422973633e+00
1.207648086547851562e+01 2.526579141616821289e+00
1.022938632965087891e+01 4.299180984497070312e+00
1.276889419555664062e+01 2.601669549942016602e+00
1.181902599334716797e+01 2.617241382598876953e+00
1.105336284637451172e+01 3.435715436935424805e+00
1.194618797302246094e+01 2.663844585418701172e+00
1.147849273681640625e+01 3.382160425186157227e+00
1.024531269073486328e+01 3.735463857650756836e+00
1.420807456970214844e+01 3.693196535110473633e+00
9.302800178527832031e+00 4.483657360076904297e+00
1.309055614471435547e+01 3.738215923309326172e+00
9.489934921264648438e+00 4.436553478240966797e+00
1.419627857208251953e+01 3.637611389160156250e+00
1.124191188812255859e+01 3.248406410217285156e+00
1.364496231079101562e+01 3.661919116973876953e+00
8.972615242004394531e+00 4.905136585235595703e+00
1.374518489837646484e+01 4.095963478088378906e+00
1.011743927001953125e+01 3.734989166259765625e+00
1.374312877655029297e+01 3.079318523406982422e+00
9.073634147644042969e+00 5.100910663604736328e+00
1.238329410552978516e+01 2.475575685501098633e+00
1.052514266967773438e+01 4.759510517120361328e+00
1.191584968566894531e+01 4.150690555572509766e+00
1.026607227325439453e+01 4.659663200378417969e+00
1.242953586578369141e+01 2.545258522033691406e+00
9.445946693420410156e+00 5.179486274719238281e+00
1.387174224853515625e+01 3.221373558044433594e+00
1.020980644226074219e+01 4.749250888824462891e+00
1.372467803955078125e+01 2.716646671295166016e+00
1.036600780487060547e+01 4.982109069824218750e+00
1.391359615325927734e+01 3.213122367858886719e+00
1.268479824066162109e+01 2.387393236160278320e+00
1.399874019622802734e+01 4.045522689819335938e+00
9.441040992736816406e+00 5.121150970458984375e+00
1.256572723388671875e+01 2.664835453033447266e+00
9.291881561279296875e+00 4.348359107971191406e+00
1.160216903686523438e+01 4.742147922515869141e+00
9.352662086486816406e+00 4.546334743499755859e+00
1.196440315246582031e+01 2.945501089096069336e+00
1.038149833679199219e+01 5.435207366943359375e+00
1.420158481597900391e+01 3.864202260971069336e+00
8.986309051513671875e+00 4.858381748199462891e+00
1.397188282012939453e+01 3.708863973617553711e+00
1.041956901550292969e+01 5.091146469116210938e+00
1.378602790832519531e+01 3.945710897445678711e+00
9.895120620727539062e+00 5.124101161956787109e+00
1.426145458221435547e+01 3.768604278564453125e+00
1.054348754882812500e+01 4.989229679107666016e+00
1.446894264221191406e+01 4.139327049255371094e+00
1.090505409240722656e+01 3.345962524414062500e+00
1.356477260589599609e+01 3.579975366592407227e+00
1.055361747741699219e+01 4.940967559814453125e+00
1.133088111877441406e+01 5.258765697479248047e+00
9.471579551696777344e+00 4.235139846801757812e+00
1.332813930511474609e+01 2.869069099426269531e+00
9.342131614685058594e+00 4.956826210021972656e+00
1.348599243164062500e+01 4.005320072174072266e+00
1.047282314300537109e+01 5.359962940216064453e+00
1.086934375762939453e+01 5.573315620422363281e+00
9.017006874084472656e+00 4.767869949340820312e+00
1.103007507324218750e+01 5.360633850097656250e+00
9.435097694396972656e+00 4.717239856719970703e+00
1.188401126861572266e+01 3.979373216629028320e+00
1.314623641967773438e+01 3.842801809310913086e+00
1.103174877166748047e+01 3.931248426437377930e+00
1.005561161041259766e+01 3.817578792572021484e+00
1.085581684112548828e+01 3.430381536483764648e+00
9.946879386901855469e+00 4.389577388763427734e+00
1.412080860137939453e+01 3.777065992355346680e+00
1.573552513122558594e+01 4.501393795013427734e+00
1.749143218994140625e+01 4.395792007446289062e+00
1.717656326293945312e+01 4.457878112792968750e+00
1.549614715576171875e+01 4.471652030944824219e+00
1.753376770019531250e+01 4.312992095947265625e+00
1.555619621276855469e+01 4.340519905090332031e+00
1.219458007812500000e+01 4.728689670562744141e+00
1.688480567932128906e+01 4.563563823699951172e+00
1.477209663391113281e+01 3.853982925415039062e+00
1.752209281921386719e+01 4.365011692047119141e+00
1.580434513092041016e+01 4.550837039947509766e+00
1.740103149414062500e+01 4.237631320953369141e+00
1.557343864440917969e+01 4.812515735626220703e+00
1.761783981323242188e+01 3.869936943054199219e+00
1.558061027526855469e+01 5.065329074859619141e+00
1.793862152099609375e+01 4.169215202331542969e+00
1.732546043395996094e+01 4.530451774597167969e+00
1.671365928649902344e+01 4.480488300323486328e+00
1.577082920074462891e+01 4.571350097656250000e+00
1.742727088928222656e+01 3.909788846969604492e+00
1.090804386138916016e+01 5.675782680511474609e+00
1.600254631042480469e+01 4.769669532775878906e+00
1.111743640899658203e+01 5.918538093566894531e+00
1.734420204162597656e+01 4.360137462615966797e+00
1.587119960784912109e+01 4.754616260528564453e+00
1.782789230346679688e+01 3.999760150909423828e+00
1.701709938049316406e+01 4.569952011108398438e+00
1.753355026245117188e+01 4.317595481872558594e+00
1.573208808898925781e+01 4.692598342895507812e+00
1.832418060302734375e+01 3.866442441940307617e+00
1.082080173492431641e+01 5.770020484924316406e+00
1.829297637939453125e+01 3.926039218902587891e+00
1.103660583496093750e+01 5.843844890594482422e+00
1.797557258605957031e+01 4.013870239257812500e+00
1.692701911926269531e+01 4.620530128479003906e+00
1.596999835968017578e+01 4.973792552947998047e+00
1.608141517639160156e+01 4.420725822448730469e+00
1.829154396057128906e+01 3.916707992553710938e+00
1.557903766632080078e+01 5.308009624481201172e+00
1.826964569091796875e+01 3.979861497879028320e+00
1.827071952819824219e+01 4.237233638763427734e+00
1.565086555480957031e+01 4.748798370361328125e+00
1.716734313964843750e+01 4.437378883361816406e+00
1.582488441467285156e+01 4.990127563476562500e+00
1.677077865600585938e+01 4.596012592315673828e+00
1.792075920104980469e+01 3.987261772155761719e+00
1.635750961303710938e+01 4.581401348114013672e+00
1.829804420471191406e+01 4.175932884216308594e+00
1.670792961120605469e+01 4.480556488037109375e+00
1.649885559082031250e+01 4.743597984313964844e+00
1.600028991699218750e+01 5.096257209777832031e+00
1.777659797668457031e+01 4.125113010406494141e+00
1.572704601287841797e+01 4.916450023651123047e+00
1.808816528320312500e+01 4.154433250427246094e+00
1.099852371215820312e+01 5.811118125915527344e+00
1.708765983581542969e+01 4.477867603302001953e+00
1.564799976348876953e+01 5.173687934875488281e+00
1.813314819335937500e+01 4.113422393798828125e+00
1.767238235473632812e+01 4.173318386077880859e+00
1.534125518798828125e+01 4.372220039367675781e+00
1.820870208740234375e+01 4.117047786712646484e+00
1.565475940704345703e+01 5.087516307830810547e+00
1.582069301605224609e+01 4.933953285217285156e+00
1.823607444763183594e+01 3.987096786499023438e+00
1.452217102050781250e+01 4.160463809967041016e+00
1.665015411376953125e+01 4.580998420715332031e+00
1.826211547851562500e+01 4.171545505523681641e+00
1.726568794250488281e+01 4.368094921112060547e+00
-7.398183345794677734e+00 9.862975120544433594e+00
-2.151608705520629883e+00 1.193362426757812500e+01
-6.788869380950927734e+00 1.106730175018310547e+01
-3.322111129760742188e+00 1.149203109741210938e+01
-4.146226406097412109e+00 1.108008861541748047e+01
-7.477970600128173828e+00 1.009808254241943359e+01
-6.375335216522216797e+00 1.069973564147949219e+01
-4.782805919647216797e+00 1.059692859649658203e+01
-7.390401840209960938e+00 9.271852493286132812e+00
-4.608887195587158203e+00 1.049633884429931641e+01
-6.996624946594238281e+00 9.774068832397460938e+00
-3.469334363937377930e+00 1.099158191680908203e+01
-7.124931812286376953e+00 1.036323928833007812e+01
-3.745275020599365234e+00 1.127378654479980469e+01
-7.553377151489257812e+00 9.626511573791503906e+00
-3.107406377792358398e+00 1.134200572967529297e+01
-7.416943073272705078e+00 9.235182762145996094e+00
-2.972744464874267578e+00 1.143527507781982422e+01
-6.660005569458007812e+00 1.094556808471679688e+01
-4.256703376770019531e+00 1.138793182373046875e+01
-3.761332273483276367e+00 1.143816566467285156e+01
-6.039718627929687500e+00 1.044192123413085938e+01
-7.478475570678710938e+00 9.996837615966796875e+00
-4.616406440734863281e+00 1.054693794250488281e+01
-6.980325222015380859e+00 1.005305480957031250e+01
-5.027769565582275391e+00 1.049765491485595703e+01
-7.609579086303710938e+00 9.788482666015625000e+00
-3.745630502700805664e+00 1.118686676025390625e+01
-6.694106578826904297e+00 1.102200317382812500e+01
-3.394776344299316406e+00 1.166221332550048828e+01
-4.585274696350097656e+00 1.093856811523437500e+01
-7.030084609985351562e+00 9.462873458862304688e+00
-6.532667636871337891e+00 1.082028388977050781e+01
-2.153405904769897461e+00 1.223885917663574219e+01
-4.572031021118164062e+00 1.118516635894775391e+01
-3.445055246353149414e+00 1.096824073791503906e+01
-7.013153553009033203e+00 9.998864173889160156e+00
-4.005407810211181641e+00 1.062854766845703125e+01
-7.407548427581787109e+00 9.349445343017578125e+00
-3.890285730361938477e+00 1.083855438232421875e+01
-7.508227825164794922e+00 9.325288772583007812e+00
-2.783315181732177734e+00 1.180938529968261719e+01
-7.596002578735351562e+00 9.487623214721679688e+00
-5.395531177520751953e+00 1.118678760528564453e+01
-2.941794157028198242e+00 1.180465126037597656e+01
-6.884974002838134766e+00 1.013050174713134766e+01
-7.566860675811767578e+00 9.590488433837890625e+00
-2.879737138748168945e+00 1.210049819946289062e+01
-6.979729175567626953e+00 1.017018222808837891e+01
-4.348134517669677734e+00 1.054825305938720703e+01
-6.754557609558105469e+00 1.079155254364013672e+01
-4.252571582794189453e+00 1.130064678192138672e+01
-7.433197498321533203e+00 9.624217987060546875e+00
-4.358197212219238281e+00 1.147229671478271484e+01
-5.958687782287597656e+00 1.059273147583007812e+01
-4.813317775726318359e+00 1.053737258911132812e+01
-7.442326545715332031e+00 9.396258354187011719e+00
-5.018980979919433594e+00 1.064682388305664062e+01
-7.230900287628173828e+00 9.404813766479492188e+00
-3.226543664932250977e+00 1.189563369750976562e+01
-7.658634185791015625e+00 9.547641754150390625e+00
-4.624011039733886719e+00 1.082242202758789062e+01
-7.496747970581054688e+00 9.998105049133300781e+00
-2.191464900970458984e+00 1.218307209014892578e+01
-6.451186656951904297e+00 1.035951137542724609e+01
-2.248177289962768555e+00 1.188486003875732422e+01
-6.574471473693847656e+00 1.055126380920410156e+01
-2.311869621276855469e+00 1.181194591522216797e+01
-6.678685665130615234e+00 1.012749862670898438e+01
-3.431576967239379883e+00 1.180105400085449219e+01
-5.561103343963623047e+00 1.096521663665771484e+01
-4.791399478912353516e+00 1.061971092224121094e+01
-4.665143966674804688e+00 1.093854904174804688e+01
-4.888957023620605469e+00 1.057085514068603516e+01
-5.882865428924560547e+00 1.071072292327880859e+01
-2.333731174468994141e+00 1.181900310516357422e+01
-6.788587570190429688e+00 1.096226596832275391e+01
-2.915885925292968750e+00 1.144172000885009766e+01
-6.956876754760742188e+00 1.035646152496337891e+01
-2.728566169738769531e+00 1.150341701507568359e+01
-6.636091709136962891e+00 1.109950256347656250e+01
-3.182703018188476562e+00 1.187075328826904297e+01
-6.511176109313964844e+00 1.079785728454589844e+01
-3.037292242050170898e+00 1.207054519653320312e+01
-7.054987430572509766e+00 1.032052803039550781e+01
-2.176234483718872070e+00 1.200585460662841797e+01
-6.627528667449951172e+00 1.015642166137695312e+01
-4.084676265716552734e+00 1.143955421447753906e+01
-6.740747451782226562e+00 1.072178649902343750e+01
-2.171321153640747070e+00 1.206151676177978516e+01
-5.160157680511474609e+00 1.092254924774169922e+01
-2.164581775665283203e+00 1.207381153106689453e+01
-6.417749881744384766e+00 1.061616420745849609e+01
-2.791433095932006836e+00 1.170547962188720703e+01
-6.189291477203369141e+00 1.037236881256103516e+01
-2.996364593505859375e+00 1.213928604125976562e+01
-5.085694313049316406e+00 1.110571384429931641e+01
-5.294317245483398438e+00 1.085155105590820312e+01
-6.754350662231445312e+00 1.099050998687744141e+01
-2.741362333297729492e+00 1.206438255310058594e+01
-5.206361293792724609e+00 1.100681877136230469e+01
-2.063982963562011719e+00 1.213352584838867188e+01
-5.027449607849121094e+00 1.073334217071533203e+01
-3.290915966033935547e+00 1.191492080688476562e+01
-6.862162113189697266e+00 1.049992752075195312e+01
-3.842298984527587891e+00 1.072574710845947266e+01
-6.858549118041992188e+00 9.551472663879394531e+00
-3.125653982162475586e+00 1.167469406127929688e+01
-7.162563323974609375e+00 9.395553588867187500e+00
-3.880756616592407227e+00 1.102179336547851562e+01
-5.106864452362060547e+00 1.115684604644775391e+01
-2.399484157562255859e+00 1.173153972625732422e+01
-6.257022857666015625e+00 1.019738483428955078e+01
-2.302271366119384766e+00 1.201519298553466797e+01
-7.455861568450927734e+00 9.990436553955078125e+00
-2.166317462921142578e+00 1.214919090270996094e+01
-4.900092124938964844e+00 1.050829696655273438e+01
-2.805811882019042969e+00 1.149569988250732422e+01
-6.777332305908203125e+00 1.045666694641113281e+01
-6.416654109954833984e+00 1.057064247131347656e+01
-2.972094058990478516e+00 1.164726638793945312e+01
-5.495414257049560547e+00 1.047077846527099609e+01
-3.580311775207519531e+00 1.090530872344970703e+01
