5.831100000000000000e+04
5.817872695525145537e+04
5.804789257600689598e+04
5.791849686226628546e+04
5.779053981402967474e+04
5.766402143129704200e+04
5.753894171406838723e+04
5.741530066234371043e+04
5.729309827612300433e+04
5.717233455540629075e+04
5.705300950019354786e+04
5.693512311048478296e+04
5.681867538628000329e+04
5.670366632757920888e+04
5.659009593438237061e+04
5.647796420668952487e+04
5.636727114450065710e+04
5.625801674781576730e+04
5.615020101663485548e+04
5.604382395095792162e+04
5.593888555078495847e+04
5.583538581611598784e+04
5.573332474695099518e+04
5.563270234328998049e+04
5.553351860513292922e+04
5.543577353247987048e+04
5.533946712533079699e+04
5.524459938368568692e+04
5.515117030754455482e+04
5.505917989690741524e+04
5.496862815177424636e+04
5.487951507214505546e+04
5.479184065801984980e+04
5.470560490939861484e+04
5.462080782628135785e+04
5.453744940866808611e+04
5.445552965655879962e+04
5.437504856995346927e+04
5.429600614885213872e+04
5.421840239325477887e+04
5.414223730316138972e+04
5.406751087857199309e+04
5.399422311948655988e+04
5.392237402590512647e+04
5.385196359782764921e+04
5.378299183525416447e+04
5.371545873818466498e+04
5.364936430661912891e+04
5.358470854055756354e+04
5.352149143999999797e+04
5.345971300494641036e+04
5.339937323539678619e+04
5.334047213135115453e+04
5.328300969280949357e+04
5.322698591977181059e+04
5.317240081223811285e+04
5.311925437020838581e+04
5.306754659368264402e+04
5.301727748266088020e+04
5.296844703714308707e+04
5.292105525712928647e+04
5.287510214261944930e+04
5.283058769361359737e+04
5.278751191011173069e+04
5.274587479211384198e+04
5.270567633961990941e+04
5.266691655262998393e+04
5.262959543114402913e+04
5.259371297516203776e+04
5.255926918468404619e+04
5.252626405971002532e+04
5.249469760023998242e+04
5.246456980627391749e+04
5.243588067781183054e+04
5.240863021485372883e+04
5.238281841739959782e+04
5.235844528544944478e+04
5.233551081900327699e+04
5.231401501806107262e+04
5.229395788262286806e+04
5.227533941268862691e+04
5.225815960825837101e+04
5.224241846933210036e+04
5.222811599590980768e+04
5.221525218799147115e+04
5.220382704557713441e+04
5.219384056866676838e+04
5.218529275726038759e+04
5.217818361135797750e+04
5.217251313095955265e+04
5.216828131606509851e+04
5.216548816667463689e+04
5.216413368278813869e+04
5.216421786440562573e+04
5.216574071152709075e+04
5.216870222415253374e+04
5.217310240228196199e+04
5.217894124591536092e+04
5.218621875505274511e+04
5.219493492969409999e+04
5.220508976983944012e+04
5.221668327548875823e+04
5.222971544664204703e+04
5.224418628329932835e+04
5.226009578546058037e+04
5.227744395312581037e+04
5.229623078629501833e+04
5.231645628496820427e+04
5.233812044914537546e+04
5.236122327882651734e+04
5.238576477401163720e+04
5.241174493470074958e+04
5.243916376089381811e+04
5.246802125259088643e+04
5.249831740979192546e+04
5.253005223249694973e+04
5.256322572070594470e+04
5.259783787441891764e+04
5.263388869363586855e+04
5.267137817835679743e+04
5.271030632858171157e+04
5.275067314431060367e+04
5.279247862554346648e+04
5.283572277228031453e+04
5.288040558452114055e+04
5.292652706226594455e+04
5.297408720551471924e+04
5.302308601426747919e+04
5.307352348852422438e+04
5.312539962828494026e+04
5.317871443354965595e+04
5.323346790431832051e+04
5.328966004059097759e+04
5.334729084236761264e+04
5.340636030964821839e+04
5.346686844243281666e+04
5.352881524072137836e+04
5.359220070451392530e+04
5.365702483381045022e+04
5.372328762861095311e+04
5.379098908891544124e+04
5.386012921472390008e+04
5.393070800603633688e+04
5.400272546285277349e+04
5.407618158517315896e+04
5.415107637299752969e+04
5.422740982632589294e+04
5.430518194515823416e+04
5.438439272949454607e+04
5.446504217933483596e+04
5.454713029467910383e+04
5.463065707552735694e+04
5.471562252187958075e+04
5.480202663373578253e+04
5.488986941109597683e+04
5.497915085396013455e+04
5.506987096232827753e+04
5.516202973620039120e+04
5.525562717557650467e+04
5.535066328045657428e+04
5.544713805084063642e+04
5.554505148672866198e+04
5.564440358812067279e+04
5.574519435501667613e+04
5.584742378741664288e+04
5.595109188532059488e+04
5.605619864872852486e+04
5.616274407764043281e+04
5.627072817205631145e+04
5.638015093197618262e+04
5.649101235740002448e+04
5.660331244832784432e+04
5.671705120475965668e+04
5.683222862669541792e+04
5.694884471413518622e+04
5.706689946707891795e+04
5.718639288552663493e+04
5.730732496947832988e+04
5.742969571893401007e+04
5.755350513389366824e+04
5.767875321435728983e+04
5.780543996032489667e+04
5.793356537179648149e+04
5.806312944877202972e+04
5.819413219125159230e+04
5.832657359923511103e+04
5.846045367272261501e+04
5.859577241171409696e+04
5.873252981620955688e+04
5.887072588620898023e+04
5.901036062171241065e+04
5.915143402271980449e+04
5.929394608923117630e+04
5.943789682124653336e+04
5.958328621876586840e+04
5.973011428178916685e+04
5.987838101031647238e+04
6.002808640434772678e+04
6.017923046388295916e+04
6.033181318892219861e+04
