-8.125985774256615501e-01 -8.072485586700338667e-01
-1.032718017374469749e-01 3.215384037484314539e-04
6.483664392699935997e-01 -7.619651914239570223e-01
-8.782500316306358634e-01 -1.114188953589084624e-01
2.583956043338825892e-01 -9.475883235253529380e-01
-6.586323210132190020e-01 8.260091953240430440e-01
2.211623938447589699e-01 -9.743524698877350509e-01
7.885467681873510326e-01 9.658855157478669629e-01
-9.426177112629527954e-01 3.020169791351702201e-02
-5.171104479257818687e-01 -1.138736667829358895e+00
-2.068967216103641538e-01 -1.077110753773722784e+00
5.513521549318545212e-01 1.138082829112386785e-01
-1.160521414054951350e+00 2.704437255029527032e-01
4.056906798510677148e-01 1.070550804197214489e+00
7.581037579894156497e-01 8.274606812471761719e-02
-7.707451242591937257e-01 8.892244867009425624e-01
9.367897837229361979e-01 -5.679119467902378204e-01
-1.093256251102184606e+00 1.547964678402811156e-01
1.384809369122567413e-01 -9.602835347176658098e-01
-9.125361815571818580e-01 -6.390677225555227436e-02
1.168059889593663359e-01 -1.047368733609896907e+00
3.760243429149573990e-01 1.062119606330885757e+00
-9.960913977870555769e-01 2.947959100992125769e-02
7.967902349379772931e-01 -6.721740778205840261e-01
1.024209167047312796e+00 1.230078647702385342e-01
-2.212243011968440254e-01 -1.054478511477848102e+00
-7.341617451963090568e-01 -9.890684641707617186e-02
-6.692701786361280325e-01 -5.355464861986812541e-02
8.623139036271827429e-01 -6.137399716569839070e-01
-1.000463279636425229e+00 -9.800862855368545901e-02
-1.019278785143482580e+00 2.452231228782178821e-02
-7.288712778686733118e-02 1.030173456043587121e+00
-3.892403183446739856e-01 -1.004934426363013555e+00
-6.844057662486747740e-01 -9.553566426819555257e-01
-1.047942695283611059e+00 5.307312193060229610e-01
6.441720515775667399e-01 1.061184622359086172e+00
-5.640840500300602356e-01 -9.902168469295659081e-01
6.541505726827259171e-01 -8.909801276587028251e-01
-4.557315028857635841e-01 -1.062079196174740892e+00
9.866067975906682719e-01 -5.524261436202247966e-01
9.895355557389475809e-01 -1.798729551964413712e-02
-4.550873017522625297e-01 -7.867026735342171062e-02
5.541314396276797449e-01 1.017797339765044606e+00
2.131025722714738335e-01 -9.655319960867202456e-01
-1.612749408644965077e-01 1.098714234948781510e+00
-6.246609549637895942e-01 -9.606410127539432020e-01
-4.815098024287488565e-01 9.142327471643360015e-01
1.932394525994472478e-01 1.075928669767804546e+00
6.250637931174557460e-02 -9.905303331747608020e-01
1.052619964387240925e+00 -1.361269508171478355e-02
-4.361206596818864578e-01 9.361769961922269401e-01
1.091827221048488950e+00 -5.055161162039165657e-01
5.969262538654834804e-01 1.098849829145882306e-01
5.179629906015306151e-01 1.571518912837506499e-01
6.426598288526880198e-01 9.678438558166655437e-01
8.081859897156606909e-02 2.668968162630698179e-02
7.237463591996937673e-01 8.980617717002609135e-01
-1.115862354708893056e+00 4.271703406493330135e-01
8.362832890420235366e-01 -6.733814029851659111e-01
-1.080802489713272641e+00 -9.181196354483972533e-02
-9.300000876073808431e-01 -8.131603210174955798e-01
-2.670575101489262027e-01 9.952973402954840010e-01
5.141647203681002365e-01 1.081534293453666029e+00
-4.459478633162516914e-01 -6.155103781867361790e-02
-1.034241482645162691e+00 7.801544508002365708e-02
-5.803894091984422854e-01 -9.709823871713345600e-01
-1.164900332080424095e+00 3.303896298968493350e-01
7.888521344602378305e-01 -7.938895714445729501e-01
2.644923319077523427e-01 -9.363922113672780156e-01
4.191830209631316473e-01 -1.035079051500930269e+00
6.410030076343048444e-01 -7.999090641625585807e-01
2.867548994768555695e-02 1.060596003855294400e+00
4.707905018795848218e-01 1.360350520605613789e-01
-8.864175603763171374e-01 -8.065717165627850349e-01
-1.461173734869598007e-01 -1.036837816542965252e+00
-2.181787358358511786e-01 -3.547757927936819045e-02
-1.027796448144341346e+00 3.884341621082512686e-02
6.575939408358300042e-01 1.361925363565493208e-01
7.502104507602869177e-01 9.453806291852645538e-01
3.878540255105017431e-02 6.608089075135741008e-02
-3.638861933918336455e-01 -5.482160173348488152e-02
2.282770466504127072e-01 1.082177651579458111e+00
1.015164793406093773e-02 1.045384108111351740e+00
1.194153436058093876e+00 -2.996414488721541036e-01
-3.190548362697239182e-01 -1.041233419725184461e+00
6.426015368588571253e-01 -7.580971217483417623e-01
9.676332891815456749e-01 -5.065909302979325624e-01
2.969700507045709981e-01 1.069440610521522173e+00
3.379832706649395502e-01 1.062733045379260277e+00
-8.558949200316329220e-02 -1.056163131346726347e+00
-1.077924791340298727e+00 1.463592732651918249e-01
-1.007894754918747360e+00 6.998790271423200871e-01
3.386364528658056261e-01 -9.107005694096522719e-01
-1.212385419331122094e+00 1.045653505685038981e-01
1.074574462796680452e+00 9.556025826137397317e-02
-8.521515497992868671e-01 -8.035093120842929926e-01
5.809142226556384125e-01 -7.941243696374397087e-01
7.533504407393806224e-01 8.752929256140526970e-01
4.701688464823716163e-01 1.134147160383477848e+00
-1.193616284139694006e+00 3.131954717585035131e-02
-7.174503794806687262e-02 1.133010351317271569e+00
7.738788954957271926e-01 9.722724847417371086e-01
1.037633540512642671e+00 -5.948420901625413315e-02
-1.106345328558594687e+00 1.315274366654165250e-01
-5.863768764376280362e-01 8.910433004669815471e-01
-8.943856802705575371e-01 7.060863165683923803e-01
6.512042798351568296e-01 1.041560970942640774e+00
-1.108654004322768616e+00 4.841963132284938243e-01
-6.650194780411979867e-01 -1.090088013082197271e+00
-9.630889260050266021e-01 -1.369793448122144097e-01
5.918947608971606433e-01 1.013663360821806414e+00
5.414899475336332202e-01 1.290943788501343614e-01
-3.017668159190316571e-02 1.474285608443291588e-02
-1.221431606097032274e+00 1.769006183766600460e-01
-3.382656715576847217e-01 -1.022984657637316941e+00
-2.869632449522124817e-01 -5.307095005686768979e-02
1.291732697275466135e-01 -1.044169166857461750e+00
8.627172891967120616e-02 1.166539479744235885e+00
-6.804401772055503894e-01 -6.599394626244478590e-02
4.532058950208520121e-01 -9.302536102793635964e-01
9.769973630356346694e-01 6.901967468231530456e-02
-8.069666147063033756e-01 -7.079581941390136746e-02
-1.069945229964610833e+00 8.319017202949649525e-02
4.459339778307420121e-01 1.101603480788837519e-01
7.470986650051947286e-01 1.447573910157417543e-01
-4.554338613093862342e-01 9.819467943030101287e-01
-1.506557658170484537e-01 1.115730189371487047e+00
-8.809965650867902509e-01 6.791000864641192347e-01
3.827923690631221398e-01 -8.816835600955242880e-01
-1.971846296238549401e-01 -1.065151888707098829e-02
-5.307999677995703935e-01 -8.692764069492944778e-02
5.504205581887520182e-01 -9.487636796090869185e-01
2.880260365725364428e-03 5.992170706960315597e-03
2.409649632935181515e-02 7.314307647622265984e-02
1.167532424525774992e+00 -3.687671315917312453e-01
4.412198932518412442e-01 1.103216261797724806e-01
8.973432877966321941e-01 2.357541486736441649e-01
-2.072355730726532091e-02 1.127727719651307803e+00
-1.093588120663872898e+00 1.107092879554691101e-01
9.801187824389557823e-01 -5.844776248807539432e-01
7.523679496018080837e-01 -7.169128794705362795e-01
-1.117717372481795701e+00 1.291734569426585544e-01
-7.455024870488407007e-01 9.170342894312379922e-01
-2.530956250252155426e-01 9.939615154288092835e-01
-2.783270415488471872e-01 -1.084572900511499460e+00
-1.244701118818098001e-01 1.022355126999069830e+00
1.078110975371228353e+00 -7.050644018610842390e-02
1.061122201680619215e+00 -4.699352020511413652e-01
9.956579976780804975e-01 5.982806343868418697e-02
-5.963634753311538583e-01 -9.839790645189673557e-02
5.577300963853389915e-01 -9.013966691853433355e-01
7.612618717089918163e-02 2.515006465918167428e-02
6.196783631124439667e-02 6.378835839103734473e-02
3.551077023528877163e-02 1.153178356236160162e+00
8.127838172758767854e-01 -7.030024574060468323e-01
1.013590856753099567e+00 -4.493272894572790110e-01
7.244319997316687187e-01 -7.970502859597700107e-01
8.032785030549455252e-01 9.808177262872545821e-02
-1.116237640863022795e+00 5.487259727708625467e-01
1.077800887182475353e+00 -4.355380648083205797e-01
1.027808528186970660e+00 -6.077486885069509626e-01
8.039914412667766852e-01 7.636209468174343096e-02
-1.134922956629249802e+00 6.025149962234420675e-01
-8.743358883505080170e-01 6.991319911173294877e-01
-1.009197816786043145e+00 6.567502510342549948e-01
5.771988393346597634e-01 1.106223768197608787e-01
1.036776887080383514e+00 3.796113112774191639e-02
-1.258101441993950964e-01 1.035444276465023794e+00
-6.638702640408341571e-01 -1.075080732648068027e+00
-1.107770376248786715e+00 9.750076511977670557e-02
-7.409663087946732896e-01 -8.757747926763608248e-01
8.517812957574333321e-01 -6.372673339260462866e-01
-1.221321907420897412e+00 3.288220429887968588e-01
2.073961007096982723e-01 1.064536792555581979e+00
-8.055856782461890964e-01 -5.115196729833437761e-02
7.536534224189073150e-01 -7.430187579375949758e-01
7.385720278860222754e-01 1.491556980370129792e-01
2.213452825739716801e-01 8.170440887218120840e-02
9.042716035537279318e-01 -6.038356176052982471e-01
7.933613185150703018e-01 8.458114979694733027e-01
-4.136593364716095178e-01 -1.055474086827170588e+00
-3.924286315895141874e-01 9.712633055499858559e-01
1.111570314104996848e+00 -9.250089793162809271e-02
-1.983913398385910298e-01 -3.347979515102835618e-02
9.137132090817080554e-01 3.035903487351675895e-02
-1.516135775024621546e-01 1.025881412116326441e+00
3.991088134457808079e-01 -9.788539745605302489e-01
1.089953905476595208e+00 -1.335377730213794523e-01
-7.387483301417943071e-01 7.924761540516966907e-01
1.138251042433903848e+00 -2.647283954668107064e-01
1.098001195449954448e+00 -3.417327184036986210e-01
1.902001992435826960e-01 1.318060129614339326e-01
1.765285387202710221e-01 -9.884602106721054326e-01
-6.691663981711181153e-01 8.984094457120153088e-01
-1.137960370234785579e+00 3.796579907731573167e-01
-7.820146627055837296e-01 7.856786432129924114e-01
-8.547005481849069275e-01 -3.176450719379752402e-02
-7.594118961390612377e-01 -8.744423104642130573e-01
9.287664192794364837e-01 5.593373072682511493e-02
1.664595235202122880e-01 1.004124441354905251e-01
