1.990000000000000000e+04
1.943185733383132538e+04
1.897336940984800094e+04
1.852453622805003397e+04
1.808535778843742082e+04
1.765583409101016150e+04
1.723596513576825964e+04
1.682575092271171161e+04
1.642519145184051740e+04
1.603428672315467338e+04
1.565303673665418864e+04
1.528144149233905409e+04
1.491950099020927519e+04
1.456721523026485374e+04
1.422458421250578613e+04
1.389160793693206870e+04
1.356828640354370873e+04
1.325461961234070441e+04
1.295060756332305209e+04
1.265625025649075724e+04
1.237154769184381439e+04
1.209649986938222355e+04
1.183110678910599017e+04
1.157536845101511244e+04
1.132928485510958672e+04
1.109285600138941481e+04
1.086608188985459856e+04
1.064896252050513795e+04
1.044149789334103116e+04
1.024368800836227638e+04
1.005553286556887724e+04
9.877032464960833750e+03
9.708186806538142264e+03
9.548995890300810061e+03
9.399459716248828045e+03
9.259578284382201673e+03
9.129351594700929127e+03
9.008779647205010406e+03
8.897862441894447329e+03
8.796599978769238078e+03
8.704992257829382652e+03
8.623039279074882870e+03
8.550741042505736914e+03
8.488097548121946602e+03
8.435108795923508296e+03
8.391774785910425635e+03
8.358095518082698618e+03
8.334070992440323607e+03
8.319701208983304241e+03
8.314986167711638700e+03
8.319925868625328803e+03
8.334520311724372732e+03
8.358769497008770486e+03
8.392673424478522065e+03
8.436232094133629289e+03
8.489445505974090338e+03
8.552313659999905212e+03
8.624836556211075731e+03
8.707014194607600075e+03
8.798846575189478244e+03
8.900333697956712058e+03
9.011475562909299697e+03
9.132272170047241161e+03
9.262723519370536451e+03
9.402829610879189204e+03
9.552590444573193963e+03
9.712006020452554367e+03
9.881076338517268596e+03
1.005980139876733483e+04
1.024818120120275853e+04
1.044621574582353605e+04
1.065390503262966740e+04
1.087124906162115258e+04
1.109824783279799158e+04
1.133490134616018804e+04
1.158120960170773833e+04
1.183717259944064244e+04
1.210279033935889674e+04
1.237806282146251397e+04
1.266299004575147774e+04
1.295757201222580079e+04
1.326180872088547221e+04
1.357570017173050655e+04
1.389924636476088926e+04
1.423244729997662580e+04
1.457530297737771980e+04
1.492781339696416399e+04
1.528997855873596927e+04
1.566179846269312839e+04
1.604327310883563587e+04
1.643440249716350445e+04
1.683518662767672140e+04
1.724562550037529218e+04
1.766571911525922405e+04
1.809546747232850612e+04
1.853487057158314565e+04
1.898392841302313172e+04
1.944264099664847890e+04
1.991100832245917991e+04
2.038903039045523474e+04
2.087670720063663612e+04
2.137403875300340587e+04
2.188102504755552218e+04
2.239766608429299959e+04
2.292396186321583082e+04
2.345991238432399768e+04
2.400551764761753657e+04
2.456077765309642564e+04
2.512569240076067581e+04
2.570026189061027981e+04
2.628448612264523399e+04
2.687836509686552745e+04
2.748189881327119292e+04
2.809508727186221222e+04
2.871793047263858898e+04
2.935042841560031229e+04
2.999258110074738215e+04
3.064438852807981675e+04
3.130585069759760881e+04
3.197696760930075106e+04
3.265773926318925078e+04
3.334816565926308976e+04
3.404824679752230440e+04
3.475798267796686559e+04
3.547737330059678061e+04
3.620641866541205673e+04
3.694511877241266484e+04
3.769347362159864133e+04
3.845148321296997892e+04
3.921914754652667034e+04
3.999646662226871558e+04
4.078344044019609282e+04
4.158006900030885299e+04
4.238635230260695971e+04
4.320229034709042025e+04
4.402788313375923462e+04
4.486313066261338827e+04
4.570803293365291029e+04
4.656258994687779341e+04
4.742680170228803036e+04
4.830066819988361385e+04
4.918418943966453662e+04
5.007736542163084232e+04
5.098019614578248002e+04
5.189268161211949337e+04
5.281482182064185326e+04
5.374661677134955244e+04
5.468806646424261999e+04
5.563917089932103409e+04
5.659993007658481656e+04
5.757034399603396014e+04
5.855041265766844299e+04
5.954013606148826511e+04
6.053951420749345561e+04
6.154854709568401449e+04
6.256723472605991265e+04
6.359557709862117918e+04
6.463357421336777043e+04
6.568122607029974461e+04
6.673853266941705078e+04
6.780549401071973261e+04
6.888211009420776099e+04
6.996838091988113592e+04
7.106430648773987195e+04
7.216988679778396909e+04
7.328512185001341277e+04
7.441001164442821755e+04
7.554455618102835433e+04
7.668875545981386676e+04
7.784260948078472575e+04
7.900611824394094583e+04
8.017928174928252702e+04
8.136209999680944020e+04
8.255457298652172904e+04
8.375670071841934987e+04
8.496848319250236091e+04
8.618992040877070394e+04
8.742101236722437898e+04
8.866175906786342966e+04
8.991216051068784145e+04
9.117221669569761434e+04
9.244192762289273378e+04
9.372129329227317066e+04
9.501031370383899775e+04
9.630898885759018594e+04
9.761731875352672068e+04
9.893530339164860197e+04
1.002629427719558589e+05
1.016002368944484333e+05
1.029471857591263979e+05
1.043037893659897090e+05
1.056700477150383813e+05
1.070459608062723564e+05
1.084315286396917363e+05
1.098267512152964482e+05
1.112316285330865649e+05
1.126461605930619698e+05
1.140703473952227650e+05
1.155041889395688922e+05
1.169476852261003805e+05
