1.990000000000000000e+04
1.841873620817941264e+04
1.724447305061794759e+04
1.637721052731559757e+04
1.581694863827236622e+04
1.556368738348824991e+04
1.561742676296325590e+04
1.597816677669737692e+04
1.664590742469061661e+04
1.762064870694297133e+04
1.890239062345444836e+04
2.049113317422504042e+04
2.238687635925474751e+04
2.458962017854358419e+04
2.709936463209152862e+04
2.991610971989859536e+04
3.303985544196476985e+04
3.647060179829006665e+04
4.020834878887450031e+04
4.425309641371802718e+04
4.860484467282069090e+04
5.326359356618244783e+04
5.822934309380334162e+04
6.350209325568334316e+04
6.908184405182246701e+04
7.496859548222069861e+04
8.116234754687808163e+04
8.766310024579457240e+04
9.447085357897015638e+04
1.015856075464048481e+05
1.090073621480987058e+05
1.167361173840516567e+05
1.247718732542637154e+05
1.331146297587348963e+05
1.417643868974651559e+05
1.507211446704546397e+05
1.599849030777031730e+05
1.695556621192108432e+05
1.794334217949775921e+05
1.896181821050035069e+05
2.001099430492885003e+05
2.109087046278326598e+05
2.220144668406358396e+05
2.334272296876981854e+05
2.451469931690197263e+05
2.571737572846002877e+05
2.695075220344400150e+05
2.821482874185388209e+05
2.950960534368967637e+05
3.083508200895139016e+05
3.219125873763900017e+05
3.357813552975253551e+05
3.499571238529198454e+05
3.644398930425732979e+05
3.792296628664860036e+05
3.943264333246579044e+05
4.097302044170886511e+05
4.254409761437787674e+05
4.414587485047278460e+05
4.577835214999361197e+05
4.744152951294035302e+05
4.913540693931299029e+05
5.085998442911156453e+05
5.261526198233601172e+05
5.440123959898641333e+05
5.621791727906271117e+05
5.806529502256490523e+05
5.994337282949304208e+05
6.185215069984705187e+05
6.379162863362701610e+05
6.576180663083286490e+05
6.776268469146462157e+05
6.979426281552229775e+05
7.185654100300588179e+05
7.394951925391539698e+05
7.607319756825082004e+05
7.822757594601212768e+05
8.041265438719936647e+05
8.262843289181252476e+05
8.487491145985156763e+05
8.715209009131656494e+05
8.945996878620742355e+05
9.179854754452422494e+05
9.416782636626694584e+05
9.656780525143556297e+05
9.899848420003009960e+05
1.014598632120505208e+06
1.039519422874968965e+06
1.064747214263691567e+06
1.090282006286673248e+06
1.116123798943914240e+06
1.142272592235413846e+06
1.168728386161173228e+06
1.195491180721191689e+06
1.222560975915469229e+06
1.249937771744005615e+06
1.277621568206801079e+06
1.305612365303855855e+06
1.333910163035169709e+06
1.362514961400742643e+06
1.391426760400574422e+06
1.420645560034665745e+06
1.450171360303016147e+06
1.480004161205626093e+06
1.510143962742494419e+06
1.540590764913621591e+06
1.571344567719008774e+06
1.602405371158654336e+06
1.633773175232559675e+06
1.665447979940724093e+06
1.697429785283147590e+06
1.729718591259829234e+06
1.762314397870770888e+06
1.795217205115971388e+06
1.828427012995431433e+06
1.861943821509150323e+06
1.895767630657127593e+06
1.929898440439365339e+06
1.964336250855860999e+06
1.999081061906616902e+06
2.034132873591631418e+06
2.069491685910904547e+06
2.105157498864436988e+06
2.141130312452229206e+06
2.177410126674280502e+06
2.213996941530590411e+06
2.250890757021158934e+06
2.288091573145987000e+06
2.325599389905075077e+06
2.363414207298421301e+06
2.401536025326027069e+06
2.439964843987891451e+06
2.478700663284015376e+06
2.517743483214398380e+06
2.557093303779040929e+06
2.596750124977942090e+06
2.636713946811101865e+06
2.676984769278521184e+06
2.717562592380200513e+06
2.758447416116137523e+06
2.799639240486335009e+06
2.841138065490790177e+06
2.882943891129504889e+06
2.925056717402479611e+06
2.967476544309712946e+06
3.010203371851205826e+06
3.053237200026956387e+06
3.096578028836967424e+06
3.140225858281237073e+06
3.184180688359766267e+06
3.228442519072554074e+06
3.273011350419601426e+06
3.317887182400906458e+06
3.363070015016472433e+06
3.408559848266297020e+06
3.454356682150380686e+06
3.500460516668723896e+06
3.546871351821325254e+06
3.593589187608186156e+06
3.640614024029306602e+06
3.687945861084685195e+06
3.735584698774323799e+06
3.783530537098220084e+06
3.831783376056377776e+06
3.880343215648792684e+06
3.929210055875467602e+06
3.978383896736402065e+06
4.027864738231593743e+06
4.077652580361046828e+06
4.127747423124757595e+06
4.178149266522727907e+06
4.228858110554957762e+06
4.279873955221446231e+06
4.331196800522193313e+06
4.382826646457199939e+06
4.434763493026467040e+06
4.487007340229991823e+06
4.539558188067775220e+06
4.592416036539818160e+06
4.645580885646121576e+06
4.699052735386682674e+06
4.752831585761504248e+06
4.806917436770582572e+06
4.861310288413921371e+06
4.916010140691519715e+06
4.971016993603377603e+06
5.026330847149494104e+06
5.081951701329868287e+06
5.137879556144502945e+06
5.194114411593397148e+06
5.250656267676549032e+06
5.307505124393962324e+06
5.364660981745630503e+06
5.422123839731561951e+06
5.479893698351751082e+06
5.537970557606199756e+06
5.596354417494907044e+06
5.655045278017874807e+06
5.714043139175098389e+06
5.773348000966584310e+06
