-7.268988176370369536e-02 -1.169682032420443329e+00
-9.055042543342120553e-02 -1.230024964998068349e+00
-5.924925915672469429e-02 1.003959164480503263e+00
2.637121623229368161e-01 -6.351967181696056564e-01
-7.056409100974884163e-01 -7.924072214612445375e-01
-1.932726730095773449e-01 -1.056223601957961611e+00
1.226342222779237406e-01 7.395577275152562802e-01
-1.987237119481144454e-01 8.081901505749323755e-01
6.092191378136273539e-01 8.462810177997522887e-01
4.706401764265842891e-01 7.814188832067931606e-04
-2.025709651720264681e-01 -6.983038728092842984e-01
-2.018255376150337732e-01 -7.454489201356844230e-01
1.862754001645749169e-01 -8.019062620784233042e-01
-5.769697192637417843e-02 1.027584395485861668e+00
6.172277956585323633e-01 9.076767852868401487e-01
-7.006814359330597597e-01 -7.717900640274195645e-01
5.507183623074890511e-01 6.119939006830094064e-01
3.113712679778037895e-01 -5.511430312552115796e-01
5.737297705901738265e-01 4.309558220053327227e-01
7.117823022244700037e-02 2.602998080053066654e-01
5.261457899969210761e-01 7.865659904955661919e-01
1.100588452125647321e-01 1.114076886894870055e+00
8.596703188852000688e-02 4.594841810915626934e-01
-6.490602529818426669e-01 -7.980874703298055373e-01
6.733145911015474272e-02 1.085450339357121985e+00
7.943575691691084212e-03 -1.113569253521582425e+00
3.586262285111944670e-01 -3.776974472480351674e-01
-3.059215586410384338e-02 -1.158830030072802719e+00
-1.487898453451917125e-01 -1.264139380642379740e+00
2.748227991105290369e-01 -6.201951751225005527e-01
-2.514835238264840900e-01 -9.720276371466525234e-01
4.440645682062202559e-02 1.063267954688239092e+00
-1.058923967333965238e-01 -1.205732699811477016e+00
5.928781369245716970e-01 7.532415190980382702e-01
5.951356214577421255e-01 7.970428787837416928e-01
5.684245598175737824e-01 8.966825931729247579e-01
1.703255964955404933e-01 -8.519015553903073190e-01
-6.672607455080276084e-01 -1.141095517370929402e+00
1.133769895970362235e-01 8.558802969935533911e-01
-5.796413950559612532e-02 -6.791502338534781413e-02
9.906180874034159478e-02 -9.764858512085947684e-01
-3.924124303599775543e-02 -4.398275160822592844e-02
5.871923552368174537e-01 9.448182842547752092e-01
5.997199763193136191e-01 4.299072461516008636e-01
3.887534735609803338e-01 -2.610687745591452891e-01
6.171776583416640483e-01 5.656223426539225274e-01
1.401563116727788313e-02 2.114702068208393071e-01
-6.720228020094631827e-01 -6.178394280045688136e-01
-1.995754332930002317e-01 -5.973265689868636485e-01
-3.208409962144087024e-01 5.495669214488554388e-01
-2.424932128133462927e-01 -7.406864615158842424e-01
-2.426764709291562572e-01 7.250894510133849558e-01
2.917752079371777052e-01 -5.410061399445900143e-01
4.560498345351100824e-02 3.585273257357320942e-01
-1.525533048969530125e-01 -1.154728002120338992e+00
-1.032947942398086683e-01 -2.213107013930299960e-01
6.264487550754244127e-01 8.081513495679741865e-01
-1.498285270429878802e-01 -1.306083447764338601e+00
2.576268767069312404e-01 -6.575520612801303288e-01
2.729983909305074841e-01 -5.894042799353677031e-01
5.985581503349418631e-01 8.788179398515619800e-01
-1.163261742915046304e-01 -1.178694696017504873e+00
3.171050244364583270e-01 -4.996527640040449580e-01
-7.213209298504416611e-02 -1.031070984013791603e-01
1.110987951042066296e-01 5.309591606420632770e-01
3.167118656051489678e-01 -5.244626545828570130e-01
-6.467883616980338868e-01 -9.961193709688364040e-01
-2.175404498217805849e-01 7.664137534920026917e-01
-9.520427550873322708e-02 -1.252356618496313745e+00
4.319724244895516430e-01 -1.502351647801780932e-01
-2.059935085610490602e-01 -5.586247856430770486e-01
-6.180078684176292247e-01 -1.025063302479152672e+00
9.290472405467213590e-02 6.792285539933271554e-01
-4.181831982510891138e-02 1.025956464575240812e+00
3.570450850417343225e-01 -3.697102570784091546e-01
-6.743648646027811111e-01 -1.136380675493518844e+00
1.614705974639634445e-01 -8.689425567885290524e-01
-6.894442901490924758e-01 -1.003473748201603399e+00
-4.446538096990969580e-01 2.287909698674679415e-01
6.142959504105846014e-01 5.029585043945924427e-01
-7.304743866495926330e-01 -7.808161146462129221e-01
-2.103053025866875314e-01 7.873919944891589751e-01
5.756806751232768082e-01 5.765003862423030423e-01
1.385812846826454114e-01 9.952013675351701893e-01
1.126837228378387151e-01 1.160657900010884980e+00
-6.244822305149499986e-01 -3.212194964689611965e-01
5.219251867292399316e-01 1.655042836336885204e-01
-1.604874738421330216e-01 -4.082015464260692617e-01
3.182513528553363447e-01 -5.208803836488108407e-01
-2.089180237577380750e-01 -1.103373261874645683e+00
2.684074171947965493e-01 -6.060289214489091858e-01
-2.611083008322813148e-01 -1.084092072586013922e+00
6.002802489312932810e-01 5.448724541224378992e-01
5.336675415372282502e-03 8.954145378456397630e-02
-2.145928764608499295e-01 7.806043873024993696e-01
-4.399015605103905879e-01 2.617840825403251470e-01
-7.170733118228003189e-01 -1.078971771725723228e+00
7.549189597369400373e-02 4.180404054272307546e-01
5.786335833005870066e-01 9.023136148892236807e-01
3.495687502058228424e-01 -3.879195139466868336e-01
-8.480967478562810580e-02 9.806246359662974532e-01
4.826455481365664602e-01 6.624376568497135354e-02
-1.274240868094568546e-01 -3.968746121332935028e-01
-3.065198793822849765e-01 5.758341191459944719e-01
5.126255023701354469e-02 3.252048872458570550e-01
1.395275733195967538e-01 5.296605458817609247e-01
3.426602498394511476e-01 -4.529783565150315439e-01
-6.532287284031920160e-01 -5.998892124131666170e-01
-2.144792695973780916e-01 -6.127967586503835218e-01
-7.074610987904038639e-01 -6.137314553917184723e-01
-2.678266887403192853e-01 -9.886934091032291150e-01
-6.927842830933266249e-01 -6.209390982252281921e-01
-6.845871272615023928e-01 -1.107702196573850939e+00
-2.908483321595340954e-01 6.396912486392938302e-01
-6.768443415024652521e-02 9.757995966611000549e-01
-1.405138716309022873e-01 -1.222322444284113407e+00
5.335429554561887944e-02 1.130900386122917212e+00
-1.188567006099983669e-01 -1.283698267351332412e+00
5.793233641537384182e-01 6.628327252926353719e-01
1.421009917539241552e-01 1.042111004048129619e+00
-2.243922216459958430e-01 -1.012524685714011774e+00
5.649737420104401497e-01 6.948846561546393463e-01
-6.926457018466734838e-02 -8.264397881789981026e-02
-6.431646477820772700e-01 -5.590538883262984315e-01
9.038591784339274071e-02 -9.907209679671911129e-01
-6.909057752467439029e-01 -1.113475775525417877e+00
-3.682714631894521973e-01 4.687060454670681775e-01
-2.675662866943473439e-01 -8.871319005627061882e-01
5.494438204528997449e-01 4.584778742995702094e-01
1.314922578429410793e-01 6.885157861968314030e-01
-5.906892904522325072e-01 -2.907138111771934708e-01
3.122763414717615871e-01 -5.338683079885896410e-01
5.902105093888069393e-02 -1.033224505034441076e+00
-2.012185721903925473e-01 -8.901224884523789571e-01
-6.293215655641799799e-02 -9.728056981711839801e-02
1.159969723058442148e-01 -9.379748914926266945e-01
5.623826192947286584e-01 4.700081085823745730e-01
-2.625742459654364924e-01 6.931153207939948491e-01
3.629888374191444500e-01 -4.100473219064737496e-01
-1.626103756274249190e-01 -1.124834559161933756e+00
1.747340659279821296e-01 9.574275614584276672e-01
-6.389520177211831242e-02 -1.184985973872475729e+00
8.443932530809362957e-02 9.728832406246513687e-01
1.424600026320782808e-01 7.941046433179941300e-01
-2.585647201748542678e-01 -1.230624884034845712e+00
-2.591434125742045902e-01 -1.279366661081409839e+00
-5.609460830350881250e-02 -1.711347541987578713e-01
3.494615302026098796e-02 2.908343709414416001e-01
1.561214486663306256e-01 9.122126511611683419e-01
-6.056046210572759575e-02 1.015337830219221527e+00
5.421894215258739047e-01 9.003615997123259884e-01
5.531508914771954277e-01 6.378828931202136232e-01
4.468799694076257545e-01 -1.210367903405548951e-01
-6.914379806076889068e-01 -8.639813330442929207e-01
-8.883648339166962116e-02 -1.171703099440805307e+00
4.311413281155466182e-01 -1.788703906672499955e-01
6.173374329326298815e-01 9.460877589660272591e-01
1.322591734443938627e-01 6.172665211097952964e-01
-5.577147257146719550e-01 -1.012981115839394625e-01
-2.347886916453831296e-01 7.463215141921301088e-01
-1.810917625932564334e-01 -1.228944919801722380e+00
3.986163910177001335e-01 -2.903673153365336490e-01
7.222258816789348460e-03 -1.119443696525681764e+00
-7.025701697540347457e-01 -1.064736720191022723e+00
1.600517298404386390e-01 -8.576090129433433518e-01
-2.372657726298402492e-01 7.425675367298891771e-01
1.788972523909964640e-01 9.297215313296482986e-01
-8.237252538520750678e-02 -1.846680908883056582e-01
1.186852298326769861e-01 1.121971789082886639e+00
-7.486642192407746803e-03 1.197329778230019348e-01
-7.179526950992337619e-01 -7.757247203530089896e-01
9.918675134029975027e-02 1.128111437704161002e+00
1.039286509097167438e-01 9.582667873750132514e-01
-6.583356058925461385e-01 -8.785774358685970453e-01
7.966656200839551671e-02 -1.009590985919307071e+00
1.762405137118797371e-01 -8.253456950763868871e-01
1.968313221960643344e-01 -7.953671813404266100e-01
1.274794860946632524e-01 7.395347581870199694e-01
-7.056741556642871505e-01 -7.024730626990371984e-01
-7.253372758532418141e-01 -7.561002546800866808e-01
-4.067431051015490961e-01 3.896586543964178917e-01
-4.136946087636439451e-02 1.025247528381729278e+00
-2.122212636611847392e-01 -9.837087218624102070e-01
1.787924833711724559e-01 -8.350156406673623355e-01
5.364644272252618723e-02 2.033806745299981400e-01
-4.654697861690640370e-02 -1.192854880779495641e+00
5.242591450170294154e-01 2.683198659546737752e-01
-4.174260612786248048e-01 2.961265858577057930e-01
6.871960081513170393e-02 2.814533137993225909e-01
5.461622668847380124e-01 2.893804727443873848e-01
3.084846988515100863e-01 -4.942578676685922545e-01
-7.181207621139356068e-01 -6.988568242819127585e-01
-1.138792866000548631e-01 -1.222926690085069490e+00
2.873140413732992379e-02 -1.093190361932133481e+00
1.253815787563891115e-01 -9.266241242238779652e-01
-4.842158824287702834e-01 1.227597007823523628e-01
-1.398465840679371519e-01 -4.967903729625012810e-01
-6.379548273376737244e-01 -5.387087839327695526e-01
-7.266183697946158038e-01 -8.526174587029485830e-01
-5.373013857714143970e-01 -9.062322951932128001e-03
