3.635673951514826335e-02 -1.071361722144817508e+00
1.301712166015889793e-01 4.962816707686518169e-01
1.235194232660812158e-01 8.848204188054340502e-01
-5.581548971417505944e-01 -1.348317635848298723e-01
-6.916695876819692890e-01 -1.050326031677960570e+00
1.993603875063726383e-01 -7.852403081706796906e-01
-2.677393153386909419e-01 -8.909979804692561567e-01
4.490997464354891666e-01 -1.675589808802345482e-01
-6.228946807214309489e-01 -9.602143370228082286e-01
3.722000281600949534e-01 -3.037673433451043015e-01
-2.702004910553602035e-01 -1.044206676554944480e+00
-2.548532017993063170e-01 -8.630660058238532883e-01
5.601692522414188913e-01 8.282561314575748179e-01
-5.154243589863752861e-01 4.021832412238311727e-02
6.130712555018175136e-01 7.872094044867069540e-01
3.350307871341783733e-02 1.421314147041041198e-01
5.533035208232442992e-01 7.379281995298930807e-01
-2.038074552149502505e-01 -6.481184683018027526e-01
-7.068011258948109221e-01 -9.152330881138454055e-01
-1.718703666297720090e-01 -1.143615324997825144e+00
-1.823574092750403219e-01 -7.520431424584604896e-01
1.710600752750314202e-01 9.569772573993987619e-01
-1.996707717797116255e-01 -9.100568217043834007e-01
-5.875069209594416808e-01 -2.025232417549550634e-01
-2.509623386366118813e-01 -8.721005346362878941e-01
6.420098570570147156e-02 1.065132171761763669e+00
5.554471373821966429e-01 4.627733860017602674e-01
2.125988918693443724e-02 2.599368463018311703e-01
5.547560594736888895e-01 2.272402046629864725e-01
-1.108572666845139970e-01 -2.839749998486704730e-01
-6.920282558956644126e-01 -5.473891846607497058e-01
2.985980853263891510e-01 -5.647849158645172896e-01
-2.540710968884817289e-01 -9.206035382796009525e-01
1.428127548612771192e-01 8.215795639646313875e-01
-7.431648073291561296e-01 -9.038745360357436365e-01
-7.153828393020223997e-01 -1.016554865773235727e+00
-3.347637980067839913e-02 1.035486310318100678e+00
-7.310953094373229266e-01 -9.910221830879533123e-01
-8.116320839959517697e-02 -1.227239526321589613e+00
-1.200303606216088226e-01 -1.229761942539716824e+00
5.264873943366750186e-01 8.425903774602925278e-01
-1.514801799592952747e-01 -1.196401669272071588e+00
-2.547967679995978285e-01 -9.609301875913182078e-01
1.342493644659249474e-01 1.151365088169743700e+00
-6.249196580384470678e-01 -3.213084046571975105e-01
-4.923220956321935210e-02 -1.163965639603711244e+00
-2.257926762582251334e-01 -8.135074157560474584e-01
1.437218226322762582e-01 -8.971888914322407871e-01
-2.015020323729741769e-01 -6.699267898161256340e-01
-7.455934406464589381e-01 -9.659542468330094556e-01
7.685761478380775946e-02 1.115083791326644702e+00
5.416111270538196409e-01 1.933027081176312834e-01
-1.479135375777696215e-01 8.936868895494884946e-01
-3.971976051428358079e-02 9.932022968637889138e-01
-6.847853747148620052e-01 -1.152584676464288416e+00
-1.682134817177871888e-01 -1.231422732606032078e+00
-4.543709380067000314e-01 2.282940211507310801e-01
2.276434175036491647e-01 -7.403729007337648271e-01
3.965340734726687799e-01 -2.416395261079370138e-01
-4.554480112558431104e-01 2.372341475867554006e-01
1.171365498659022730e-01 1.132095703607520099e+00
-5.662916737841176829e-02 1.019110621653299908e+00
5.677530243070136873e-01 8.561501510301520179e-01
-1.220944125850463441e-01 9.364527730952162399e-01
-6.590350458770913855e-01 -9.687306624681867318e-01
-2.029426891124496701e-01 -1.257675781184424579e+00
-6.591771736830657202e-01 -1.100482218472414564e+00
-1.482546117737070478e-02 7.944639765031077938e-02
2.462021310376628080e-01 -6.485188633654814794e-01
-6.418834665523937000e-02 -1.995710409186989553e-01
-1.687824336529132607e-01 -1.156110830237487397e+00
-2.861969340556827848e-02 -1.162899466666991177e+00
5.949774318578633370e-01 6.171010891376838003e-01
-4.771406678850222405e-01 1.696914085271043482e-01
-6.303264733594445834e-01 -1.052459289053674363e+00
5.820279829676955341e-01 4.318866107014092681e-01
-2.169743461372312943e-02 7.828102606091731641e-02
-1.327360874239303101e-01 8.984551536145378714e-01
-1.561875203605064821e-01 8.797255249424037471e-01
-2.382705575643823681e-01 -1.069335706913055795e+00
5.582469600815324062e-01 7.630729333846985041e-01
8.982851894988530539e-02 -9.911553667060146733e-01
5.229260563982136567e-01 8.289888807088251488e-01
5.617789466159570644e-01 2.529247611181783539e-01
-5.807847833989003387e-03 -1.128377594140826945e+00
1.253713099138761833e-01 1.027657074356810085e+00
1.845121760756422702e-01 -8.251416963875033428e-01
-2.260983015972888033e-01 7.613741733826581148e-01
-1.404651758339099388e-01 -1.293697515296416523e+00
-1.561750631444567550e-01 -1.217805529280846955e+00
-3.961825374296258362e-01 4.045786552978167805e-01
-2.132175894538651528e-01 -6.485542501730177101e-01
1.496030979263452410e-01 6.868062496625959579e-01
-3.113344596797401054e-01 5.885202392756564427e-01
-7.039780795959407200e-01 -7.940532905808936892e-01
-1.878403915311451233e-01 -8.101549127873509670e-01
5.187688736643487619e-01 5.552476868807203203e-02
6.072603187486804721e-01 6.541763818746271220e-01
2.085148991095844492e-02 9.249716970547441908e-02
5.932753558183417875e-01 3.581229313058372221e-01
-1.549139545478875335e-01 8.782183741412216138e-01
5.338156197650875123e-01 8.650353928785288193e-01
1.494658328540586500e-01 -8.693414974895642411e-01
3.098314249904426596e-03 -1.133028814735370871e+00
-6.742172941671168429e-01 -6.211937645687570786e-01
-3.671720719601472005e-02 1.707094368133602394e-02
1.364225348379264902e-01 1.072837925225261557e+00
3.512793476393984982e-01 -3.582885916112021341e-01
-6.760411904372531922e-01 -9.932338448042937751e-01
-2.108654453993552558e-01 -8.267319315389600742e-01
1.371618202906294270e-01 9.549447125030917638e-01
1.399677331671195235e-01 -9.050576174242357386e-01
9.684248382899812713e-02 1.030713169357936776e+00
-1.571777809032968987e-01 -1.300259467353895637e+00
-5.112886494829111950e-01 4.420836553946632524e-02
-6.066044176249795195e-01 -2.372664930529437555e-01
-6.696153051448876514e-01 -9.529261740679060289e-01
-4.175113582635328058e-01 2.915105707630823439e-01
5.796857581684967675e-01 7.336506273325151817e-01
5.981252318752124930e-01 7.986420365177827607e-01
-5.379832980432209810e-01 6.044448666396671360e-03
-1.734992391466369799e-01 -1.286704238117359234e+00
-2.073544893399264788e-01 -9.950206759292642422e-01
-2.054347280008992638e-01 -7.069254141871389452e-01
5.312156850977538258e-02 1.123296081660640988e+00
-3.317399778677453948e-01 5.348006572935535274e-01
-2.560206315569225621e-01 -9.785710598023330542e-01
1.275051081934429897e-01 5.647959459451181718e-01
-2.133529801230353573e-01 7.826171160742141364e-01
1.519922727362173209e-01 -8.795572608964890016e-01
-1.536300041820380380e-01 -5.898784942240383744e-01
6.433560677301031205e-02 -1.034587102169383321e+00
-1.145371335501858129e-01 9.409044792310441441e-01
1.755800850189873086e-01 1.016960091639021568e+00
-1.251572373483664236e-01 -4.151986309387270535e-01
8.651640277221055164e-02 -9.924520371311943423e-01
1.705254244842712985e-01 1.001220901543398156e+00
1.724648717546920784e-01 7.155070524515689812e-01
6.182227042154536667e-01 5.154028698240230577e-01
1.796639062790347241e-01 1.013634616456987159e+00
-1.768873377941106717e-01 -6.826422479592840764e-01
-1.714728353782454529e-01 -1.273780134050002344e+00
6.068660241060488403e-01 9.711657691114146118e-01
1.520292773006145237e-01 -8.861564721850269111e-01
6.444542399786500342e-01 7.108743165901028060e-01
-6.838893974280618737e-01 -9.540885424873101206e-01
-1.520970250894846942e-01 -4.582428375598813219e-01
-3.431923048713857449e-01 5.255250497261850784e-01
1.021901399847011463e-02 1.718809827450209493e-01
-6.925442133226746844e-01 -5.178666046451705363e-01
-7.356665630318203197e-01 -9.771680391756059070e-01
-3.721242970997441085e-02 -1.147592808699924971e+00
5.711545654908055658e-01 8.522143785893506740e-01
8.678734239430113684e-02 8.925604588924525018e-01
-1.871637155026132648e-01 -1.276288197449541917e+00
-6.838473310288768481e-01 -7.218211945026163923e-01
6.133424455462330727e-01 6.664360491737600922e-01
-6.843861977066733049e-01 -6.017261156600645089e-01
-7.170584829963917439e-01 -1.055946489523413634e+00
-2.489676947025628306e-01 -9.861908929222547027e-01
-5.639679663074939064e-01 -5.309009272475755797e-02
5.671408636596074471e-02 1.094856666299500736e+00
2.687900816728180375e-01 -6.120357861086825890e-01
3.497895332740472152e-02 1.254588439188173143e-01
-4.112922221604567996e-01 3.088771898732977639e-01
-7.192549130601116891e-01 -7.980813477352691754e-01
8.312509967540114564e-02 3.836624212079072782e-01
-5.403123717314125551e-01 -9.563800073310457436e-03
-1.527801197073930528e-01 -3.827997340372638058e-01
6.234912712841459564e-02 1.129245624588143704e+00
-2.197129677905197975e-01 -1.017174272522965550e+00
5.935501236742410924e-01 3.980096714896501631e-01
-3.395005605620486644e-02 1.057007476809993962e+00
1.821297592044335278e-01 -8.271562834285047794e-01
3.122615490596541421e-01 -5.044554966279568564e-01
-7.262566901761045024e-01 -9.856359195314183808e-01
-1.146554985169700308e-01 -3.181016313801210416e-01
4.053448701682095257e-01 -2.556970955471434270e-01
4.391838813089539162e-01 -1.786756017225725190e-01
-1.632588252504704462e-01 -1.213490798501015044e+00
-6.504699504922057951e-01 -7.302979574569605781e-01
1.262090665922117882e-01 -9.303438296741487479e-01
-2.407154615507584028e-01 -1.088728942636535191e+00
-1.493776442509904268e-01 -1.171735458808250252e+00
-7.059473312846952231e-01 -1.119541221370936368e+00
7.135201840742295964e-02 5.187107814031850506e-01
-9.886738638808988122e-02 -1.186712459858596080e+00
-2.221519638828392540e-01 -8.192643208852821157e-01
5.330281764739944750e-01 1.844057151348570955e-01
3.456699498082212163e-02 -1.083976463397319012e+00
3.386408106748349522e-02 -1.080604934471220968e+00
-2.103597983757667378e-01 -6.861130658895644441e-01
-6.499462291391473745e-02 9.872035154369679377e-01
-5.486169935091823602e-01 -1.204828305807822686e-01
-1.676614777510212206e-01 -1.116599925390503900e+00
-1.844400230047291422e-01 -1.205660488227401128e+00
7.571577521875737238e-02 2.685340752928592201e-01
-8.983151024833034570e-02 -1.258737989140854330e+00
9.501002148148508797e-02 9.166129324119647315e-01
-6.711118262714060867e-01 -1.097453602802935135e+00
