1.990000000000000000e+04
1.927052632421043018e+04
1.867748411336408753e+04
1.812087336746096844e+04
1.760069408650107289e+04
1.711694627048440452e+04
1.666962991941095970e+04
1.625874503328073843e+04
1.588429161209374615e+04
1.554626965584997924e+04
1.524467916454943588e+04
1.497952013819211425e+04
1.475079257677802161e+04
1.455849648030715434e+04
1.440263184877951062e+04
1.428319868219509226e+04
1.420019698055389927e+04
1.415362674385593164e+04
1.414348797210118755e+04
1.416978066528967065e+04
1.423250482342137911e+04
1.433166044649630931e+04
1.446724753451446668e+04
1.463926608747585124e+04
1.484771610538045752e+04
1.509259758822828735e+04
1.537391053601934618e+04
1.569165494875363038e+04
1.604583082643113812e+04
1.643643816905187123e+04
1.686347697661582788e+04
1.732694724912301172e+04
1.782684898657342274e+04
1.836318218896705366e+04
1.893594685630391177e+04
1.954514298858400070e+04
2.019077058580730591e+04
2.087282964797384193e+04
2.159132017508359786e+04
2.234624216713658461e+04
2.313759562413278763e+04
2.396538054607222512e+04
2.482959693295488250e+04
2.573024478478076708e+04
2.666732410154988247e+04
2.764083488326221050e+04
2.865077712991777662e+04
2.969715084151655174e+04
3.077995601805855767e+04
3.189919265954379807e+04
3.305486076597224746e+04
3.424696033734394587e+04
3.547549137365885690e+04
3.674045387491698784e+04
3.804184784111834597e+04
3.937967327226294583e+04
4.075393016835074377e+04
4.216461852938179072e+04
4.361173835535604303e+04
4.509528964627352980e+04
4.661527240213424375e+04
4.817168662293817761e+04
4.976453230868533137e+04
5.139380945937571232e+04
5.305951807500932773e+04
5.476165815558617760e+04
5.650022970110621827e+04
5.827523271156950068e+04
6.008666718697601755e+04
6.193453312732576160e+04
6.381883053261872556e+04
6.573955940285489487e+04
6.769671973803432775e+04
6.969031153815698053e+04
7.172033480322282412e+04
7.378678953323190217e+04
7.588967572818421468e+04
7.802899338807977620e+04
8.020474251291854307e+04
8.241692310270050075e+04
8.466553515742573654e+04
8.695057867709413404e+04
8.927205366170580965e+04
9.162996011126071971e+04
9.402429802575882059e+04
9.645506740520015592e+04
9.892226824958469660e+04
1.014259005589125154e+05
1.039659643331835541e+05
1.065424595723977691e+05
1.091553862765552185e+05
1.118047444456559024e+05
1.144905340796997916e+05
1.172127551786869881e+05
1.199714077426173171e+05
1.227664917714909388e+05
1.255980072653076932e+05
1.284659542240677692e+05
1.313703326477710507e+05
1.343111425364175229e+05
1.372883838900072151e+05
1.403020567085401563e+05
1.433521609920163464e+05
1.464386967404357565e+05
1.495616639537983574e+05
1.527210626321041491e+05
1.559168927753532189e+05
1.591491543835455086e+05
1.624178474566810764e+05
1.657229719947598060e+05
1.690645279977818136e+05
1.724425154657468956e+05
1.758569343986553431e+05
1.793077847965070396e+05
1.827950666593018977e+05
1.863187799870399758e+05
1.898789247797212447e+05
1.934755010373457917e+05
1.971085087599135586e+05
2.007779479474246036e+05
2.044838185998788103e+05
2.082261207172762370e+05
2.120048542996168835e+05
2.158200193469007791e+05
2.196716158591278945e+05
2.235596438362982881e+05
2.274841032784117560e+05
2.314449941854686185e+05
2.354423165574686427e+05
2.394760703944119159e+05
2.435462556962984090e+05
2.476528724631280056e+05
2.517959206949009676e+05
2.559754003916170914e+05
2.601913115532764932e+05
2.644436541798790568e+05
2.687324282714248402e+05
2.730576338279139018e+05
2.774192708493461832e+05
2.818173393357216846e+05
2.862518392870404641e+05
2.907227707033022307e+05
2.952301335845075082e+05
2.997739279306558892e+05
3.043541537417474901e+05
3.089708110177824274e+05
3.136238997587604099e+05
3.183134199646817287e+05
3.230393716355462093e+05
3.278017547713540262e+05
3.326005693721050629e+05
3.374358154377991450e+05
3.423074929684366216e+05
3.472156019640171435e+05
3.521601424245411181e+05
3.571411143500081380e+05
3.621585177404184360e+05
3.672123525957719539e+05
3.723026189160687500e+05
3.774293167013088241e+05
3.825924459514920600e+05
3.877920066666185157e+05
3.930279988466881332e+05
3.983004224917009706e+05
4.036092776016571443e+05
4.089545641765565379e+05
4.143362822163990932e+05
4.197544317211848684e+05
4.252090126909138635e+05
4.307000251255860785e+05
4.362274690252016881e+05
4.417913443897602847e+05
4.473916512192621594e+05
4.530283895137073123e+05
4.587015592730958015e+05
4.644111604974273941e+05
4.701571931867022067e+05
4.759396573409201228e+05
4.817585529600814334e+05
4.876138800441859639e+05
4.935056385932337143e+05
4.994338286072245101e+05
5.053984500861587585e+05
5.113995030300361686e+05
5.174369874388568569e+05
5.235109033126205904e+05
5.296212506513277767e+05
5.357680294549779501e+05
5.419512397235715762e+05
5.481708814571083058e+05
5.544269546555882553e+05
5.607194593190115411e+05
5.670483954473778140e+05
5.734137630406874232e+05
5.798155620989403687e+05
5.862537926221364178e+05
5.927284546102758031e+05
5.992395480633584084e+05
6.057870729813838843e+05
6.123710293643531622e+05
