1.122791957855224609e+01 -2.500878274440765381e-01
-9.591393470764160156e+00 -6.933140277862548828e+00
2.544484853744506836e+00 3.207678318023681641e+00
5.866398811340332031e+00 2.870939016342163086e+00
-9.229809761047363281e+00 -6.064914703369140625e+00
3.527755737304687500e+00 5.221210956573486328e+00
-1.411346721649169922e+01 -5.124207019805908203e+00
-4.521875858306884766e+00 -2.413058996200561523e+00
-7.633188247680664062e+00 -5.154492855072021484e+00
-5.411482810974121094e+00 -4.566098213195800781e+00
4.595021247863769531e+00 2.860619068145751953e+00
9.010119438171386719e+00 1.096633076667785645e+00
-1.556514263153076172e+01 -6.701312065124511719e+00
-1.389980125427246094e+01 -6.873135089874267578e+00
-8.026668548583984375e+00 -4.217719078063964844e+00
-8.866007804870605469e+00 -6.340095520019531250e+00
9.032445549964904785e-01 1.606823325157165527e+00
-1.280828857421875000e+01 -5.476567268371582031e+00
1.008591079711914062e+01 6.826266050338745117e-01
-8.743997573852539062e+00 -4.821269035339355469e+00
3.371152877807617188e-01 4.441205501556396484e+00
-1.143077754974365234e+01 -6.648266792297363281e+00
-1.231141948699951172e+01 -7.355782508850097656e+00
-1.461592292785644531e+01 -4.724136352539062500e+00
4.317867755889892578e+00 1.999568343162536621e+00
6.464868545532226562e+00 2.934281110763549805e+00
-5.693523883819580078e+00 -3.278743028640747070e+00
3.532075881958007812e+00 3.389886617660522461e+00
1.967466473579406738e+00 1.742436170578002930e+00
-7.681001663208007812e+00 -4.004586219787597656e+00
-1.308594512939453125e+01 -7.383124351501464844e+00
7.841820240020751953e+00 2.960549116134643555e+00
1.027716350555419922e+01 1.352482318878173828e+00
2.365628480911254883e+00 2.205587148666381836e+00
-1.262424468994140625e+01 -7.099639892578125000e+00
-1.146266078948974609e+01 -5.635771751403808594e+00
-6.686243414878845215e-01 3.991397619247436523e+00
-7.198108196258544922e+00 -4.646574497222900391e+00
4.990972280502319336e-01 4.662558078765869141e+00
-1.486899948120117188e+01 -4.706502914428710938e+00
-1.505426406860351562e+00 4.295731067657470703e+00
-6.053864479064941406e+00 -6.258263587951660156e+00
-1.555976867675781250e+00 3.762675762176513672e+00
-5.030959129333496094e+00 -2.890952825546264648e+00
-7.248683929443359375e+00 -4.262668609619140625e+00
8.877035140991210938e+00 1.422871351242065430e+00
-7.603899836540222168e-01 2.948358058929443359e+00
-1.168851137161254883e+00 3.878181457519531250e+00
9.181385040283203125e+00 2.063541650772094727e+00
-6.824085235595703125e+00 -3.776621580123901367e+00
2.522214412689208984e+00 5.497081279754638672e+00
1.152551460266113281e+01 1.991334408521652222e-01
1.022211170196533203e+01 -7.995388507843017578e-01
-1.568496036529541016e+01 -6.031343460083007812e+00
2.799564599990844727e+00 3.577977180480957031e+00
-1.428255558013916016e+00 6.377041935920715332e-01
-2.057293653488159180e+00 3.225181698799133301e-01
-1.688165187835693359e+00 1.225975394248962402e+00
7.295462608337402344e+00 1.468101382255554199e+00
5.045855998992919922e+00 2.631085872650146484e+00
9.611400604248046875e+00 1.282567262649536133e+00
1.017504024505615234e+01 -1.005765676498413086e+00
-9.531906127929687500e+00 -5.950404644012451172e+00
-2.120304822921752930e+00 7.342641353607177734e-01
-8.448589324951171875e+00 -6.052640914916992188e+00
-1.123352336883544922e+01 -6.123144149780273438e+00
1.073639106750488281e+01 6.931162476539611816e-01
9.806622505187988281e+00 -5.997220873832702637e-01
-2.531032323837280273e+00 6.458450108766555786e-02
-6.725428581237792969e+00 -5.533677577972412109e+00
6.185171127319335938e+00 2.436804294586181641e+00
3.982621431350708008e+00 2.116400003433227539e+00
1.165851306915283203e+01 4.897557795047760010e-01
-1.440472602844238281e+01 -4.621362209320068359e+00
8.119752883911132812e+00 2.965023517608642578e+00
8.432828903198242188e+00 2.169210433959960938e+00
2.901113748550415039e+00 4.902631759643554688e+00
-1.490575695037841797e+01 -5.455022811889648438e+00
1.105756187438964844e+01 7.917211055755615234e-01
-1.413984203338623047e+01 -4.817409992218017578e+00
-5.486352920532226562e+00 -6.306568622589111328e+00
-2.054904699325561523e+00 3.492810726165771484e+00
-7.460166215896606445e-01 1.717455863952636719e+00
-1.029351234436035156e+01 -6.325233936309814453e+00
-1.294138145446777344e+01 -6.910791873931884766e+00
-6.431397914886474609e+00 -4.190899372100830078e+00
6.220949888229370117e-01 3.972632884979248047e+00
1.594476461410522461e+00 3.847860574722290039e+00
-3.874522447586059570e+00 -4.231741428375244141e+00
8.378260731697082520e-01 2.026827573776245117e+00
-3.701669454574584961e+00 -3.726004838943481445e+00
2.402576446533203125e+00 4.724020004272460938e+00
-6.618617057800292969e+00 -4.831586837768554688e+00
-1.555090045928955078e+01 -6.973887920379638672e+00
9.703914642333984375e+00 4.411248266696929932e-01
-1.482431316375732422e+01 -6.491739273071289062e+00
1.062428092956542969e+01 1.859878599643707275e-01
-1.572694587707519531e+01 -5.823943138122558594e+00
6.549573898315429688e+00 2.108982801437377930e+00
-5.504841804504394531e+00 -3.548581838607788086e+00
-1.801809072494506836e-01 3.899578332901000977e+00
1.063727664947509766e+01 1.532959342002868652e+00
7.717698574066162109e+00 3.240108251571655273e+00
-2.696809053421020508e+00 -2.333010435104370117e+00
-3.722153663635253906e+00 -2.587212324142456055e+00
-1.866802930831909180e+00 2.592472791671752930e+00
-5.919689178466796875e+00 -6.360487461090087891e+00
-2.631087303161621094e+00 -2.251242995262145996e-01
1.769451737403869629e+00 4.056652545928955078e+00
-6.485945224761962891e+00 -6.944392681121826172e+00
-8.585552215576171875e+00 -7.076040744781494141e+00
-1.329451942443847656e+01 -6.921672344207763672e+00
-1.269756031036376953e+01 -5.629596710205078125e+00
-1.392442512512207031e+01 -7.033931732177734375e+00
-1.981320738792419434e+00 2.859190225601196289e+00
-3.588089644908905029e-01 4.564786434173583984e+00
-1.506283855438232422e+01 -6.642052173614501953e+00
-1.276686191558837891e+01 -7.378599166870117188e+00
-1.430558972060680389e-02 4.828145503997802734e+00
9.472414851188659668e-01 1.625812530517578125e+00
-6.333409547805786133e-01 4.931937217712402344e+00
-7.110198974609375000e+00 -6.629114151000976562e+00
-1.360445737838745117e+00 1.188376665115356445e+00
1.110161781311035156e+01 1.132065355777740479e-01
1.087002563476562500e+01 -3.923225700855255127e-01
2.917401552200317383e+00 2.227227449417114258e+00
1.651356458663940430e+00 5.275864601135253906e+00
-8.226628303527832031e+00 -4.761775970458984375e+00
-4.367997646331787109e+00 -2.125164985656738281e+00
-5.422186374664306641e+00 -4.800308227539062500e+00
4.508401870727539062e+00 2.220882892608642578e+00
9.319874763488769531e+00 1.730277419090270996e+00
-1.415262699127197266e+01 -5.453674793243408203e+00
-8.392478942871093750e+00 -6.556923389434814453e+00
-1.187725925445556641e+01 -6.988472938537597656e+00
-4.463003635406494141e+00 -2.955836296081542969e+00
-4.781581401824951172e+00 -2.822756290435791016e+00
-1.541194319725036621e+00 6.514782905578613281e-01
8.339533805847167969e+00 3.227029085159301758e+00
1.076723003387451172e+01 2.283539623022079468e-02
-7.301406383514404297e+00 -4.148190975189208984e+00
-1.461594867706298828e+01 -5.552154064178466797e+00
4.513051509857177734e-01 2.437881469726562500e+00
-6.664093017578125000e+00 -4.655993461608886719e+00
3.444236755371093750e+00 5.148115634918212891e+00
8.355213701725006104e-02 3.428544282913208008e+00
-5.966784000396728516e+00 -6.545984268188476562e+00
-6.810277462005615234e+00 -6.580216884613037109e+00
-1.090790557861328125e+01 -5.983472824096679688e+00
1.147091674804687500e+01 -8.242165297269821167e-02
-1.523533821105957031e+01 -6.040072441101074219e+00
-3.721167564392089844e+00 -3.640879631042480469e+00
1.096433448791503906e+01 1.481673002243041992e+00
8.023940086364746094e+00 7.760141491889953613e-01
7.156700134277343750e+00 1.819556117057800293e+00
1.638415336608886719e+00 1.348101019859313965e+00
-6.317601203918457031e+00 -5.050107002258300781e+00
6.876062393188476562e+00 2.399717092514038086e+00
-8.381662964820861816e-01 3.638204813003540039e+00
-1.554114913940429688e+01 -7.001877307891845703e+00
-8.688984870910644531e+00 -5.723818778991699219e+00
3.304440498352050781e+00 3.688850879669189453e+00
-2.873584032058715820e+00 -5.971570611000061035e-01
-1.582471179962158203e+01 -6.389433383941650391e+00
2.046196460723876953e+00 4.742802619934082031e+00
2.129926830530166626e-01 4.850994110107421875e+00
2.541713714599609375e+00 5.263520240783691406e+00
9.349790215492248535e-01 5.083585262298583984e+00
7.890267848968505859e+00 2.565020799636840820e+00
7.022539615631103516e+00 1.434756755828857422e+00
4.277873039245605469e+00 4.849146366119384766e+00
-3.645870685577392578e+00 -3.272970676422119141e+00
-3.309346437454223633e-01 1.005549550056457520e+00
-1.021883678436279297e+01 -6.243432998657226562e+00
1.279011130332946777e+00 1.891823530197143555e+00
-1.213533496856689453e+01 -5.902495384216308594e+00
7.124793529510498047e+00 9.926005005836486816e-01
-8.227930068969726562e+00 -4.517127513885498047e+00
1.137607669830322266e+01 9.310914278030395508e-01
1.166936397552490234e+01 6.471757888793945312e-01
2.812824726104736328e+00 4.543621540069580078e+00
5.618956685066223145e-02 2.967521905899047852e+00
-1.450214767456054688e+01 -7.008085250854492188e+00
2.462212085723876953e+00 1.562231421470642090e+00
-1.526163005828857422e+01 -5.424313545227050781e+00
3.648786067962646484e+00 2.634511947631835938e+00
-1.542668628692626953e+01 -5.035391330718994141e+00
8.786219596862792969e+00 1.980736613273620605e+00
-8.211707115173339844e+00 -5.113050937652587891e+00
6.256523132324218750e+00 2.756522178649902344e+00
2.773741006851196289e+00 1.798810958862304688e+00
-1.427173900604248047e+01 -7.258582592010498047e+00
-7.568595886230468750e+00 -5.002568721771240234e+00
-9.427373409271240234e-01 1.183394670486450195e+00
8.300049781799316406e+00 1.771314978599548340e+00
-7.091225147247314453e+00 -6.219974517822265625e+00
6.719459056854248047e+00 1.651836514472961426e+00
-1.047609329223632812e+00 6.983413696289062500e-01
6.835291385650634766e+00 3.040581941604614258e+00
-6.069137573242187500e+00 -6.822844028472900391e+00
