1.990000000000000000e+04
1.983744134154786298e+04
1.977500254814173968e+04
1.971268361978163739e+04
1.965048455646754883e+04
1.958840535819948127e+04
1.952644602497743108e+04
1.946460655680139826e+04
1.940288695367138280e+04
1.934128721558738835e+04
1.927980734254940762e+04
1.921844733455744790e+04
1.915720719161150555e+04
1.909608691371158056e+04
1.903508650085767295e+04
1.897420595304977905e+04
1.891344527028791344e+04
1.885280445257205793e+04
1.879228349990222341e+04
1.873188241227840263e+04
1.867160118970060284e+04
1.861143983216882043e+04
1.855139833968305902e+04
1.849147671224331134e+04
1.843167494984958103e+04
1.837199305250187172e+04
1.831243102020017977e+04
1.825298885294450156e+04
1.819366655073484799e+04
1.813446411357120815e+04
1.807538154145358567e+04
1.801641883438198420e+04
1.795757599235639645e+04
1.789885301537682972e+04
1.784024990344328035e+04
1.778176665655574834e+04
1.772340327471423370e+04
1.766515975791874007e+04
1.760703610616926017e+04
1.754903231946579763e+04
1.749114839780835609e+04
1.743338434119693193e+04
1.737574014963152513e+04
1.731821582311213569e+04
1.726081136163876363e+04
1.720352676521141257e+04
1.714636203383007523e+04
1.708931716749475891e+04
1.703239216620545994e+04
1.697558702996217835e+04
1.691890175876491412e+04
1.686233635261366726e+04
1.680589081150843776e+04
1.674956513544922927e+04
1.669335932443603815e+04
1.663727337846886439e+04
1.658130729754770800e+04
1.652546108167256898e+04
1.646973473084344732e+04
1.641412824506034303e+04
1.635864162432325975e+04
1.630327486863219019e+04
1.624802797798714164e+04
1.619290095238810864e+04
1.613789379183509664e+04
1.608300649632810018e+04
1.602823906586712110e+04
1.597359150045216302e+04
1.591906380008322230e+04
1.586465596476029532e+04
1.581036799448338934e+04
1.575619988925250072e+04
1.570215164906762948e+04
1.564822327392877742e+04
1.559441476383594272e+04
1.554072611878912721e+04
1.548715733878832725e+04
1.543370842383354466e+04
1.538037937392478125e+04
1.532717018906203702e+04
1.527408086924530653e+04
1.522111141447459886e+04
1.516826182474990492e+04
1.511553210007123198e+04
1.506292224043857641e+04
1.501043224585193639e+04
1.495806211631131737e+04
1.490581185181671572e+04
1.485368145236813143e+04
1.480167091796556451e+04
1.474978024860901496e+04
1.469800944429848278e+04
1.464635850503396796e+04
1.459482743081547596e+04
1.454341622164299770e+04
1.449212487751653862e+04
1.444095339843609690e+04
1.438990178440167074e+04
1.433897003541326740e+04
1.428815815147087778e+04
1.423746613257450736e+04
1.418689397872415429e+04
1.413644168991982224e+04
1.408610926616150391e+04
1.403589670744920295e+04
1.398580401378292299e+04
1.393583118516266222e+04
1.388597822158841518e+04
1.383624512306018732e+04
1.378663188957797865e+04
1.373713852114178735e+04
1.368776501775161341e+04
1.363851137940745866e+04
1.358937760610931946e+04
1.354036369785719944e+04
1.349146965465109861e+04
1.344269547649101514e+04
1.339404116337694722e+04
1.334550671530890031e+04
1.329709213228686713e+04
1.324879741431085495e+04
1.320062256138086013e+04
1.315256757349688269e+04
1.310463245065892261e+04
1.305681719286698171e+04
1.300912180012105819e+04
1.296154627242115384e+04
1.291409060976726687e+04
1.286675481215939362e+04
1.281953887959754320e+04
1.277244281208171014e+04
1.272546660961189446e+04
1.267861027218809431e+04
1.263187379981031336e+04
1.258525719247855159e+04
1.253876045019280718e+04
1.249238357295308015e+04
1.244612656075937230e+04
1.239998941361168181e+04
1.235397213151000688e+04
1.230807471445434931e+04
1.226229716244471456e+04
1.221663947548109354e+04
1.217110165356349171e+04
1.212568369669190906e+04
1.208038560486634378e+04
1.203520737808679405e+04
1.199014901635326351e+04
1.194521051966575033e+04
1.190039188802425815e+04
1.185569312142877970e+04
1.181111421987932044e+04
1.176665518337588219e+04
1.172231601191845766e+04
1.167809670550705414e+04
1.163399726414166435e+04
1.159001768782229192e+04
1.154615797654894413e+04
1.150241813032161008e+04
1.145879814914029521e+04
1.141529803300499589e+04
1.137191778191571575e+04
1.132865739587245298e+04
1.128551687487521122e+04
1.124249621892398500e+04
1.119959542801877433e+04
1.115681450215958466e+04
1.111415344134641055e+04
1.107161224557925561e+04
1.102919091485811805e+04
1.098688944918299967e+04
1.094470784855389866e+04
1.090264611297081319e+04
1.086070424243375055e+04
1.081888223694270164e+04
1.077718009649767191e+04
1.073559782109865955e+04
1.069413541074566456e+04
1.065279286543868875e+04
1.061157018517773213e+04
1.057046736996278923e+04
1.052948441979386735e+04
1.048862133467096282e+04
1.044787811459407567e+04
1.040725475956320588e+04
1.036675126957835528e+04
1.032636764463952022e+04
1.028610388474670617e+04
1.024595998989990949e+04
1.020593596009913017e+04
1.016603179534436822e+04
1.012624749563562364e+04
1.008658306097289824e+04
1.004703849135618839e+04
1.000761378678549772e+04
9.968308947260826244e+03
9.929123972782170313e+03
9.890058863349535386e+03
9.851113618962916007e+03
9.812288239622313995e+03
