1.990000000000000000e+04
1.979201567792450805e+04
1.968456918231456802e+04
1.957766051317018355e+04
1.947128967049134735e+04
1.936545665427806307e+04
1.926016146453033070e+04
1.915540410124815389e+04
1.905118456443152536e+04
1.894750285408044874e+04
1.884435897019492040e+04
1.874175291277494762e+04
1.863968468182053039e+04
1.853815427733166143e+04
1.843716169930834440e+04
1.833670694775057564e+04
1.823679002265836607e+04
1.813741092403170114e+04
1.803856965187058813e+04
1.794026620617503067e+04
1.784250058694502513e+04
1.774527279418057151e+04
1.764858282788166980e+04
1.755243068804832001e+04
1.745681637468051485e+04
1.736173988777826889e+04
1.726720122734157485e+04
1.717320039337042908e+04
1.707973738586483887e+04
1.698681220482479694e+04
1.689442485025030692e+04
1.680257532214137245e+04
1.671126362049798627e+04
1.662048974532015200e+04
1.653025369660787328e+04
1.644055547436114284e+04
1.635139507857996796e+04
1.626277250926434135e+04
1.617468776641426666e+04
1.608714085002974389e+04
1.600013176011077303e+04
1.591366049665735409e+04
1.582772705966948706e+04
1.574233144914717195e+04
1.565747366509040876e+04
1.557315370749919748e+04
1.548937157637353812e+04
1.540612727171342885e+04
1.532342079351887514e+04
1.524125214178987153e+04
1.515962131652641619e+04
1.507852831772851823e+04
1.499797314539616855e+04
1.491795579952937260e+04
1.483847628012812493e+04
1.475953458719243463e+04
1.468113072072229079e+04
1.460326468071770068e+04
1.452593646717866432e+04
1.444914608010517622e+04
1.437289351949724369e+04
1.429717878535486125e+04
1.422200187767803072e+04
1.414736279646675212e+04
1.407326154172102360e+04
1.399969811344084883e+04
1.392667251162622597e+04
1.385418473627715139e+04
1.378223478739363418e+04
1.371082266497566525e+04
1.363994836902325005e+04
1.356961189953638677e+04
1.349981325651507177e+04
1.343055243995931232e+04
1.336182944986910297e+04
1.329364428624444372e+04
1.322599694908533820e+04
1.315888743839178278e+04
1.309231575416378473e+04
1.302628189640133132e+04
1.296078586510443529e+04
1.289582766027308753e+04
1.283140728190729351e+04
1.276752473000705140e+04
1.270418000457236121e+04
1.264137310560322294e+04
1.257910403309963294e+04
1.251737278706159850e+04
1.245617936748911416e+04
1.239552377438218173e+04
1.233540600774080121e+04
1.227582606756497444e+04
1.221678395385469776e+04
1.215827966660997299e+04
1.210031320583080014e+04
1.204288457151717921e+04
1.198599376366911019e+04
1.192964078228659127e+04
1.187382562736962609e+04
1.181854829891821100e+04
1.176380879693235147e+04
1.170960712141203840e+04
1.165594327235728088e+04
1.160281724976807163e+04
1.155022905364441795e+04
1.149817868398631799e+04
1.144666614079376632e+04
1.139569142406676656e+04
1.134525453380531690e+04
1.129535547000942097e+04
1.124599423267907696e+04
1.119717082181428486e+04
1.114888523741504468e+04
1.110113747948135460e+04
1.105392754801321826e+04
1.100725544301063201e+04
1.096112116447360131e+04
1.091552471240211889e+04
1.087046608679619021e+04
1.082594528765581344e+04
1.078196231498098496e+04
1.073851716877171202e+04
1.069560984902798918e+04
1.065324035574982008e+04
1.061140868893720108e+04
1.057011484859013217e+04
1.052935883470861882e+04
1.048914064729265374e+04
1.044946028634224240e+04
1.041031775185738297e+04
1.037171304383807546e+04
1.033364616228431987e+04
1.029611710719611438e+04
1.025912587857346080e+04
1.022267247641636277e+04
1.018675690072481120e+04
1.015137915149881519e+04
1.011653922873837109e+04
1.008223713244347709e+04
1.004847286261413319e+04
1.001524641925034484e+04
9.982557802352106592e+03
9.950407011919420256e+03
9.918794047952284018e+03
9.887718910450703333e+03
9.857181599414670927e+03
9.827182114844194075e+03
9.797720456739267320e+03
9.768796625099890662e+03
9.740410619926067739e+03
9.712562441217796732e+03
9.685252088975075822e+03
9.658479563197906828e+03
9.632244863886289750e+03
9.606547991040226407e+03
9.581388944659711342e+03
9.556767724744751831e+03
9.532684331295342417e+03
9.509138764311484920e+03
9.486131023793179338e+03
9.463661109740425672e+03
9.441729022153223923e+03
9.420334761031574089e+03
9.399478326375474353e+03
9.379159718184928352e+03
9.359378936459934266e+03
9.340135981200490278e+03
9.321430852406600025e+03
9.303263550078259868e+03
9.285634074215473447e+03
9.268542424818237123e+03
9.251988601886552715e+03
9.235972605420422042e+03
9.220494435419841466e+03
9.205554091884812806e+03
9.191151574815336062e+03
9.177286884211409415e+03
9.163960020073036503e+03
9.151170982400215507e+03
9.138919771192946428e+03
9.127206386451229264e+03
9.116030828175062197e+03
9.105393096364448866e+03
9.095293191019387450e+03
9.085731112139876132e+03
9.076706859725916729e+03
9.068220433777511062e+03
9.060271834294657310e+03
9.052861061277351837e+03
9.045988114725600099e+03
9.039652994639400276e+03
9.033855701018752370e+03
9.028596233863658199e+03
9.023874593174112306e+03
9.019690778950121967e+03
9.016044791191679906e+03
9.012936629898791580e+03
9.010366295071453351e+03
9.008333786709670676e+03
9.006839104813436279e+03
