8.122510910034179688e+00 4.104638576507568359e+00
9.279692649841308594e+00 4.429933547973632812e+00
1.726058244705200195e+00 7.277241230010986328e+00
1.119929599761962891e+01 2.592550277709960938e+00
-2.219135284423828125e+00 6.313679695129394531e+00
7.675169467926025391e+00 4.614239692687988281e+00
4.481986522674560547e+00 7.532409191131591797e+00
1.136435747146606445e+00 7.265637397766113281e+00
1.344952487945556641e+01 -1.500568628311157227e+00
1.242565727233886719e+01 9.632371068000793457e-01
7.298066616058349609e+00 5.543951988220214844e+00
7.258316516876220703e+00 5.377023696899414062e+00
1.059673595428466797e+01 4.175744056701660156e+00
2.244461297988891602e+00 7.273435592651367188e+00
1.340832328796386719e+01 -1.654949545860290527e+00
-2.073693275451660156e+00 6.343969821929931641e+00
1.333547210693359375e+01 -1.543553024530410767e-01
1.067551040649414062e+01 2.356732368469238281e+00
1.284421920776367188e+01 -2.910506725311279297e-01
5.187176227569580078e+00 6.621422290802001953e+00
1.344802188873291016e+01 -1.418848782777786255e-01
2.910001277923583984e+00 7.355700016021728516e+00
4.916634082794189453e+00 7.389171600341796875e+00
-1.960012674331665039e+00 7.142178535461425781e+00
2.500222206115722656e+00 7.508130073547363281e+00
9.166374206542968750e+00 3.951637506484985352e+00
1.214921379089355469e+01 1.802847862243652344e+00
9.039043426513671875e+00 3.963415384292602539e+00
9.043851852416992188e+00 4.520385265350341797e+00
1.083685016632080078e+01 2.536520242691040039e+00
7.934359073638916016e+00 5.689694881439208984e+00
2.107289314270019531e+00 7.529316902160644531e+00
8.497899055480957031e+00 3.983170986175537109e+00
1.344033241271972656e+01 -8.299050331115722656e-01
1.352568721771240234e+01 -1.056337475776672363e+00
1.371802616119384766e+01 -1.392837524414062500e+00
9.912190437316894531e+00 2.878224849700927734e+00
-3.053522825241088867e+00 6.477722167968750000e+00
4.265446186065673828e+00 7.842028141021728516e+00
6.238334655761718750e+00 7.159538745880126953e+00
9.766846656799316406e+00 2.990883111953735352e+00
6.172964572906494141e+00 6.778350353240966797e+00
1.346042442321777344e+01 -1.563267588615417480e+00
1.302012348175048828e+01 -1.119891524314880371e+00
1.236351108551025391e+01 1.671226501464843750e+00
1.297514533996582031e+01 -1.176921129226684570e+00
5.610594749450683594e+00 7.530286312103271484e+00
-1.775973320007324219e+00 6.711908817291259766e+00
7.349947452545166016e+00 6.172404766082763672e+00
-1.343608796596527100e-01 7.107549667358398438e+00
7.499784946441650391e+00 6.271986484527587891e+00
7.461491823196411133e-01 7.261965274810791016e+00
1.249703407287597656e+01 2.181850671768188477e+00
5.362986087799072266e+00 7.588997840881347656e+00
7.794270992279052734e+00 4.384516239166259766e+00
6.525133609771728516e+00 6.845686435699462891e+00
1.339946651458740234e+01 -1.435466885566711426e+00
9.329310417175292969e+00 4.880285263061523438e+00
1.106423854827880859e+01 2.662645816802978516e+00
1.245267009735107422e+01 2.170287609100341797e+00
1.369009208679199219e+01 -1.544510841369628906e+00
7.961791515350341797e+00 4.295516490936279297e+00
1.176092147827148438e+01 2.208230018615722656e+00
6.200139522552490234e+00 7.188761234283447266e+00
4.583323478698730469e+00 7.177614688873291016e+00
1.083201026916503906e+01 2.314459800720214844e+00
-2.189403057098388672e+00 6.968734741210937500e+00
8.779565989971160889e-02 7.174237251281738281e+00
9.404094696044921875e+00 4.798307895660400391e+00
1.222909069061279297e+01 1.345284819602966309e+00
7.199423789978027344e+00 6.468555927276611328e+00
-2.170551776885986328e+00 6.994362831115722656e+00
4.545665740966796875e+00 7.725846290588378906e+00
1.863122224807739258e+00 7.256790637969970703e+00
1.240164566040039062e+01 1.919548153877258301e+00
-3.059734582901000977e+00 6.515193462371826172e+00
9.926289558410644531e+00 2.851958036422729492e+00
-2.486965656280517578e+00 6.663805961608886719e+00
-4.688475131988525391e-01 7.028236389160156250e+00
1.306519508361816406e+01 -1.205115318298339844e+00
-2.402360677719116211e+00 5.949707508087158203e+00
1.109920978546142578e+00 7.187506198883056641e+00
1.307290363311767578e+01 -1.073191314935684204e-01
3.286445617675781250e+00 7.553808212280273438e+00
2.885341644287109375e+00 7.396080970764160156e+00
-1.098242640495300293e+00 6.625546932220458984e+00
1.258130836486816406e+01 4.198445975780487061e-01
7.053079605102539062e+00 6.560435771942138672e+00
1.074369335174560547e+01 2.354237556457519531e+00
7.692522525787353516e+00 4.773782730102539062e+00
1.237965393066406250e+01 2.170191764831542969e+00
8.242210388183593750e+00 5.528807163238525391e+00
1.306836986541748047e+01 -8.929885029792785645e-01
5.859162807464599609e+00 6.746673107147216797e+00
1.145335197448730469e+00 7.396097183227539062e+00
-5.778975486755371094e-01 6.955447673797607422e+00
-3.010299682617187500e+00 6.489580154418945312e+00
5.039084434509277344e+00 7.367268562316894531e+00
1.363235187530517578e+01 -1.490024685859680176e+00
1.238496589660644531e+01 1.922324538230895996e+00
1.720846295356750488e+00 7.252494335174560547e+00
1.262701511383056641e+01 6.066449880599975586e-01
6.763290405273437500e+00 5.807418823242187500e+00
-1.001173779368400574e-01 7.092985153198242188e+00
5.272210597991943359e+00 7.425109386444091797e+00
4.987546443939208984e+00 6.620529651641845703e+00
1.099350166320800781e+01 2.154598712921142578e+00
-1.732982516288757324e+00 7.022616386413574219e+00
7.332794189453125000e+00 6.327968597412109375e+00
-2.227491617202758789e+00 5.849891662597656250e+00
7.998743057250976562e+00 5.823477268218994141e+00
-2.001285076141357422e+00 6.121088981628417969e+00
-2.938188076019287109e+00 6.557930469512939453e+00
8.943598270416259766e-01 7.457399845123291016e+00
1.392910957336425781e+00 7.416222095489501953e+00
8.519514083862304688e+00 4.193881988525390625e+00
2.736014127731323242e+00 7.310986042022705078e+00
9.411880493164062500e+00 4.766442775726318359e+00
1.321549510955810547e+01 -3.791247606277465820e-01
3.235543251037597656e+00 7.509320259094238281e+00
7.529798984527587891e+00 4.968196392059326172e+00
1.335608673095703125e+01 -2.277488559484481812e-01
6.079634666442871094e+00 7.311694145202636719e+00
-1.723032593727111816e+00 7.006488323211669922e+00
1.021222305297851562e+01 4.364717483520507812e+00
-3.020555973052978516e+00 6.575259685516357422e+00
6.988480091094970703e-01 7.534196376800537109e+00
7.695815563201904297e+00 6.115934848785400391e+00
1.310810279846191406e+01 2.075870707631111145e-02
4.245250225067138672e+00 7.310966491699218750e+00
-1.464498281478881836e+00 7.033375740051269531e+00
1.080549240112304688e+01 2.416239976882934570e+00
9.540439605712890625e+00 3.145878076553344727e+00
7.401787757873535156e+00 4.983975410461425781e+00
6.334808826446533203e+00 6.952163219451904297e+00
1.054572391510009766e+01 4.237430572509765625e+00
1.304642391204833984e+01 -1.920004561543464661e-02
7.551740407943725586e-01 7.363229751586914062e+00
1.098488235473632812e+01 2.156364679336547852e+00
7.800813674926757812e+00 4.457648277282714844e+00
3.375345468521118164e+00 7.456203460693359375e+00
8.825025558471679688e+00 3.907543182373046875e+00
4.123381614685058594e+00 7.803809165954589844e+00
4.094769954681396484e+00 7.423706531524658203e+00
8.725234031677246094e+00 5.253265380859375000e+00
8.984851837158203125e+00 5.092078685760498047e+00
6.456058025360107422e+00 5.968147277832031250e+00
5.413439750671386719e+00 7.645347118377685547e+00
3.545034885406494141e+00 7.500532627105712891e+00
1.977205276489257812e+00 7.317211627960205078e+00
1.364583587646484375e+01 -1.217436075210571289e+00
1.331735420227050781e+01 -1.618013978004455566e-01
1.211920547485351562e+01 1.427920341491699219e+00
-2.112222909927368164e+00 6.734298706054687500e+00
8.066924095153808594e+00 4.201185703277587891e+00
1.201904392242431641e+01 1.514477133750915527e+00
1.337929916381835938e+01 -1.571759581565856934e+00
4.352707862854003906e+00 7.096423149108886719e+00
-7.858409881591796875e-01 6.960595607757568359e+00
9.685316681861877441e-01 7.480516433715820312e+00
8.652235031127929688e+00 4.272519111633300781e+00
1.161694908142089844e+01 1.896472573280334473e+00
9.427019119262695312e+00 4.217285633087158203e+00
-2.822989940643310547e+00 6.413691997528076172e+00
1.053362369537353516e+01 4.206345081329345703e+00
1.028832793235778809e+00 7.384792804718017578e+00
3.430253267288208008e+00 7.393580913543701172e+00
6.303059577941894531e+00 6.605810642242431641e+00
2.998737812042236328e+00 7.436185836791992188e+00
5.802717685699462891e+00 7.400149345397949219e+00
-2.218380689620971680e+00 5.974668502807617188e+00
2.862591743469238281e+00 7.419180393218994141e+00
4.153839588165283203e+00 7.767035007476806641e+00
-2.078320741653442383e+00 7.068732738494873047e+00
1.024687480926513672e+01 4.324571132659912109e+00
1.051314449310302734e+01 4.085163593292236328e+00
1.030463409423828125e+01 2.677944183349609375e+00
4.348416805267333984e+00 7.460080623626708984e+00
-2.158527612686157227e+00 6.020329475402832031e+00
-2.333381652832031250e+00 5.816725730895996094e+00
7.142728567123413086e-01 7.552997112274169922e+00
1.852710485458374023e+00 7.356036186218261719e+00
7.494392395019531250e+00 4.896326065063476562e+00
1.006975078582763672e+01 2.771988391876220703e+00
5.293644428253173828e+00 6.631295204162597656e+00
9.458246231079101562e+00 4.541788101196289062e+00
1.292860698699951172e+01 1.863599717617034912e-01
-3.740569949150085449e-01 7.116862297058105469e+00
5.217056274414062500e+00 6.689386367797851562e+00
1.274923515319824219e+01 1.141743659973144531e-01
1.243020915985107422e+01 2.062621355056762695e+00
-2.280817985534667969e+00 5.877070426940917969e+00
8.796524047851562500e+00 4.054354190826416016e+00
9.983676910400390625e+00 4.424820423126220703e+00
1.040865039825439453e+01 4.156841278076171875e+00
-6.406685709953308105e-01 6.987880706787109375e+00
6.974716663360595703e+00 5.523846149444580078e+00
-1.645084261894226074e+00 7.053077220916748047e+00
-2.376214027404785156e+00 5.972445011138916016e+00
-5.974476933479309082e-01 7.029677391052246094e+00
