1.057770000000000000e+07
1.026644245630169287e+07
9.972260705595102161e+06
9.695154747880199924e+06
9.435124583156982437e+06
9.192170211425492540e+06
8.966291632685694844e+06
8.757488846937598661e+06
8.565761854181194678e+06
8.391110654416499659e+06
8.233535247643493116e+06
8.093035633862202056e+06
7.969611813072605059e+06
7.863263785274714231e+06
7.773991550468502566e+06
7.701795108654020354e+06
7.646674459831215441e+06
7.608629604000123218e+06
7.587660541160717607e+06
7.583767271313030273e+06
7.596949794457023963e+06
7.627208110592735000e+06
7.674542219720140100e+06
7.738952121839242056e+06
7.820437816950052977e+06
7.918999305052556098e+06
8.034636586146774702e+06
8.167349660232656635e+06
8.317138527310280129e+06
8.484003187379585579e+06
8.667943640440590680e+06
8.868959886493287981e+06
9.087051925537722185e+06
9.322219757573811337e+06
9.574463382601602003e+06
9.843782800621138886e+06
1.013017801163233258e+07
1.043364901563524082e+07
1.075419581262984499e+07
1.109181840261616372e+07
1.144651678559417278e+07
1.181829096156387031e+07
1.220714093052530475e+07
1.261306669247840531e+07
1.303606824742320552e+07
1.347614559535974823e+07
1.393329873628792726e+07
1.440752767020783015e+07
1.489883239711945690e+07
1.540721291702278890e+07
1.593266922991778515e+07
1.647520133580450155e+07
1.703480923468289524e+07
1.761149292655303329e+07
1.820525241141484678e+07
1.881608768926836178e+07
1.944399876011356711e+07
2.008898562395047769e+07
2.075104828077908233e+07
2.143018673059938475e+07
2.212640097341138497e+07
2.283969100921515375e+07
2.357005683801051974e+07
2.431749845979766548e+07
2.508201587457648292e+07
2.586360908234701678e+07
2.666227808310921490e+07
2.747802287686312571e+07
2.831084346360874921e+07
2.916073984334611148e+07
3.002771201607510820e+07
3.091175998179581389e+07
3.181288374050821736e+07
3.273108329221232608e+07
3.366635863690814376e+07
3.461870977459573001e+07
3.558813670527490973e+07
3.657463942894580960e+07
3.757821794560839981e+07
3.859887225526273251e+07
3.963660235790880769e+07
4.069140825354646146e+07
4.176328994217594713e+07
4.285224742379710823e+07
4.395828069840988517e+07
4.508138976601441950e+07
4.622157462661063671e+07
4.737883528019852936e+07
4.855317172677824646e+07
4.974458396634943783e+07
5.095307199891248345e+07
5.217863582446727157e+07
5.342127544301367551e+07
5.468099085455177724e+07
5.595778205908164382e+07
5.725164905660299957e+07
5.856259184711634368e+07
5.989061043062131107e+07
6.123570480711779743e+07
6.259787497660622001e+07
6.397712093908628821e+07
6.537344269455795735e+07
6.678684024302147329e+07
6.821731358447660506e+07
6.966486271892337501e+07
7.112948764636200666e+07
7.261118836679196358e+07
7.410996488021419942e+07
7.562581718662776053e+07
7.715874528603307903e+07
7.870874917843012512e+07
8.027582886381861567e+07
8.185998434219913185e+07
8.346121561357139051e+07
8.507952267793522775e+07
8.671490553529077768e+07
8.836736418563778698e+07
9.003689862897700071e+07
9.172350886530737579e+07
9.342719489462964237e+07
9.514795671694390476e+07
9.688579433224962652e+07
9.864070774054682255e+07
1.004126969418360442e+08
1.022017619361169487e+08
1.040079027233895659e+08
1.058311193036535978e+08
1.076714116769096851e+08
1.095287798431573212e+08
1.114032238023966998e+08
1.132947435546275526e+08
1.152033390998503715e+08
1.171290104380646497e+08
1.190717575692708939e+08
1.210315804934690297e+08
1.230084792106583565e+08
1.250024537208394110e+08
1.270135040240126252e+08
1.290416301201769859e+08
1.310868320093332976e+08
1.331491096914817244e+08
1.352284631666212380e+08
1.373248924347527325e+08
1.394383974958758056e+08
1.415689783499906659e+08
1.437166349970969260e+08
1.458813674371954203e+08
1.480631756702855527e+08
1.502620596963670552e+08
1.524780195154404044e+08
1.547110551275053024e+08
1.569611665325622559e+08
1.592283537306104600e+08
1.615126167216506302e+08
1.638139555056830943e+08
1.661323700827062428e+08
1.684678604527212381e+08
1.708204266157284975e+08
1.731900685717267692e+08
1.755767863207174838e+08
1.779805798626992404e+08
1.804014491976733804e+08
1.828393943256385624e+08
1.852944152465955317e+08
1.877665119605440199e+08
1.902556844674847722e+08
1.927619327674173117e+08
1.952852568603409529e+08
1.978256567462567389e+08
2.003831324251642227e+08
2.029576838970629871e+08
2.055493111619535685e+08
2.081580142198364139e+08
2.107837930707106292e+08
2.134266477145763338e+08
2.160865781514342427e+08
2.187635843812832534e+08
2.214576664041240811e+08
2.241688242199568152e+08
2.268970578287812471e+08
2.296423672305973470e+08
2.324047524254045784e+08
2.351842134132041931e+08
2.379807501939954758e+08
2.407943627677779794e+08
2.436250511345526874e+08
2.464728152943194509e+08
2.493376552470771074e+08
2.522195709928267896e+08
2.551185625315684676e+08
2.580346298633009493e+08
2.609677729880263209e+08
2.639179919057420194e+08
2.668852866164507270e+08
2.698696571201503277e+08
2.728711034168417454e+08
2.758896255065250993e+08
2.789252233892008066e+08
2.819778970648666024e+08
2.850476465335245132e+08
