1.057407100000000000e+07
1.019168635205171444e+07
9.853107572289537638e+06
9.558334660713437945e+06
9.307367617323448882e+06
9.100206442119522020e+06
8.936851135101683438e+06
8.817301696269953623e+06
8.741558125624325126e+06
8.709620423164753243e+06
8.721488588891293854e+06
8.777162622803920880e+06
8.876642524902600795e+06
9.019928295187421143e+06
9.207019933658314869e+06
9.437917440315287560e+06
9.712620815158357844e+06
1.003113005818752572e+07
1.039344516940277815e+07
1.079956614880410768e+07
1.124949299639155157e+07
1.174322571216505393e+07
1.228076429612467997e+07
1.286210874827038869e+07
1.348725906860217638e+07
1.415621525712003000e+07
1.486897731382400915e+07
1.562554523871408030e+07
1.642591903179021552e+07
1.727009869305246323e+07
1.815808422250078246e+07
1.908987562013523281e+07
2.006547288595568761e+07
2.108487601996227726e+07
2.214808502215504274e+07
2.325509989253374562e+07
2.440592063109865412e+07
2.560054723784959316e+07
2.683897971278659627e+07
2.812121805590980500e+07
2.944726226721898839e+07
3.081711234671434015e+07
3.223076829439573362e+07
3.368823011026320606e+07
3.518949779431681335e+07
3.673457134655648470e+07
3.832345076698223501e+07
3.995613605559404194e+07
4.163262721239209175e+07
4.335292423737607151e+07
4.511702713054619730e+07
4.692493589190247655e+07
4.877665052144480497e+07
5.067217101917309314e+07
5.261149738508755714e+07
5.459462961918808520e+07
5.662156772147490084e+07
5.869231169194763154e+07
6.080686153060629964e+07
6.296521723745132238e+07
6.516737881248245388e+07
6.741334625569960475e+07
6.970311956710268557e+07
7.203669874669201672e+07
7.441408379446744919e+07
7.683527471042874455e+07
7.930027149457642436e+07
8.180907414691005647e+07
8.436168266742986441e+07
8.695809705613546073e+07
8.959831731302769482e+07
9.228234343810561299e+07
9.501017543136969209e+07
9.778181329281984270e+07
1.005972570224560946e+08
1.034565066202783287e+08
1.063595620862868875e+08
1.093064234204815626e+08
1.122970906228619367e+08
1.153315636934288740e+08
1.184098426321816146e+08
1.215319274391204119e+08
1.246978181142454445e+08
1.279075146575564593e+08
1.311610170690537840e+08
1.344583253487372398e+08
1.377994394966064095e+08
1.411843595126619041e+08
1.446130853969035149e+08
1.480856171493311226e+08
1.516019547699446976e+08
1.551620982587445974e+08
1.587660476157305241e+08
1.624138028409022987e+08
1.661053639342604876e+08
1.698407308958047032e+08
1.736199037255346179e+08
1.774428824234514832e+08
1.813096669895535409e+08
1.852202574238420427e+08
1.891746537263166904e+08
1.931728558969776034e+08
1.972148639358240068e+08
2.013006778428573012e+08
2.054302976180762947e+08
2.096037232614814043e+08
2.138209547730723023e+08
2.180819921528497934e+08
2.223868354008130431e+08
2.267354845169624686e+08
2.311279395012980103e+08
2.355642003538195491e+08
2.400442670745272934e+08
2.445681396634206474e+08
2.491358181205010712e+08
2.537473024457665682e+08
2.584025926392187476e+08
2.631016887008571327e+08
2.678445906306810081e+08
2.726312984286915064e+08
2.774618120948880315e+08
2.823361316292709708e+08
2.872542570318388939e+08
2.922161883025934696e+08
2.972219254415342212e+08
3.022714684486612678e+08
3.073648173239745498e+08
3.125019720674731731e+08
3.176829326791582704e+08
3.229076991590302587e+08
3.281762715070867538e+08
3.334886497233309150e+08
3.388448338077597618e+08
3.442448237603753805e+08
3.496886195811770558e+08
3.551762212701645494e+08
3.607076288273382783e+08
3.662828422526990771e+08
3.719018615462443829e+08
3.775646867079768181e+08
3.832713177378956079e+08
3.890217546359989047e+08
3.948159974022893906e+08
4.006540460367658138e+08
4.065359005394289494e+08
4.124615609102781415e+08
4.184310271493120193e+08
4.244442992565327883e+08
4.305013772319390774e+08
4.366022610755320191e+08
4.427469507873124480e+08
4.489354463672770262e+08
4.551677478154290318e+08
4.614438551317652464e+08
4.677637683162888885e+08
4.741274873689988852e+08
4.805350122898941040e+08
4.869863430789763331e+08
4.934814797362440825e+08
5.000204222616983652e+08
5.066031706553375721e+08
5.132297249171637297e+08
5.199000850471759439e+08
5.266142510453738570e+08
5.333722229117582440e+08
5.401740006463295221e+08
5.470195842490844727e+08
5.539089737200284004e+08
5.608421690591579676e+08
5.678191702664719820e+08
5.748399773419717550e+08
5.819045902856595516e+08
5.890130090975316763e+08
5.961652337775914669e+08
6.033612643258365393e+08
6.106011007422679663e+08
6.178847430268859863e+08
6.252121911796894073e+08
6.325834452006798983e+08
6.399985050898545980e+08
6.474573708472170830e+08
6.549600424727641344e+08
6.625065199665001631e+08
6.700968033284187317e+08
6.777308925585241318e+08
6.854087876568158865e+08
6.931304886232950687e+08
7.008959954579598904e+08
7.087053081608091593e+08
7.165584267318464518e+08
7.244553511710691452e+08
7.323960814784772396e+08
7.403806176540733576e+08
7.484089596978526115e+08
7.564811076098217964e+08
7.645970613899732828e+08
7.727568210383133888e+08
7.809603865548385382e+08
7.892077579395506382e+08
7.974989351924486160e+08
