1.057564400000000000e+07
1.057285351573149487e+07
1.057010127934467793e+07
1.056738729083960690e+07
1.056471155021622777e+07
1.056207405747457407e+07
1.055947481261460483e+07
1.055691381563633867e+07
1.055439106653980166e+07
1.055190656532494538e+07
1.054946031199180707e+07
1.054705230654038675e+07
1.054468254897068068e+07
1.054235103928265907e+07
1.054005777747638151e+07
1.053780276355177537e+07
1.053558599750889651e+07
1.053340747934774123e+07
1.053126720906825550e+07
1.052916518667051569e+07
1.052710141215445288e+07
1.052507588552011549e+07
1.052308860676749051e+07
1.052113957589657232e+07
1.051922879290733673e+07
1.051735625779983029e+07
1.051552197057404928e+07
1.051372593122994527e+07
1.051196813976754807e+07
1.051024859618687071e+07
1.050856730048792623e+07
1.050692425267064944e+07
1.050531945273510553e+07
1.050375290068126470e+07
1.050222459650912322e+07
1.050073454021869972e+07
1.049928273180999234e+07
1.049786917128297128e+07
1.049649385863769986e+07
1.049515679387409240e+07
1.049385797699217871e+07
1.049259740799202025e+07
1.049137508687357605e+07
1.049019101363679394e+07
1.048904518828172237e+07
1.048793761080839112e+07
1.048686828121676482e+07
1.048583719950685836e+07
1.048484436567861959e+07
1.048388977973207273e+07
1.048297344166730344e+07
1.048209535148419440e+07
1.048125550918280706e+07
1.048045391476315074e+07
1.047969056822515652e+07
1.047896546956890449e+07
1.047827861879434995e+07
1.047763001590149850e+07
1.047701966089036688e+07
1.047644755376092531e+07
1.047591369451321289e+07
1.047541808314721473e+07
1.047496071966288798e+07
1.047454160406029597e+07
1.047416073633939587e+07
1.047381811650020629e+07
1.047351374454275705e+07
1.047324762046699412e+07
1.047301974427292310e+07
1.047283011596059054e+07
1.047267873552995175e+07
1.047256560298103467e+07
1.047249071831378527e+07
1.047245408152827807e+07
1.047245569262447953e+07
1.047249555160237290e+07
1.047257365846196935e+07
1.047269001320331171e+07
1.047284461582633667e+07
1.047303746633106098e+07
1.047326856471751630e+07
1.047353791098564863e+07
1.047384550513551570e+07
1.047419134716707282e+07
1.047457543708034046e+07
1.047499777487535402e+07
1.047545836055204086e+07
1.047595719411045685e+07
1.047649427555054240e+07
1.047706960487235896e+07
1.047768318207587861e+07
1.047833500716113113e+07
1.047902508012805134e+07
1.047975340097668767e+07
1.048051996970705874e+07
1.048132478631914780e+07
1.048216785081290267e+07
1.048304916318838671e+07
1.048396872344558686e+07
1.048492653158447891e+07
1.048592258760506287e+07
1.048695689150741510e+07
1.048802944329142943e+07
1.048914024295715615e+07
1.049028929050460085e+07
1.049147658593374491e+07
1.049270212924459763e+07
1.049396592043716833e+07
1.049526795951143466e+07
1.049660824646740966e+07
1.049798678130508959e+07
1.049940356402449496e+07
1.050085859462559223e+07
1.050235187310842611e+07
1.050388339947292767e+07
1.050545317371917516e+07
1.050706119584709965e+07
1.050870746585673839e+07
1.051039198374810442e+07
1.051211474952119030e+07
1.051387576317594573e+07
1.051567502471242100e+07
1.051751253413062543e+07
1.051938829143048450e+07
1.052130229661210068e+07
1.052325454967540130e+07
1.052524505062044598e+07
1.052727379944716953e+07
1.052934079615558498e+07
1.053144604074574262e+07
1.053358953321760334e+07
1.053577127357114851e+07
1.053799126180642657e+07
1.054024949792338721e+07
1.054254598192208447e+07
1.054488071380246989e+07
1.054725369356456771e+07
1.054966492120840773e+07
1.055211439673391543e+07
1.055460212014112994e+07
1.055712809143006057e+07
1.055969231060070358e+07
1.056229477765304968e+07
1.056493549258711375e+07
1.056761445540287532e+07
1.057033166610036045e+07
1.057308712467954867e+07
1.057588083114043064e+07
1.057871278548305295e+07
1.058158298770734668e+07
1.058449143781336769e+07
1.058743813580109365e+07
1.059042308167053573e+07
1.059344627542166784e+07
1.059650771705451049e+07
1.059960740656908229e+07
1.060274534396533668e+07
1.060592152924331464e+07
1.060913596240301058e+07
1.061238864344439097e+07
1.061567957236746512e+07
1.061900874917227216e+07
1.062237617385878414e+07
1.062578184642702527e+07
1.062922576687694900e+07
1.063270793520858325e+07
1.063622835142195597e+07
1.063978701551698707e+07
1.064338392749378458e+07
1.064701908735223487e+07
1.065069249509241059e+07
1.065440415071428381e+07
1.065815405421789922e+07
1.066194220560319535e+07
1.066576860487021878e+07
1.066963325201895088e+07
1.067353614704937860e+07
1.067747728996151872e+07
1.068145668075534888e+07
1.068547431943089887e+07
1.068953020598816499e+07
1.069362434042714164e+07
1.069775672274783999e+07
1.070192735295020044e+07
1.070613623103430122e+07
1.071038335700010695e+07
1.071466873084760271e+07
1.071899235257683508e+07
1.072335422218775935e+07
1.072775433968039230e+07
1.073219270505473576e+07
1.073666931831080467e+07
1.074118417944856361e+07
1.074573728846802749e+07
1.075032864536919631e+07
1.075495825015209615e+07
1.075962610281667486e+07
1.076433220336299017e+07
1.076907655179100856e+07
1.077385914810070768e+07
