1.057770000000000000e+07
1.157296483805455267e+07
1.463130064279218763e+07
1.975270741421291605e+07
2.693718515231665596e+07
3.618473385710358620e+07
4.749535352857363969e+07
6.086904416672660410e+07
7.630580577156266570e+07
9.380563834308205545e+07
1.133685418812843114e+08
1.349945163861697316e+08
1.586835618577381074e+08
1.844356782959891558e+08
2.122508657009244561e+08
2.421291240725423396e+08
2.740704534108431935e+08
3.080748537158268690e+08
3.441423249874941111e+08
3.822728672258431315e+08
4.224664804308771491e+08
4.647231646025933623e+08
5.090429197409920692e+08
5.554257458460749388e+08
6.038716429178396463e+08
6.543806109562895298e+08
7.069526499614204168e+08
7.615877599332344532e+08
8.182859408717328310e+08
8.770471927769147158e+08
9.378715156487776041e+08
1.000758909487325430e+09
1.065709374292554498e+09
1.132722910064466238e+09
1.201799516803063631e+09
1.272939194508344650e+09
1.346141943180305719e+09
1.421407762818954706e+09
1.498736653424278021e+09
1.578128614996293545e+09
1.659583647534990072e+09
1.743101751040363789e+09
1.828682925512425661e+09
1.916327170951168060e+09
2.006034487356595993e+09
2.097804874728709459e+09
2.191638333067496777e+09
2.287534862372974873e+09
2.385494462645139694e+09
2.485517133883981228e+09
2.587602876089506149e+09
2.691751689261713982e+09
2.797963573400598526e+09
2.906238528506182671e+09
3.016576554578434467e+09
3.128977651617379189e+09
3.243441819622995853e+09
3.359969058595308304e+09
3.478559368534296513e+09
3.599212749439976215e+09
3.721929201312331676e+09
3.846708724151375294e+09
3.973551317957087517e+09
4.102456982729498386e+09
4.233425718468582630e+09
4.366457525174366951e+09
4.501552402846818924e+09
4.638710351485956192e+09
4.777931371091773987e+09
4.919215461664268494e+09
5.062562623203468323e+09
5.207972855709340096e+09
5.355446159181879997e+09
5.504982533621123314e+09
5.656581979027040482e+09
5.810244495399647713e+09
5.965970082738922119e+09
6.123758741044896126e+09
6.283610470317560196e+09
6.445525270556881905e+09
6.609503141762907982e+09
6.775544083935600281e+09
6.943648097074995041e+09
7.113815181181074142e+09
7.286045336253807068e+09
7.460338562293240547e+09
7.636694859299365044e+09
7.815114227272168159e+09
7.995596666211641312e+09
8.178142176117808342e+09
8.362750756990655899e+09
8.549422408830194473e+09
8.738157131636421204e+09
8.928954925409303665e+09
9.121815790148881912e+09
9.316739725855161667e+09
9.513726732528076172e+09
9.712776810167716980e+09
9.913889958774030685e+09
1.011706617834702301e+10
1.032230546888669968e+10
1.052960783039308929e+10
1.073897326286610794e+10
1.095040176630584717e+10
1.116389334071227264e+10
1.137944798608535576e+10
1.159706570242514610e+10
1.181674648973160744e+10
1.203849034800474167e+10
1.226229727724457359e+10
1.248816727745108986e+10
1.271610034862427139e+10
1.294609649076416016e+10
1.317815570387072945e+10
1.341227798794395065e+10
1.364846334298388672e+10
1.388671176899048805e+10
1.412702326596379852e+10
1.436939783390375519e+10
1.461383547281043053e+10
1.486033618268373489e+10
1.510889996352378273e+10
1.535952681533048058e+10
1.561221673810386848e+10
1.586696973184395218e+10
1.612378579655073547e+10
1.638266493222413826e+10
1.664360713886429787e+10
1.690661241647107315e+10
1.717168076504457474e+10
1.743881218458476639e+10
1.770800667509156036e+10
1.797926423656514740e+10
1.825258486900535965e+10
1.852796857241225433e+10
1.880541534678588867e+10
1.908492519212611771e+10
1.936649810843304062e+10
1.965013409570671082e+10
1.993583315394706726e+10
2.022359528315404510e+10
2.051342048332769775e+10
2.080530875446813202e+10
2.109926009657519531e+10
2.139527450964891052e+10
2.169335199368931580e+10
2.199349254869633865e+10
2.229569617467015457e+10
2.259996287161068726e+10
2.290629263951781464e+10
2.321468547839163208e+10
2.352514138823220444e+10
2.383766036903934479e+10
2.415224242081323242e+10
2.446888754355381393e+10
2.478759573726101303e+10
2.510836700193497086e+10
2.543120133757554245e+10
2.575609874418292236e+10
2.608305922175692749e+10
2.641208277029754257e+10
2.674316938980486679e+10
2.707631908027899170e+10
2.741153184171967316e+10
2.774880767412701797e+10
2.808814657750112152e+10
2.842954855184191895e+10
2.877301359714933395e+10
2.911854171342345428e+10
2.946613290066428375e+10
2.981578715887174988e+10
3.016750448804587555e+10
3.052128488818678665e+10
3.087712835929437637e+10
3.123503490136860657e+10
3.159500451440944672e+10
3.195703719841707993e+10
3.232113295339130020e+10
3.268729177933230209e+10
3.305551367623995209e+10
3.342579864411431122e+10
3.379814668295528793e+10
3.417255779276297379e+10
3.454903197353735352e+10
3.492756922527840424e+10
3.530816954798622894e+10
3.569083294166059113e+10
3.607555940630168915e+10
3.646234894190950775e+10
3.685120154848404694e+10
3.724211722602513885e+10
3.763509597453293610e+10
3.803013779400752258e+10
3.842724268444875336e+10
3.882641064585657501e+10
3.922764167823117065e+10
3.963093578157238007e+10
4.003629295588045502e+10
4.044371320115500641e+10
4.085319651739617157e+10
