1.117500000000000000e+04
1.092701400822324285e+04
1.068221965645718228e+04
1.044061694470182192e+04
1.020220587295715814e+04
9.966986441223190923e+03
9.734958649499923922e+03
9.506122497787351676e+03
9.280477986085477824e+03
9.058025114394302364e+03
8.838763882713825296e+03
8.622694291044042984e+03
8.409816339384959065e+03
8.200130027736573538e+03
7.993635356098887314e+03
7.790332324471895845e+03
7.590220932855603678e+03
7.393301181250008085e+03
7.199573069655110885e+03
7.009036598070912078e+03
6.821691766497408935e+03
6.637538574934604185e+03
6.456577023382496918e+03
6.278807111841088044e+03
6.104228840310375745e+03
5.932842208790362747e+03
5.764647217281044504e+03
5.599643865782427383e+03
5.437832154294505017e+03
5.279212082817281043e+03
5.123783651350754553e+03
4.971546859894926456e+03
4.822501708449795842e+03
4.676648197015362712e+03
4.533986325591626155e+03
4.394516094178588901e+03
4.258237502776247311e+03
4.125150551384605023e+03
3.995255240003660674e+03
3.868551568633411989e+03
3.745039537273862152e+03
3.624719145925009343e+03
3.507590394586855382e+03
3.393653283259398449e+03
3.282907811942638091e+03
3.175353980636576125e+03
3.070991789341212097e+03
2.969821238056545553e+03
2.871842326782576492e+03
2.777055055519304005e+03
2.685459424266731276e+03
2.597055433024854665e+03
2.511843081793675083e+03
2.429822370573194803e+03
2.350993299363411097e+03
2.275355868164324875e+03
2.202910076975937045e+03
2.133655925798246244e+03
2.067593414631253381e+03
2.004722543474957774e+03
1.945043312329359651e+03
1.888555721194460148e+03
1.835259770070257218e+03
1.785155458956752682e+03
1.738242787853945174e+03
1.694521756761835150e+03
1.653992365680423063e+03
1.616654614609708688e+03
1.582508503549691795e+03
1.551554032500372386e+03
1.523791201461750461e+03
1.499220010433826474e+03
1.477840459416599970e+03
1.459652548410071404e+03
1.444656277414239867e+03
1.432851646429106268e+03
1.424238655454670379e+03
1.418817304490931974e+03
1.416587593537891280e+03
1.417549522595547842e+03
1.421703091663902342e+03
1.429048300742954325e+03
1.439585149832703792e+03
1.453313638933151196e+03
1.470233768044296085e+03
1.490345537166138456e+03
1.513648946298678538e+03
1.540143995441916104e+03
1.569830684595851835e+03
1.602709013760484368e+03
1.638778982935815066e+03
1.678040592121843247e+03
1.720493841318569139e+03
1.766138730525992514e+03
1.814975259744113146e+03
1.867003428972931943e+03
1.922223238212447768e+03
1.980634687462661987e+03
2.042237776723573461e+03
2.107032505995181964e+03
2.175018875277488405e+03
2.246196884570492784e+03
2.320566533874195102e+03
2.398127823188594903e+03
2.478880752513692187e+03
2.562825321849485590e+03
2.649961531195977841e+03
2.740289380553168485e+03
2.833808869921056157e+03
2.930519999299642222e+03
3.030422768688925316e+03
3.133517178088903620e+03
3.239803227499582590e+03
3.349280916920958134e+03
3.461950246353031616e+03
3.577811215795803037e+03
3.696863825249269212e+03
3.819108074713435599e+03
3.944543964188300379e+03
4.073171493673862187e+03
4.204990663170121479e+03
4.340001472677075981e+03
4.478203922194729785e+03
4.619598011723081981e+03
4.764183741262131662e+03
4.911961110811879735e+03
5.062930120372322563e+03
5.217090769943464693e+03
5.374443059525305216e+03
5.534986989117843223e+03
5.698722558721078713e+03
5.865649768335008957e+03
6.035768617959639414e+03
6.209079107594967354e+03
6.385581237240993687e+03
6.565275006897718413e+03
6.748160416565135165e+03
6.934237466243253948e+03
7.123506155932071124e+03
7.315966485631585783e+03
7.511618455341797016e+03
7.710462065062703005e+03
7.912497314794309204e+03
8.117724204536612888e+03
8.326142734289616783e+03
8.537752904053317252e+03
8.752554713827710657e+03
8.970548163612806093e+03
9.191733253408598102e+03
9.416109983215086686e+03
9.643678353032275481e+03
9.874438362860162670e+03
1.010839001269874097e+04
1.034553330254802131e+04
1.058586823240800004e+04
1.082939480227867716e+04
1.107611301216005086e+04
1.132602286205211567e+04
1.157912435195488615e+04
1.183541748186835139e+04
1.209490225179251684e+04
1.235757866172737886e+04
1.262344671167293382e+04
1.289250640162919080e+04
1.316475773159614437e+04
1.344020070157379632e+04
1.371883531156214667e+04
1.400066156156118996e+04
1.428567945157093527e+04
1.457388898159137716e+04
1.486529015162251926e+04
1.515988296166435794e+04
1.545766741171688591e+04
1.575864350178011955e+04
1.606281123185405158e+04
1.637017060193868019e+04
1.668072161203400537e+04
1.699446426214002713e+04
1.731139855225674546e+04
1.763152448238416400e+04
1.795484205252228276e+04
1.828135126267109445e+04
1.861105211283060271e+04
1.894394460300081118e+04
1.928002873318171623e+04
1.961930450337332150e+04
1.996177191357562697e+04
2.030743096378861810e+04
2.065628165401231672e+04
2.100832398424671192e+04
2.136355795449180368e+04
2.172198356474759566e+04
2.208360081501407331e+04
2.244840970529126207e+04
2.281641023557914741e+04
2.318760240587772569e+04
2.356198621618700417e+04
2.393956166650698287e+04
2.432032875683764723e+04
2.470428748717901908e+04
