-5.340646917203999422e-01 -1.215369704666274253e-01
-4.887872625215840539e-01 -2.228049315295830557e-01
-5.205305375446026561e-01 -1.962625211774048917e-01
-4.948099491938562355e-01 -2.144555555506710842e-01
-5.447580747403543144e-01 -1.106707720395428973e-01
-4.839611358777159977e-01 -1.091645933031287936e-02
-4.984953962848463482e-01 -1.633921689370041452e-01
-5.165648762078595135e-01 -1.417437861747631311e-01
-5.261745684430090275e-01 -2.065197837879722553e-01
-5.193362546773266919e-01 -2.145373614339220747e-01
-5.413053600115811381e-01 -6.881293584906165994e-02
-5.086685604251287574e-01 -1.527839232475476650e-01
-5.290674918726294695e-01 -2.254725475978722748e-01
-5.645625167859172899e-01 -2.564836745965101694e-01
-5.955912062332555656e-01 -2.921486034070994772e-03
-5.527631907247569920e-01 9.063754096804473026e-02
-5.243450179350778173e-01 -8.892860198986163311e-03
-5.051992233761753992e-01 -1.093634767900203836e-01
-5.012644880196232000e-01 -1.812955289983190013e-02
-5.247822888942986763e-01 -5.478176253613249030e-02
-4.942347676054875127e-01 -1.108312900775607623e-01
-4.867260314454939785e-01 -6.064853205350419912e-02
-5.915680522724376944e-01 -1.436499413721757934e-01
-4.032787124939341550e-01 -1.206070948519679664e-01
-4.786311895157240870e-01 -1.495336797417978203e-01
-4.686748937011369631e-01 -2.143590305341611379e-01
-4.484447210645414739e-01 -1.232661215896821844e-01
-5.245246037020201424e-01 -1.128301103200863853e-01
-5.248307207914201244e-01 -1.315061419842658563e-01
-4.919994892121772878e-01 -1.906541107494439669e-01
-4.819009738113968488e-01 -2.021847679852578628e-01
-4.540997989286821301e-01 -9.908053067964882332e-02
-5.387031106720818752e-01 -2.936691649552904404e-01
-5.980565501503025683e-01 1.639411493688701371e-02
-4.892314206253244868e-01 -2.004562168502304342e-01
-5.283197223933738806e-01 -1.818679586136409398e-01
-5.443406035941773524e-01 -9.304989173756918197e-02
-5.748979881770606148e-01 -1.277238575382116936e-01
-5.076577636196212273e-01 -2.480171677476562808e-01
-5.157121472122601080e-01 -1.357496091833409191e-01
-5.163317841811390085e-01 -1.142456910224113192e-01
-5.409496901838800609e-01 1.363827530314580261e-01
-5.296807574148613140e-01 -2.115389422739501757e-01
-3.859161418658445530e-01 -1.383824911808886893e-01
-4.591979515925777577e-01 -3.761880947037810757e-02
-4.612130023700026227e-01 -2.164659455820496792e-01
-5.463250816289014766e-01 -6.154159011015935404e-02
-5.125454730736952458e-01 -1.998118339007099176e-01
-5.417889062311661563e-01 -7.516770361631060215e-02
-5.172864606555206413e-01 -1.601091693326726073e-01
1.935285892423500576e-01 -9.706957037272768984e-02
1.803360442190888591e-01 -3.110991052318511432e-02
2.334839508449034484e-01 -5.861540318330767108e-02
2.293600082118246383e-02 1.563689731941675376e-01
1.845341025167706317e-01 2.548954377167342994e-02
8.462235250861821489e-02 6.227084441059413389e-02
2.285756339442745477e-01 -3.219914545879696416e-02
-1.431838252512219467e-01 1.295938299422535744e-01
1.335107349622918216e-01 -3.961757849918504798e-02
4.054312686114455028e-02 6.402253790236633879e-02
-1.290236652428328190e-01 2.221238282864133884e-01
1.290606381341711240e-01 3.272156684986630981e-02
-5.270966026582175196e-02 1.807858300193635470e-01
1.491958346715494543e-01 2.974896527668333471e-02
6.124187024748977727e-03 -8.243133964548400930e-03
1.533009395165577105e-01 -5.939635954279980090e-02
1.423217636345135428e-01 6.474046621275676705e-02
-3.556324435328105799e-02 2.432599875951669752e-02
1.413431359131542830e-01 1.866054989494145278e-01
-3.447443740678082791e-02 9.286157447367889006e-02
2.856614467336002217e-01 -9.554341966027676087e-04
5.801484680772343167e-02 1.782120998370282858e-02
1.887069349836617005e-01 1.265507620867354910e-01
9.193175959598524905e-02 -1.977448823305914469e-02
9.925929233451998013e-02 -1.688772823010624771e-02
1.468284414015450234e-01 -3.375135583965471753e-02
1.885302106953758439e-01 -4.552183938220431131e-02
2.872351696224125228e-01 1.803738582631961990e-02
1.576843119815263539e-01 4.455762744986534185e-02
-9.091648161893463309e-02 4.747872905640908303e-02
-4.842969187527091518e-02 1.166178183793847578e-01
-8.537527846234774231e-02 1.115369081428481957e-01
5.833854551442788430e-03 4.716159218111753287e-02
2.300286479754676539e-01 1.048358678615217976e-01
1.331122739099564189e-01 8.525147360716223144e-02
2.036193557207957028e-01 -2.618297058382563006e-02
2.075285955442488783e-01 -3.786368658519816133e-02
1.074153543422331908e-01 -6.805936225004265150e-02
5.009478571548012238e-02 8.696370360991729706e-03
2.772338991286692894e-02 1.138006201632890263e-01
3.454435089933519110e-02 1.033519383115226731e-01
1.426407950823462001e-01 1.329010561844018098e-02
1.157374518023907353e-02 7.115270746612824271e-02
-1.408467430028469136e-01 1.502501587820379292e-01
5.396527399349673737e-02 7.227931297366732566e-02
3.434307069906575999e-02 -4.091175245464781160e-03
6.150452130909849630e-02 3.340503441126704137e-02
9.040527782280972924e-02 1.946023681354158057e-03
-1.361090625215814198e-01 1.073447339263631783e-01
5.123455007735768646e-02 4.641527173731096328e-02
6.193216932188565504e-01 1.116875272083360932e-01
3.156162249918195162e-01 1.317121887800396518e-01
4.864230264974180873e-01 1.408153592378693919e-01
3.482034907125181600e-01 9.133696457171155969e-02
4.972622865384039859e-01 1.023188165247585907e-01
5.520207657553803937e-01 2.261140827921491459e-01
1.563484075232476067e-01 2.317918181646440035e-01
4.219001281989092078e-01 2.302840459828329467e-01
3.970300175803957998e-01 -1.247063376571158448e-02
6.658047327364066126e-01 8.718900211022165281e-02
3.893654647469440566e-01 4.508026047007869519e-02
3.526748246624649141e-01 1.100089066506189095e-01
4.514192447939947006e-01 8.675864252460817327e-02
3.680977417288044395e-01 -3.400288424808770721e-02
5.123268323017422521e-01 -8.619909702168210286e-02
5.066022955046917131e-01 3.430438888192667568e-02
3.498658183912549124e-01 6.657438371986312831e-02
6.605649835314998386e-01 -8.296896595841007915e-02
6.334678217771617659e-01 2.676435125859343844e-01
1.769798719195069536e-01 2.043861879748438692e-01
5.415295862879037081e-01 8.669647866339220965e-02
3.529697445922596599e-01 -3.778534405637988102e-03
5.852265174204009934e-01 -6.123764229217034533e-02
2.864055721862631132e-01 9.730428600636384373e-02
4.738379982916526290e-01 7.954086090841964996e-02
4.027505900680553030e-01 1.951370836967847300e-01
2.784810805633252673e-01 8.008190511677050483e-02
2.892984501158493149e-01 5.130680694473639669e-02
4.400239479883594207e-01 1.162777160115083114e-01
3.563991384821659780e-01 -9.235724283411067548e-02
4.761764921451159260e-01 -3.612668458425727369e-02
5.091060156768368872e-01 3.227847654893220564e-01
4.742078915868768729e-01 1.179796411075821339e-01
2.138244608070142827e-01 6.947138702812924449e-02
2.054982737592210007e-01 1.947732277574154292e-01
5.871431730293830142e-01 1.719650474425978015e-01
5.688864024404046704e-01 2.986766315585017914e-02
3.497871301650133380e-01 5.333149999198036340e-02
2.788999020082772451e-01 5.001898412006060279e-02
4.518696020721726381e-01 7.108535326435599933e-02
5.615723314646617892e-01 8.275030672051424119e-02
5.063520095018121392e-01 2.402544734430120052e-02
3.156410662039262349e-01 1.316187258408437477e-01
5.507118663135480707e-01 1.032523252620151377e-01
6.114602445637464800e-01 5.670199256781108255e-02
5.025024360076941754e-01 4.871840995306215422e-02
3.170400913398652154e-01 1.543809627373283200e-01
3.895472168943544533e-01 6.849465570916868362e-02
5.184720498808558231e-01 -4.199640107815809376e-03
2.989784450008129979e-01 6.530325252812459180e-02
