5.330458347761117821e-01 9.159861756346273642e-01
7.043972385439006834e-01 9.639613245472609115e-01
1.967336201489128245e-01 2.407483753555990091e-01
4.806854554798111190e-01 7.856109708756241483e-01
4.317358137065878676e-01 7.552718024209116310e-01
5.948019871151795090e-01 2.653899655402859326e-01
4.985186947276838421e-01 4.056929792318926253e-01
6.909189538734720193e-01 6.227747287210311233e-01
9.617811343524772516e-01 1.006585126823137388e-01
3.145380314173040759e-01 9.554397313506446388e-01
3.201156177179869111e-01 6.410085702533818708e-02
2.582468322348652201e-02 7.188612150437102555e-01
6.602021180656656441e-01 5.874193322427826436e-01
7.907269199046095265e-01 6.235933733747553998e-01
2.684519651701697818e-01 8.454272837912023553e-01
2.231269599101565193e-01 7.395818731526979661e-01
4.520825545138807966e-01 6.089385009321037767e-01
2.992960434512264012e-01 9.279040686885747791e-01
9.510660869250758820e-01 5.774851789716219930e-01
8.368932089758972515e-01 7.237527677504900225e-01
1.193038399485524259e-02 4.083875618878018976e-03
1.906781745387010618e-01 4.238049041732927513e-01
1.335457895606945167e-01 6.997811037680742308e-01
5.451622626682980366e-01 9.875706168936950746e-01
5.851075104789085213e-01 3.724807721068770228e-01
6.441088287418765823e-01 8.589285543071116802e-01
4.488930210200201554e-01 4.403597182576736158e-01
5.109135245012175197e-01 2.967687666980545202e-02
5.392817723860732215e-01 9.894565657235043776e-02
5.890434002081423870e-01 9.420020609250225885e-01
6.652740576176774390e-02 8.387624907001758334e-01
1.003509618274718296e-01 5.872345116750549154e-01
6.196948845095812120e-01 1.026541010211430294e-01
7.191917414136993481e-01 8.553671536140109444e-01
7.313468217278278338e-01 9.688432254758994056e-01
3.300547525786968750e-01 7.372095719962084015e-01
8.799504190257826375e-01 8.026903624823725769e-01
2.692885367733320878e-01 4.105345735140327745e-01
9.918299472027063413e-01 2.608037012195534299e-01
7.949288292680467549e-02 4.118108575727793541e-01
6.147956104878181671e-01 8.325189320651595892e-01
7.564758736683998563e-01 1.716547955193662434e-01
8.404326883278596672e-01 8.943717202208094630e-01
2.109373772712614947e-01 9.002467762926016359e-01
6.396793690962515599e-01 5.224419763465780742e-01
2.653171819852322422e-01 5.811828212178702380e-01
7.309003239790701212e-02 9.200481709573503641e-01
4.554944098282407428e-01 8.550621270165904564e-01
1.029041756838195987e-01 1.640276250756689258e-02
8.887331151230043469e-01 8.594344308443799818e-01
7.255857976521061792e-01 3.875735124335388804e-01
3.825946420192438691e-02 2.409688206604694294e-01
2.066048551725482296e-01 2.402998166013431414e-01
1.117743080111108789e-01 1.571909721557334105e-01
7.254941866286852559e-01 7.628934946316807686e-01
6.796379526138653926e-01 4.005060214770834737e-01
2.742593264993941071e-01 3.430367831442172610e-01
1.536663426160372881e-01 1.920375977269062062e-01
4.863923351120198468e-01 4.094362420352842813e-01
3.539990668078845104e-01 8.096837493771081862e-01
4.700582069643788330e-02 6.123545015589046958e-01
1.801698802554316803e-01 9.373088357111845070e-01
7.532515309475307230e-01 2.167964956400991738e-02
7.953347064141539358e-01 6.107267553087116774e-01
4.404571145273760147e-01 1.237198145177076380e-02
7.228464161391842113e-01 3.969940435390045819e-01
5.354130272158584836e-01 3.628241501670940172e-01
3.645108938052437075e-01 7.734643906452907114e-01
1.603250554842231557e-01 6.426739763821065488e-02
8.216542225220555551e-01 5.864146147366001705e-01
2.497237140990895554e-01 2.291002115575121456e-01
5.617726841187304920e-01 4.812684912923640423e-01
4.231658313020684181e-01 1.956740378344404840e-01
4.139542977506546206e-01 8.201544399459522738e-01
8.501331796400861673e-01 4.890321349677581031e-01
1.175758926635311896e-01 2.865161519431569381e-01
5.375492123233820418e-01 8.054690023000427024e-01
1.560967606067479307e-01 9.976745108991602606e-02
9.020218921483817986e-01 3.283862524851423048e-01
6.433502161841961886e-01 6.658422267398362848e-01
5.307773211770875355e-01 6.583281116461559002e-02
6.796167637506747017e-01 4.974943645301229678e-01
9.276239270117203617e-02 6.410394492350045548e-01
4.237490294384693712e-03 9.565838281688270328e-01
7.099194586743099444e-01 7.146176719304653258e-02
9.689060009529313344e-01 6.312013053031516607e-01
6.064016986991237479e-01 6.512056730770332535e-02
1.590009079754265420e-01 4.914535927441656682e-01
9.783606236320766536e-01 4.200947236925662853e-01
4.227564381807125127e-01 2.114089192224539726e-01
3.992948554935893402e-01 2.799885467930883776e-01
9.592356937070659617e-01 9.086816148064851273e-01
6.127597141117283597e-01 1.410336172800676913e-01
5.816969366202884295e-02 2.938100767436405691e-01
9.742944247662415069e-01 2.238347581649715590e-01
4.321342610953260444e-02 8.542071529342486480e-01
2.915209500858942926e-01 9.632737558608139850e-01
1.660851584895784994e-01 5.797118589623146967e-01
8.444352332061885180e-01 4.986677327591394482e-01
5.590335783604609698e-01 9.683095904132669185e-01
7.700148449780448434e-01 7.927042590086919027e-02
7.285883340481775772e-01 6.225156903731706715e-01
6.507917917465533275e-01 4.909984468914145861e-01
9.470180208593420579e-01 4.508995316468852321e-01
8.785357509651863239e-01 2.130892424642015781e-01
7.114908633737346833e-01 5.766526683840550449e-01
2.665975965173175144e-01 6.275948300244587053e-01
9.146965411416735359e-01 4.134370451881140829e-01
7.452560241174468469e-01 6.729864131536877903e-01
9.987263104778190126e-01 6.336089779766518326e-02
8.856599465008070382e-01 9.781979044290807224e-01
8.757665854833325270e-01 8.558744719737626516e-01
1.900401744831903272e-01 9.653635224187168129e-01
9.831430671817777966e-01 7.143950008211530367e-02
1.767846411175230115e-01 8.628517066934014990e-01
5.422188073965517052e-01 5.509788870677966299e-01
5.498719408748664605e-01 7.071988238175622721e-01
8.128167918712769779e-02 1.660286476543940681e-01
4.850982679561990363e-01 7.281424219492256267e-01
5.681614371396229712e-01 1.072864954442820373e-01
6.708945462025757145e-01 1.995140842085910693e-01
2.520235341018914887e-01 8.898642629978745777e-01
9.695237094975236447e-01 1.547539083032134499e-02
2.566852748512598037e-01 2.715533736950553889e-01
5.261821959695380801e-01 8.146244745099183726e-01
2.469222612649317750e-01 9.592033941811805020e-01
1.555040992857162907e-01 9.354174487220445755e-01
7.751470351187438323e-01 9.182116732208207566e-01
3.672118736981053733e-01 2.741445083105771285e-01
4.471402620026627694e-01 7.653143725714086631e-01
5.241072181147704567e-01 1.593681169310254830e-01
2.783858939470895688e-01 7.660707519833888091e-01
1.957423569245386741e-02 5.923360639135764050e-01
6.902122286366428883e-01 4.367224153118857144e-01
6.561480790950126041e-01 3.425577127095356111e-01
3.877828843296377004e-01 9.725079369406183227e-01
4.648277725337824906e-01 9.928606252168673540e-01
5.524323321473173509e-01 9.812672825547389399e-01
6.523255694112437553e-01 3.250210242822182405e-01
7.894015558464344551e-01 2.829334191301419166e-01
8.767352028094663741e-01 4.637998233620189703e-01
9.165773900077496261e-01 3.715867267511070438e-01
6.973193028364506052e-01 7.810225381463632432e-01
4.116448881649230618e-01 4.913147293691326745e-01
8.986158583474439521e-01 1.822223422725602893e-01
3.519401579170691186e-01 9.638126254090965128e-01
5.979342146473284325e-01 3.980199501019898722e-02
6.170409736204875983e-01 5.376009603687476046e-01
7.856068008616416964e-01 3.969991360419532489e-01
1.497959780557778231e-03 9.318178392406651911e-01
