1.117500000000000000e+04
1.086199365756229054e+04
1.056716833251999196e+04
1.029052402487310792e+04
1.003206073462163477e+04
9.791778461765574320e+03
9.569677206304928404e+03
9.365756968239693379e+03
9.180017747569872881e+03
9.012459544295463274e+03
8.863082358416464558e+03
8.731886189932880370e+03
8.618871038844708892e+03
8.524036905151948304e+03
8.447383788854604063e+03
8.388911689952668894e+03
8.348620608446148253e+03
8.326510544335040322e+03
8.322581497619343281e+03
8.336833468299058950e+03
8.369266456374189147e+03
8.419880461844728416e+03
8.488675484710684032e+03
8.575651524972050538e+03
8.680808582628827935e+03
8.804146657681019860e+03
8.945665750128624495e+03
9.105365859971641839e+03
9.283246987210070074e+03
9.479309131843912837e+03
9.693552293873170129e+03
9.925976473297834673e+03
1.017658167011791375e+04
1.044536788433340735e+04
1.073233511594431184e+04
1.103748336495062904e+04
1.136081263135235895e+04
1.170232291514950157e+04
1.206201421634205508e+04
1.243988653493002494e+04
1.283593987091340750e+04
1.325017422429219732e+04
1.368258959506640349e+04
1.413318598323601873e+04
1.460196338880105213e+04
1.508892181176149461e+04
1.559406125211734980e+04
1.611738170986861951e+04
1.665888318501529648e+04
1.721856567755739525e+04
1.779642918749489399e+04
1.839247371482781455e+04
1.900669925955614963e+04
1.963910582167988832e+04
2.028969340119904518e+04
2.095846199811361657e+04
2.164541161242359885e+04
2.235054224412899202e+04
2.307385389322979609e+04
2.381534655972601831e+04
2.457502024361765507e+04
2.535287494490469180e+04
2.614891066358715761e+04
2.696312739966501613e+04
2.779552515313830372e+04
2.864610392400699857e+04
2.951486371227110430e+04
3.040180451793062457e+04
3.130692634098555209e+04
3.223022918143590141e+04
3.317171303928166162e+04
3.413137791452282545e+04
3.510922380715941108e+04
3.610525071719140396e+04
3.711945864461881138e+04
3.815184758944163332e+04
3.920241755165986251e+04
4.027116853127351351e+04
4.135810052828257176e+04
4.246321354268703726e+04
4.358650757448692457e+04
4.472798262368221185e+04
4.588763869027292822e+04
4.706547577425905183e+04
4.826149387564058270e+04
4.947569299441753537e+04
5.070807313058988075e+04
5.195863428415765520e+04
5.322737645512084418e+04
5.451429964347944042e+04
5.581940384923343663e+04
5.714268907238285465e+04
5.848415531292770174e+04
5.984380257086794882e+04
6.122163084620359587e+04
6.261764013893468655e+04
6.403183044906116265e+04
6.546420177658305329e+04
6.691475412150035845e+04
6.838348748381307814e+04
6.987040186352121236e+04
7.137549726062476111e+04
7.289877367512372439e+04
7.444023110701810219e+04
7.599986955630790908e+04
7.757768902299307229e+04
7.917368950707369368e+04
8.078787100854970049e+04
8.242023352742115094e+04
8.407077706368800136e+04
8.573950161735026632e+04
8.742640718840793124e+04
8.913149377686101070e+04
9.085476138270951924e+04
9.259621000595344231e+04
9.435583964659276535e+04
9.613365030462745926e+04
9.792964198005762591e+04
9.974381467288320709e+04
1.015761683831041883e+05
1.034267031107205694e+05
1.052954188557323359e+05
1.071823156181395607e+05
1.090873933979421854e+05
1.110106521951402246e+05
1.129520920097336784e+05
1.149117128417225176e+05
1.168895146911068005e+05
1.188854975578864833e+05
1.208996614420615806e+05
1.229320063436321216e+05
1.249825322625979898e+05
1.270512391989593452e+05
1.291381271527161152e+05
1.312431961238682852e+05
1.333664461124158697e+05
1.355078771183588251e+05
1.376674891416972387e+05
1.398452821824310522e+05
1.420412562405602948e+05
1.442554113160849083e+05
1.464877474090049509e+05
1.487382645193203643e+05
1.510069626470312942e+05
1.532938417921375949e+05
1.555989019546392956e+05
1.579221431345363671e+05
1.602635653318288969e+05
1.626231685465168266e+05
1.650009527786002145e+05
1.673969180280790024e+05
1.698110642949531903e+05
1.722433915792227199e+05
1.746938998808877368e+05
1.771625891999481537e+05
1.796494595364039997e+05
1.821545108902552165e+05
1.846777432615018333e+05
1.872191566501439374e+05
1.897787510561814124e+05
1.923565264796143165e+05
1.949524829204426496e+05
1.975666203786662663e+05
2.001989388542854285e+05
2.028494383472999907e+05
2.055181188577099529e+05
2.082049803855153441e+05
2.109100229307160480e+05
2.136332464933122392e+05
2.163746510733038303e+05
2.191342366706908506e+05
2.219120032854732999e+05
2.247079509176511201e+05
2.275220795672243694e+05
2.303543892341930477e+05
2.332048799185571261e+05
2.360735516203166335e+05
2.389604043394714827e+05
2.418654380760218191e+05
2.447886528299675847e+05
2.477300486013087211e+05
2.506896253900452866e+05
2.536673831961771939e+05
2.566633220197045594e+05
2.596774418606273539e+05
2.627097427189456066e+05
2.657602245946592302e+05
2.688288874877682538e+05
2.719157313982726773e+05
2.750207563261725591e+05
2.781439622714678408e+05
2.812853492341585224e+05
2.844449172142445459e+05
2.876226662117260275e+05
2.908185962266029674e+05
2.940327072588753072e+05
2.972649993085431051e+05
3.005154723756062449e+05
3.037841264600647846e+05
3.070709615619187243e+05
