3.280537443926415664e-01 3.140060256859551757e-02
3.302718044090984795e-01 5.440590161501006328e-02
3.102984609413905193e-01 3.488848331055721674e-02
3.213494300363681222e-01 7.311435469982222046e-02
3.213858042340615451e-01 2.973372016116599889e-02
4.385715931396633183e-01 1.020258104865586352e-01
3.511237820337548277e-01 6.734886302805155600e-02
3.324672503370713628e-01 5.344282046826662191e-02
3.102640524735841843e-01 6.864783003038278653e-02
2.916094865067877517e-01 4.512049965176724575e-02
3.435850706377746033e-01 3.377128623671105112e-02
3.302128161229211378e-01 7.381815596050823880e-02
2.827480661501218795e-01 3.479541057225063461e-02
2.406059332867331035e-01 -3.276344889911582403e-03
3.347905014868342577e-01 -3.445120846362614148e-02
4.275245555044597801e-01 4.455736345963248052e-02
4.120217405374719810e-01 3.729119652818321112e-02
3.711315339692690674e-01 5.310693461267883275e-02
4.110536410863139256e-01 7.779467884725707605e-02
3.711030226911239405e-01 5.800241787601260329e-02
3.635259713675632609e-01 7.742676344215884687e-02
4.164028037439824748e-01 8.347147332884928550e-02
2.770521569024739228e-01 -2.661752979191393115e-02
4.816434855266296666e-01 1.525960059871338259e-01
3.501252055745646130e-01 1.223691164292897704e-01
3.479926793925431916e-01 8.467736759287396164e-02
4.252602926408742823e-01 1.130391380460271378e-01
3.391371562255384720e-01 4.548841505686551656e-02
3.347216845512216432e-01 3.306748497602500503e-02
3.302108503930340500e-01 8.343944377933880385e-02
3.368787905516140713e-01 8.510632618676834682e-02
4.364066242197226497e-01 8.847212055113777562e-02
2.827274177915249376e-01 1.205742560261971463e-03
3.302835987884207847e-01 -3.321825297973576840e-03
3.346872760834153082e-01 6.682683169585057481e-02
3.169988438378898432e-01 1.241730681699175498e-02
3.392000759714899338e-01 6.833585073706183177e-03
2.738620659750849451e-01 1.012322911840651818e-02
3.014045978468053999e-01 4.870145313203558257e-02
3.369131990194204063e-01 5.134697946694274928e-02
3.600481221363722173e-01 3.901912212440884070e-02
3.644822764393989001e-01 9.465100803606862900e-02
2.969606148943433888e-01 4.117600631452883464e-02
5.091938803178983619e-01 1.526890787254404080e-01
4.407306648699427787e-01 1.444433638784713148e-01
3.689036453033769369e-01 7.820807466041727884e-02
3.346626962650442461e-01 5.247973932152315280e-02
3.124899754095892823e-01 5.316797780147496100e-02
3.391391219554255043e-01 3.586712723803492375e-02
3.280517786627545340e-01 4.102189038742611038e-02
1.155162502673575675e+00 7.974043434552994247e-01
1.158289673855013246e+00 7.993184145281382325e-01
1.209291261345180946e+00 8.573365468886477991e-01
1.018931164093956454e+00 7.277145626826975189e-01
1.178261051592834008e+00 8.284571206514216302e-01
1.049900419830238851e+00 7.856275310842522064e-01
1.207974449574156450e+00 8.517251711439799422e-01
8.143378697399137334e-01 5.581223147224803061e-01
1.094329429645697127e+00 7.791858921531779059e-01
1.033145678568065051e+00 7.244738706061449873e-01
8.409467106282824123e-01 6.034446743353575338e-01
1.120591523944086454e+00 7.687721058834827703e-01
9.141495302520501465e-01 6.558790849525816258e-01
1.121814938961127162e+00 8.275550826934743309e-01
9.834953113167281824e-01 6.383077672704779992e-01
1.124134258651116047e+00 7.589036293992429405e-01
1.127166067348682743e+00 8.236105893562359892e-01
9.007851386567448104e-01 6.574408034010561508e-01
1.171617691252625049e+00 8.411373306183196341e-01
9.261400875200406224e-01 6.584969572861063547e-01
1.285205688624794229e+00 9.234675761357891144e-01
1.034496898806895882e+00 6.963258996309875659e-01
1.195947518108472440e+00 8.924879333491111399e-01
1.037881351284103193e+00 7.879051420140611439e-01
1.065525142829355509e+00 7.348266136870440501e-01
1.121910301444998037e+00 7.647621938093200900e-01
1.161796034364349417e+00 8.328305725825544403e-01
1.295414397760516589e+00 9.248872698778093371e-01
1.147171853554310061e+00 8.189899487596938865e-01
8.587364025473397389e-01 5.661974468735703203e-01
9.172786671633746947e-01 6.481718682065896742e-01
8.675634144361994426e-01 6.102818826729126123e-01
9.736657915089041992e-01 6.684861605100350657e-01
1.234518404986686635e+00 9.453236485588470961e-01
1.118274169983984656e+00 8.278022713588836234e-01
1.179139685749782673e+00 8.218826637600104013e-01
1.187124437679387023e+00 8.291609219121077734e-01
1.081048606154940250e+00 7.756824486304820798e-01
1.014460635593236404e+00 7.154633113096937613e-01
1.014487181141494609e+00 7.201891158651908542e-01
9.957372526908273569e-01 7.594546743707295544e-01
1.112955484334348322e+00 8.076087057951270021e-01
9.825252461356830391e-01 6.884325374083823945e-01
8.210058098984938102e-01 5.597891971299098213e-01
1.027764073172477310e+00 7.429351350255479769e-01
9.824662578495058085e-01 7.078447917538805978e-01
1.027766038902364398e+00 7.333138472067173286e-01
1.056633245464657422e+00 7.390182956896917954e-01
8.441731757533648128e-01 5.233232808863810259e-01
1.023350567228047403e+00 7.208929171258766644e-01
1.681961576720926166e+00 1.257469654905449818e+00
1.354859876351871106e+00 1.014634326693744759e+00
1.545246519151353581e+00 1.148982115455192021e+00
1.362755162987266067e+00 1.055841610273504649e+00
1.555011153483339070e+00 1.167079840017624770e+00
1.613938504616933889e+00 1.251788484875729690e+00
1.193309963106649496e+00 9.005077574974365007e-01
1.453676891864591481e+00 1.148168774687422955e+00
1.402701849922681987e+00 1.094876446882410370e+00
1.721946603583922375e+00 1.243502569156868853e+00
1.417949349323787134e+00 1.002856154684794276e+00
1.394810494747061203e+00 1.034426587664989405e+00
1.505358820502115114e+00 1.090535024500788319e+00
1.391298237048063768e+00 1.029778293067064920e+00
1.568026832758777633e+00 1.119403263505408086e+00
1.556011695672416151e+00 1.102438298797555616e+00
1.362787605725185314e+00 1.031703551372509686e+00
1.650323774216610362e+00 1.257480842138056110e+00
1.733340387809105376e+00 1.356707162066367545e+00
1.195913109640666105e+00 9.262472800689366403e-01
1.604791291686352928e+00 1.156693707749311795e+00
1.373548850786473929e+00 1.004402310352535022e+00
1.586388109825665138e+00 1.251695412137423080e+00
1.320736903885893154e+00 9.500814826638545041e-01
1.507521823692168805e+00 1.113710002255039688e+00
1.422652579301905806e+00 1.090425484993705174e+00
1.307431500576765382e+00 9.322309467668310479e-01
1.305179032092502078e+00 9.429849944402420858e-01
1.498656471875728702e+00 1.122627488813184193e+00
1.327666056800017147e+00 1.022170960743857604e+00
1.490147695298703390e+00 1.139174682159748153e+00
1.553147702976409805e+00 1.161325535578460189e+00
1.541734261452356369e+00 1.144333820857267536e+00
1.202556469980875287e+00 9.135670701020387474e-01
1.188218081744750743e+00 9.844961343260791864e-01
1.671352716699798568e+00 1.212187040514602909e+00
1.610111943065876350e+00 1.167265985494237768e+00
1.356119665566605237e+00 1.030036668965080171e+00
1.294095620259605228e+00 9.288971819519720174e-01
1.500945314557685428e+00 1.068492806601117229e+00
1.634561712223965291e+00 1.170170791715202441e+00
1.567188504259296788e+00 1.063354510220501981e+00
1.354859876351871106e+00 1.014634326693744759e+00
1.613620269305099386e+00 1.191156855729823327e+00
1.679832981998679031e+00 1.200535330431372838e+00
1.567156061521377541e+00 1.087492569121496944e+00
1.374896139565530584e+00 9.954969150150383417e-01
1.429030795426796896e+00 1.026565254991894882e+00
1.549313278505803915e+00 1.115288187472290637e+00
1.309562061028899604e+00 9.795439834220774911e-01
