1.117400000000000000e+04
1.093529636324023522e+04
1.070452880151864338e+04
1.048169731483522264e+04
1.026680190318996756e+04
1.005984256658288541e+04
9.860819305013974372e+03
9.669732118483232625e+03
9.486581006990661990e+03
9.311365970536262466e+03
9.144087009120030416e+03
8.984744122741969477e+03
8.833337311402079649e+03
8.689866575100359114e+03
8.554331913836809690e+03
8.426733327611431378e+03
8.307070816424222357e+03
8.195344380275184449e+03
8.091554019164314923e+03
7.995699733091617418e+03
7.907781522057088296e+03
7.827799386060732104e+03
7.755753325102545205e+03
7.691643339182526688e+03
7.635469428300681102e+03
7.587231592457004808e+03
7.546929831651497807e+03
7.514564145884162826e+03
7.490134535154997138e+03
7.473640999464001652e+03
7.465083538811176368e+03
7.464462153196522195e+03
7.471776842620038224e+03
7.487027607081723545e+03
7.510214446581579978e+03
7.541337361119607522e+03
7.580396350695802539e+03
7.627391415310171396e+03
7.682322554962707727e+03
7.745189769653415169e+03
7.815993059382293723e+03
7.894732424149341568e+03
7.981407863954559616e+03
8.076019378797949685e+03
8.178566968679508136e+03
8.289050633599235880e+03
8.407470373557136554e+03
8.533826188553204702e+03
8.668118078587447599e+03
8.810346043659857969e+03
8.960510083770437632e+03
9.118610198919188406e+03
9.284646389106110291e+03
9.458618654331201469e+03
9.640526994594463758e+03
9.830371409895898978e+03
1.002815190023549803e+04
1.023386846561327184e+04
1.044752110602921312e+04
1.066910982148332732e+04
1.089863461197561264e+04
1.113609547750606362e+04
1.138149241807469116e+04
1.163482543368148254e+04
1.189609452432644866e+04
1.216529969000958590e+04
1.244244093073088879e+04
1.272751824649036644e+04
1.302053163728801155e+04
1.332148110312382778e+04
1.363036664399781512e+04
1.394718825990996993e+04
1.427194595086029949e+04
1.460463971684879471e+04
1.494526955787546103e+04
1.529383547394030211e+04
1.565033746504330884e+04
1.601477553118448850e+04
1.638714967236384109e+04
1.676745988858135752e+04
1.715570617983704869e+04
1.755188854613090371e+04
1.795600698746293347e+04
1.836806150383313798e+04
1.878805209524150268e+04
1.921597876168804942e+04
1.965184150317275635e+04
2.009564031969563803e+04
2.054737521125669446e+04
2.100704617785591108e+04
2.147465321949330610e+04
2.195019633616886131e+04
2.243367552788260218e+04
2.292509079463451053e+04
2.342444213642457180e+04
2.393172955325281873e+04
2.444695304511922950e+04
2.497011261202381866e+04
2.550120825396657165e+04
2.604023997094749575e+04
2.658720776296658732e+04
2.714211163002385365e+04
2.770495157211929109e+04
2.827572758925289963e+04
2.885443968142468293e+04
2.944108784863461915e+04
3.003567209088273739e+04
3.063819240816902675e+04
3.124864880049348722e+04
3.186704126785611516e+04
3.249336981025691784e+04
3.312763442769587709e+04
3.376983512017301109e+04
3.441997188768832712e+04
3.507804473024181061e+04
3.574405364783345431e+04
3.641799864046326547e+04
3.709987970813126594e+04
3.778969685083742661e+04
3.848745006858176203e+04
3.919313936136426491e+04
3.990676472918492072e+04
4.062832617204376584e+04
4.135782368994077842e+04
4.209525728287596576e+04
4.284062695084931329e+04
4.359393269386082829e+04
4.435517451191052533e+04
4.512435240499839711e+04
4.590146637312442908e+04
4.668651641628863581e+04
4.747950253449099546e+04
4.828042472773154441e+04
4.908928299601026083e+04
4.990607733932715200e+04
5.073080775768221065e+04
5.156347425107542222e+04
5.240407681950683036e+04
5.325261546297639143e+04
5.410909018148412724e+04
5.497350097503003781e+04
5.584584784361410129e+04
5.672613078723636136e+04
5.761434980589677434e+04
5.851050489959536935e+04
5.941459606833212456e+04
6.032662331210703996e+04
6.124658663092015195e+04
6.217448602477142413e+04
6.311032149366084923e+04
6.405409303758846363e+04
6.500580065655426006e+04
6.596544435055818758e+04
6.693302411960030440e+04
6.790853996368061053e+04
6.889199188279907685e+04
6.988337987695570337e+04
7.088270394615049008e+04
7.188996409038346610e+04
7.290516030965460232e+04
7.392829260396392783e+04
7.495936097331141355e+04
7.599836541769704490e+04
7.704530593712088012e+04
7.810018253158287553e+04
7.916299520108304569e+04
8.023374394562137604e+04
8.131242876519786660e+04
8.239904965981254645e+04
8.349360662946540106e+04
8.459609967415641586e+04
8.570652879388560541e+04
8.682489398865294061e+04
8.795119525845846510e+04
8.908543260330217890e+04
9.022760602318405290e+04
9.137771551810408710e+04
9.253576108806228149e+04
9.370174273305866518e+04
9.487566045309320907e+04
9.605751424816592771e+04
9.724730411827682110e+04
9.844503006342586013e+04
9.965069208361310302e+04
1.008642901788385061e+05
1.020858243491020839e+05
1.033152945944038220e+05
1.045527009147437057e+05
1.057980433101218077e+05
1.070513217805380555e+05
1.083125363259924779e+05
1.095816869464850752e+05
1.108587736420158180e+05
1.121437964125847502e+05
1.134367552581918571e+05
1.147376501788371534e+05
1.160464811745205952e+05
1.173632482452421973e+05
1.186879513910019741e+05
1.200205906117999111e+05
