-2.532174873352050781e+01 -5.227470993995666504e-01
-2.370115089416503906e+01 -5.810660310089588165e-03
-2.414745521545410156e+01 -6.308817267417907715e-01
-2.379311561584472656e+01 -4.060472846031188965e-01
-2.554478263854980469e+01 -6.563459634780883789e-01
-2.657271385192871094e+01 3.763816654682159424e-01
-2.463075447082519531e+01 1.721940338611602783e-01
-2.492293167114257812e+01 -4.461848437786102295e-01
-2.322935295104980469e+01 -3.015832304954528809e-01
-2.395370674133300781e+01 -8.499679565429687500e-01
-2.608340454101562500e+01 -4.432609081268310547e-01
-2.476123046875000000e+01 -6.645923852920532227e-01
-2.353927421569824219e+01 -5.984996557235717773e-01
-2.326347923278808594e+01 -8.640039563179016113e-01
-2.692236328125000000e+01 -4.571082890033721924e-01
-2.727411842346191406e+01 3.762518242001533508e-02
-2.661163330078125000e+01 2.542208135128021240e-01
-2.537527084350585938e+01 8.500555902719497681e-02
-2.654651069641113281e+01 4.749628901481628418e-02
-2.617021179199218750e+01 -1.547293178737163544e-02
-2.528457069396972656e+01 -1.044432595372200012e-01
-2.596293640136718750e+01 4.469586014747619629e-01
-2.517937278747558594e+01 -1.308960795402526855e+00
-2.507438087463378906e+01 9.915898442268371582e-01
-2.474650955200195312e+01 -9.399850964546203613e-01
-2.379984664916992188e+01 1.809108853340148926e-01
-2.511230087280273438e+01 5.985556840896606445e-01
-2.541209411621093750e+01 -4.204804003238677979e-01
-2.508851623535156250e+01 -3.469578623771667480e-01
-2.418162536621093750e+01 -4.770377278327941895e-01
-2.397418022155761719e+01 -7.422947883605957031e-02
-2.538857078552246094e+01 6.216909885406494141e-01
-2.678915786743164062e+01 -7.701852321624755859e-01
-2.703950309753417969e+01 -3.976263999938964844e-01
-2.404388809204101562e+01 -3.144579380750656128e-02
-2.431386184692382812e+01 -6.260208040475845337e-02
-2.569400024414062500e+01 -5.085719823837280273e-01
-2.542508125305175781e+01 -1.037739276885986328e+00
-2.336314010620117188e+01 -4.769151508808135986e-01
-2.500501632690429688e+01 -3.709649145603179932e-01
-2.527871513366699219e+01 7.005349546670913696e-02
-2.271356964111328125e+01 4.569299519062042236e-02
-2.389885711669921875e+01 -9.482806324958801270e-01
-2.559012222290039062e+01 1.158068299293518066e+00
-2.626808929443359375e+01 5.891295075416564941e-01
-2.375321578979492188e+01 2.596831023693084717e-01
-2.617942428588867188e+01 -5.435169935226440430e-01
-2.409123420715332031e+01 -6.955174803733825684e-01
-2.601596450805664062e+01 -4.624373316764831543e-01
-2.463554382324218750e+01 -2.906195819377899170e-01
8.995326995849609375e+00 2.100891113281250000e+00
9.030006408691406250e+00 1.624076366424560547e+00
9.453887939453125000e+00 1.830921530723571777e+00
6.224100589752197266e+00 -1.158310323953628540e-01
8.937382698059082031e+00 1.057346224784851074e+00
7.342640399932861328e+00 6.917161941528320312e-01
9.845038414001464844e+00 1.531920194625854492e+00
4.989669799804687500e+00 3.186723291873931885e-01
8.170661926269531250e+00 1.684837102890014648e+00
6.713739395141601562e+00 1.260701566934585571e-01
4.992822647094726562e+00 4.206624254584312439e-02
8.049775123596191406e+00 8.541418313980102539e-01
5.578721046447753906e+00 -1.163113787770271301e-01
8.363627433776855469e+00 1.024478316307067871e+00
6.301808357238769531e+00 1.115162968635559082e+00
8.568133354187011719e+00 1.857785701751708984e+00
8.194256782531738281e+00 5.802298188209533691e-01
5.826773643493652344e+00 8.986230492591857910e-01
8.300979614257812500e+00 -5.706508755683898926e-01
5.817989349365234375e+00 4.043117761611938477e-01
1.103276634216308594e+01 8.218399882316589355e-01
6.977718353271484375e+00 1.103755593299865723e+00
9.113602638244628906e+00 8.946864306926727295e-02
7.408121585845947266e+00 1.387045264244079590e+00
7.716328620910644531e+00 1.504893660545349121e+00
8.429286956787109375e+00 1.675402045249938965e+00
8.881346702575683594e+00 1.423597455024719238e+00
1.095142936706542969e+01 1.242541432380676270e+00
8.471899032592773438e+00 8.366445302963256836e-01
5.406685352325439453e+00 6.524519920349121094e-01
5.660036563873291016e+00 2.553177773952484131e-01
5.403957366943359375e+00 3.198513090610504150e-01
6.291679382324218750e+00 7.638111710548400879e-01
1.002361297607421875e+01 2.989756166934967041e-01
8.067393302917480469e+00 4.224338233470916748e-01
9.776614189147949219e+00 1.570826649665832520e+00
9.220014572143554688e+00 1.676106214523315430e+00
7.333481788635253906e+00 -3.480125665664672852e-01
6.978760242462158203e+00 1.015521883964538574e+00
6.403607845306396484e+00 1.669927388429641724e-01
6.555621623992919922e+00 3.469297885894775391e-01
8.277920722961425781e+00 1.176960945129394531e+00
6.295107364654541016e+00 5.602558851242065430e-01
4.999695777893066406e+00 2.601276934146881104e-01
6.856905460357666016e+00 5.087213516235351562e-01
6.775629520416259766e+00 1.222104310989379883e+00
7.102946281433105469e+00 8.655446767807006836e-01
7.555438518524169922e+00 1.291947960853576660e+00
4.988062858581542969e+00 4.594180583953857422e-01
6.888851165771484375e+00 7.408398985862731934e-01
1.509948158264160156e+01 1.990252435207366943e-01
1.179034996032714844e+01 1.397565007209777832e-02
1.403969669342041016e+01 1.164359569549560547e+00
1.220172119140625000e+01 9.828581809997558594e-01
1.407978343963623047e+01 5.121806263923645020e-01
1.442957115173339844e+01 1.840495944023132324e+00
9.599762916564941406e+00 -9.900858402252197266e-01
1.347960758209228516e+01 2.035845041275024414e+00
1.254378700256347656e+01 1.472318172454833984e+00
1.529854297637939453e+01 7.806695103645324707e-01
1.299882793426513672e+01 4.326790571212768555e-01
1.225927639007568359e+01 4.910284280776977539e-01
1.368575763702392578e+01 6.442546844482421875e-01
1.196986579895019531e+01 -3.713432550430297852e-01
1.398555564880371094e+01 -6.069831252098083496e-01
1.431527423858642578e+01 -2.803857997059822083e-02
1.225296211242675781e+01 1.077957034111022949e+00
1.527209091186523438e+01 1.598364710807800293e+00
1.460939502716064453e+01 1.991200447082519531e+00
8.844635009765625000e+00 -5.167451500892639160e-01
1.457134723663330078e+01 5.872527360916137695e-01
1.197855854034423828e+01 -2.523849904537200928e-01
1.421055889129638672e+01 2.069959640502929688e+00
1.135785293579101562e+01 3.145886659622192383e-01
1.404438591003417969e+01 7.523478865623474121e-01
1.332210445404052734e+01 1.894899249076843262e+00
1.123249912261962891e+01 3.776437342166900635e-01
1.129195690155029297e+01 6.481813788414001465e-01
1.338054370880126953e+01 3.697316646575927734e-01
1.253027343750000000e+01 2.131032466888427734e+00
1.362452888488769531e+01 1.881344914436340332e+00
1.516854381561279297e+01 1.809907793998718262e+00
1.372931289672851562e+01 1.743889153003692627e-01
9.483489990234375000e+00 6.454980969429016113e-01
9.485688209533691406e+00 3.899750858545303345e-02
1.471665763854980469e+01 1.345396518707275391e+00
1.485419178009033203e+01 2.957084029912948608e-02
1.221321201324462891e+01 1.076007604598999023e+00
1.114811325073242188e+01 5.688347816467285156e-01
1.375603008270263672e+01 6.400697827339172363e-01
1.465380954742431641e+01 2.675945460796356201e-01
1.426645183563232422e+01 4.648407921195030212e-02
1.179034996032714844e+01 1.397565007209777832e-02
1.463484191894531250e+01 6.589556932449340820e-01
1.501118850708007812e+01 2.724699974060058594e-01
1.415084934234619141e+01 2.242921292781829834e-02
1.187567710876464844e+01 2.052341401576995850e-02
1.289710807800292969e+01 4.576378464698791504e-01
1.458124923706054688e+01 -1.181175857782363892e-01
1.145155143737792969e+01 5.962361693382263184e-01
