1.117400000000000000e+04
1.115971362978320758e+04
1.114544246396901144e+04
1.113118650255741159e+04
1.111694574554840619e+04
1.110272019294199708e+04
1.108850984473818608e+04
1.107431470093697135e+04
1.106013476153835109e+04
1.104597002654232710e+04
1.103182049594890123e+04
1.101768616975806981e+04
1.100356704796983468e+04
1.098946313058419764e+04
1.097537441760115507e+04
1.096130090902070879e+04
1.094724260484285878e+04
1.093319950506760506e+04
1.091917160969494580e+04
1.090515891872488464e+04
1.089116143215741977e+04
1.087717914999255299e+04
1.086321207223027886e+04
1.084926019887060284e+04
1.083532352991352309e+04
1.082140206535903781e+04
1.080749580520714881e+04
1.079360474945785609e+04
1.077972889811116147e+04
1.076586825116706314e+04
1.075202280862555926e+04
1.073819257048665168e+04
1.072437753675034219e+04
1.071057770741662716e+04
1.069679308248550842e+04
1.068302366195698596e+04
1.066926944583106160e+04
1.065553043410772989e+04
1.064180662678699628e+04
1.062809802386885895e+04
1.061440462535331790e+04
1.060072643124037313e+04
1.058706344153002283e+04
1.057341565622227063e+04
1.055978307531711471e+04
1.054616569881455507e+04
1.053256352671458990e+04
1.051897655901722101e+04
1.050540479572245022e+04
1.049184823683027571e+04
1.047830688234069567e+04
1.046478073225371190e+04
1.045126978656932624e+04
1.043777404528753505e+04
1.042429350840834013e+04
1.041082817593174150e+04
1.039737804785773915e+04
1.038394312418633308e+04
1.037052340491752329e+04
1.035711889005130979e+04
1.034372957958769257e+04
1.033035547352666981e+04
1.031699657186824516e+04
1.030365287461241678e+04
1.029032438175918651e+04
1.027701109330854888e+04
1.026371300926050753e+04
1.025043012961506247e+04
1.023716245437221551e+04
1.022390998353196483e+04
1.021067271709430861e+04
1.019745065505924867e+04
1.018424379742678502e+04
1.017105214419691765e+04
1.015787569536964656e+04
1.014471445094497358e+04
1.013156841092289505e+04
1.011843757530341281e+04
1.010532194408652686e+04
1.009222151727223718e+04
1.007913629486054379e+04
1.006606627685144485e+04
1.005301146324494403e+04
1.003997185404103948e+04
1.002694744923973121e+04
1.001393824884101923e+04
1.000094425284490171e+04
9.987965461251382294e+03
9.975001874060457340e+03
9.962053491272130486e+03
9.949120312886398096e+03
9.936202338903261989e+03
9.923299569322723983e+03
9.910412004144780440e+03
9.897539643369433179e+03
9.884682486996682201e+03
9.871840535026527505e+03
9.859013787458969091e+03
9.846202244294006960e+03
9.833405905531641110e+03
9.820624771171871544e+03
9.807858841214698259e+03
9.795108115660121257e+03
9.782372594508138718e+03
9.769652277758754281e+03
9.756947165411966125e+03
9.744257257467772433e+03
9.731582553926175024e+03
9.718923054787175715e+03
9.706278760050772689e+03
9.693649669716964127e+03
9.681035783785751846e+03
9.668437102257137667e+03
9.655853625131116132e+03
9.643285352407694518e+03
9.630732284086867367e+03
9.618194420168638317e+03
9.605671760653003730e+03
9.593164305539963607e+03
9.580672054829523404e+03
9.568195008521675845e+03
9.555733166616426388e+03
9.543286529113771394e+03
9.530855096013714501e+03
9.518438867316253891e+03
9.506037843021389563e+03
9.493652023129121517e+03
9.481281407639447934e+03
9.468925996552370634e+03
9.456585789867891435e+03
9.444260787586006700e+03
9.431950989706718246e+03
9.419656396230027894e+03
9.407377007155932006e+03
9.395112822484432400e+03
9.382863842215530894e+03
9.370630066349222034e+03
9.358411494885513093e+03
9.346208127824396797e+03
9.334019965165880421e+03
9.321847006909956690e+03
9.309689253056631060e+03
9.297546703605901712e+03
9.285419358557768646e+03
9.273307217912231863e+03
9.261210281669289543e+03
9.249128549828945324e+03
9.237062022391195569e+03
9.225010699356043915e+03
9.212974580723486724e+03
9.200953666493527635e+03
9.188947956666163009e+03
9.176957451241394665e+03
9.164982150219224422e+03
9.153022053599646824e+03
9.141077161382669146e+03
9.129147473568285932e+03
9.117232990156499000e+03
9.105333711147308350e+03
9.093449636540713982e+03
9.081580766336715897e+03
9.069727100535314094e+03
9.057888639136506754e+03
9.046065382140297515e+03
9.034257329546686378e+03
9.022464481355667886e+03
9.010686837567245675e+03
8.998924398181421566e+03
8.987177163198193739e+03
8.975445132617560375e+03
8.963728306439523294e+03
8.952026684664084314e+03
8.940340267291239797e+03
8.928669054320991563e+03
8.917013045753341430e+03
8.905372241588283941e+03
8.893746641825826373e+03
8.882136246465961449e+03
8.870541055508696445e+03
8.858961068954025905e+03
8.847396286801951646e+03
8.835846709052473670e+03
8.824312335705591977e+03
8.812793166761304747e+03
8.801289202219613799e+03
8.789800442080520952e+03
8.778326886344024388e+03
8.766868535010124106e+03
8.755425388078818287e+03
8.743997445550108750e+03
8.732584707423997315e+03
8.721187173700480344e+03
8.709804844379561473e+03
8.698437719461235247e+03
8.687085798945510760e+03
8.675749082832378917e+03
8.664427571121841538e+03
8.653121263813904079e+03
8.641830160908561083e+03
8.630554262405814370e+03
