1.004853916168212891e+01 1.066885566711425781e+01
1.015682601928710938e+01 1.271043205261230469e+01
1.058847236633300781e+01 1.239585399627685547e+01
1.046933650970458984e+01 1.273746585845947266e+01
9.907412528991699219e+00 1.050605106353759766e+01
1.073094749450683594e+01 9.660242080688476562e+00
1.089384841918945312e+01 1.143444442749023438e+01
1.039598941802978516e+01 1.112913799285888672e+01
1.039891147613525391e+01 1.302036762237548828e+01
9.908489227294921875e+00 1.281016063690185547e+01
1.043202304840087891e+01 9.947772979736328125e+00
1.044073772430419922e+01 1.130765247344970703e+01
9.934201240539550781e+00 1.260109519958496094e+01
1.043522453308105469e+01 1.302628993988037109e+01
1.034395217895507812e+01 9.440708160400390625e+00
1.050497436523437500e+01 9.356803894042968750e+00
1.070757865905761719e+01 9.591426849365234375e+00
1.086353302001953125e+01 1.065078067779541016e+01
1.080605792999267578e+01 9.634920120239257812e+00
1.064386844635009766e+01 9.733277320861816406e+00
1.028118896484375000e+01 1.083681201934814453e+01
1.090108203887939453e+01 1.001310062408447266e+01
1.003720378875732422e+01 1.068912696838378906e+01
1.124965953826904297e+01 1.073637962341308594e+01
1.023123645782470703e+01 1.142099857330322266e+01
9.958244323730468750e+00 1.262140274047851562e+01
1.110454273223876953e+01 1.069440650939941406e+01
1.014549541473388672e+01 1.064262485504150391e+01
1.017058944702148438e+01 1.100399208068847656e+01
1.041929244995117188e+01 1.237270736694335938e+01
1.004074001312255859e+01 1.254941749572753906e+01
1.111561107635498047e+01 1.079792499542236328e+01
1.024061775207519531e+01 9.549203872680664062e+00
1.040223407745361328e+01 9.403305053710937500e+00
1.018475055694580078e+01 1.245539474487304688e+01
1.046975898742675781e+01 1.216491031646728516e+01
1.033333015441894531e+01 1.051859188079833984e+01
1.013212871551513672e+01 1.039160346984863281e+01
1.052668285369873047e+01 1.303946685791015625e+01
1.027336025238037109e+01 1.097818183898925781e+01
1.069925594329833984e+01 1.077190494537353516e+01
1.018680191040039062e+01 1.292789173126220703e+01
1.059447383880615234e+01 1.276590442657470703e+01
1.115987110137939453e+01 1.058623886108398438e+01
1.084778404235839844e+01 9.835624694824218750e+00
1.012952899932861328e+01 1.272929954528808594e+01
1.023621845245361328e+01 9.940429687500000000e+00
1.065497970581054688e+01 1.252832984924316406e+01
1.030410289764404297e+01 1.002382469177246094e+01
1.043097591400146484e+01 1.150368595123291016e+01
-1.258628726005554199e+00 1.018253684043884277e+00
-1.023065209388732910e+00 1.060494422912597656e+00
-1.431422114372253418e+00 1.335859298706054688e+00
1.081987857818603516e+00 -2.052320986986160278e-01
-4.486310184001922607e-01 1.275606989860534668e+00
2.432354167103767395e-02 -1.281798481941223145e-01
-1.190548658370971680e+00 1.305220961570739746e+00
1.434086680412292480e+00 -1.058074712753295898e+00
-8.397371172904968262e-01 6.356714367866516113e-01
5.081200599670410156e-01 -1.325701177120208740e-01
1.447266936302185059e+00 -1.125973939895629883e+00
-2.602000236511230469e-01 6.166317462921142578e-01
1.570161223411560059e+00 -6.104819774627685547e-01
-4.475673735141754150e-01 9.433425664901733398e-01
2.520597875118255615e-01 -5.075896382331848145e-01
-1.169313073158264160e+00 8.258162140846252441e-01
-7.773832976818084717e-02 5.652654767036437988e-01
1.189442992210388184e+00 -6.435090899467468262e-01
1.965245008468627930e-01 1.391307592391967773e+00
1.282198429107666016e+00 -5.387684106826782227e-01
-1.292370557785034180e+00 4.266722679138183594e+00
-9.663797169923782349e-02 -3.038932979106903076e-01
-4.381075501441955566e-02 1.666198849678039551e+00
-4.965747594833374023e-01 2.175815850496292114e-01
-6.622938513755798340e-01 3.659861683845520020e-01
-9.869938492774963379e-01 7.737108469009399414e-01
-7.603404521942138672e-01 1.059154152870178223e+00
-1.260092973709106445e+00 4.569527149200439453e+00
-3.261952400207519531e-01 9.697474837303161621e-01
1.269820332527160645e+00 -7.217483520507812500e-01
1.447005152702331543e+00 -6.646934151649475098e-01
1.399635314941406250e+00 -7.182341814041137695e-01
6.213880181312561035e-01 -6.388561129570007324e-01
-1.803188621997833252e-01 1.994688510894775391e+00
1.387784034013748169e-01 5.048592686653137207e-01
-9.730635881423950195e-01 1.305268764495849609e+00
-1.198054552078247070e+00 1.135743737220764160e+00
4.077839553356170654e-01 1.050312280654907227e+00
3.699088096618652344e-02 -3.806154727935791016e-01
7.557796239852905273e-01 -2.238552272319793701e-01
7.044655680656433105e-01 -5.175471901893615723e-01
-5.104582905769348145e-01 8.036363720893859863e-01
7.931089401245117188e-01 -5.218857526779174805e-01
1.344290852546691895e+00 -1.030171394348144531e+00
3.648104071617126465e-01 -1.455894708633422852e-01
-4.607433080673217773e-02 -5.682541131973266602e-01
4.006192088127136230e-02 -4.247414469718933105e-01
-3.778893053531646729e-01 4.601054266095161438e-02
1.152201414108276367e+00 -1.192125439643859863e+00
1.750231981277465820e-01 -3.599939048290252686e-01
2.651107870042324066e-02 7.581604957580566406e+00
-6.408931016921997070e-01 4.282917022705078125e+00
-3.524269759654998779e-01 6.517723560333251953e+00
-7.844924926757812500e-01 5.083263397216796875e+00
-5.299791097640991211e-01 6.797605991363525391e+00
3.078941404819488525e-01 6.411630153656005859e+00
2.908851504325866699e-01 6.761735081672668457e-01
2.680667210370302200e-03 5.803708076477050781e+00
-6.286339163780212402e-01 5.052192687988281250e+00
1.894196718931198120e-01 7.285993576049804688e+00
-9.124897718429565430e-01 5.744336605072021484e+00
-6.906444430351257324e-01 4.844936847686767578e+00
-5.625221729278564453e-01 6.556114673614501953e+00
-4.359926283359527588e-01 4.264010906219482422e+00
-6.960914134979248047e-01 7.300368785858154297e+00
-5.117908120155334473e-01 7.595674514770507812e+00
-9.153089523315429688e-01 5.203950405120849609e+00
2.501711547374725342e-01 6.765880107879638672e+00
2.587887048721313477e-01 6.458108901977539062e+00
3.786369785666465759e-02 1.577070236206054688e+00
-1.240265220403671265e-01 7.275172710418701172e+00
-5.882020592689514160e-01 4.146377563476562500e+00
1.566791981458663940e-01 6.154701232910156250e+00
-9.111462235450744629e-01 4.536614418029785156e+00
-3.096999526023864746e-01 6.631290435791015625e+00
-1.449444144964218140e-01 5.672589302062988281e+00
-9.643850922584533691e-01 4.187650680541992188e+00
-1.272602200508117676e+00 4.426078319549560547e+00
-7.402802705764770508e-01 6.481848239898681641e+00
-2.671048939228057861e-01 5.435487270355224609e+00
-9.306655265390872955e-03 5.818686485290527344e+00
2.049896270036697388e-01 6.581190586090087891e+00
-6.953244805335998535e-01 6.893084049224853516e+00
-4.397540390491485596e-01 1.679558992385864258e+00
-2.214417159557342529e-01 1.761222481727600098e+00
7.510063052177429199e-02 6.772122859954833984e+00
-1.527563333511352539e-01 7.564976215362548828e+00
-1.003404617309570312e+00 5.206295013427734375e+00
-1.068489789962768555e+00 4.235456466674804688e+00
-5.203298926353454590e-01 6.437850952148437500e+00
-7.518975436687469482e-02 7.387676715850830078e+00
-4.151934683322906494e-01 7.388236045837402344e+00
-6.605073809623718262e-01 4.278912067413330078e+00
-1.014031618833541870e-01 7.198063373565673828e+00
6.325321644544601440e-02 7.492254257202148438e+00
-6.414662599563598633e-01 7.304300308227539062e+00
-7.203363776206970215e-01 4.488881587982177734e+00
-8.227231502532958984e-01 5.827671527862548828e+00
-2.652389109134674072e-01 7.489073276519775391e+00
-1.068528294563293457e+00 4.502745628356933594e+00
