1.117500000000000000e+04
1.115486304240437676e+04
1.113476307572112455e+04
1.111470009995024157e+04
1.109467411509172780e+04
1.107468512114558325e+04
1.105473311811180974e+04
1.103481810599040728e+04
1.101494008478137403e+04
1.099509905448471000e+04
1.097529501510041518e+04
1.095552796662849323e+04
1.093579790906894050e+04
1.091610484242175517e+04
1.089644876668694087e+04
1.087682968186449580e+04
1.085724758795442176e+04
1.083770248495671876e+04
1.081819437287138499e+04
1.079872325169842043e+04
1.077928912143782691e+04
1.075989198208960261e+04
1.074053183365374753e+04
1.072120867613026348e+04
1.070192250951914866e+04
1.068267333382040306e+04
1.066346114903403031e+04
1.064428595516002497e+04
1.062514775219839066e+04
1.060604654014912740e+04
1.058698231901222971e+04
1.056795508878770488e+04
1.054896484947555109e+04
1.053001160107576652e+04
1.051109534358834935e+04
1.049221607701330504e+04
1.047337380135062995e+04
1.045456851660032407e+04
1.043580022276238924e+04
1.041706891983682362e+04
1.039837460782362905e+04
1.037971728672280369e+04
1.036109695653434756e+04
1.034251361725826246e+04
1.032396726889454658e+04
1.030545791144320174e+04
1.028698554490422430e+04
1.026855016927761972e+04
1.025015178456338253e+04
1.023179039076151639e+04
1.021346598787201947e+04
1.019517857589489358e+04
1.017692815483013692e+04
1.015871472467775311e+04
1.014053828543773670e+04
1.012239883711008952e+04
1.010429637969481337e+04
1.008623091319190644e+04
1.006820243760136873e+04
1.005021095292320388e+04
1.003225645915740824e+04
1.001433895630398001e+04
9.996458444362922819e+03
9.978614923334236664e+03
9.960808393217917910e+03
9.943038854013972013e+03
9.925306305722395336e+03
9.907610748343187879e+03
9.889952181876349641e+03
9.872330606321884261e+03
9.854746021679784462e+03
9.837198427950057521e+03
9.819687825132699800e+03
9.802214213227713117e+03
9.784777592235097472e+03
9.767377962154849229e+03
9.750015322986970205e+03
9.732689674731464038e+03
9.715401017388325272e+03
9.698149350957557544e+03
9.680934675439159037e+03
9.663756990833131567e+03
9.646616297139473318e+03
9.629512594358186107e+03
9.612445882489268115e+03
9.595416161532719343e+03
9.578423431488541610e+03
9.561467692356731277e+03
9.544548944137293802e+03
9.527667186830225546e+03
9.510822420435528329e+03
9.494014644953198513e+03
9.477243860383239735e+03
9.460510066725650177e+03
9.443813263980431657e+03
9.427153452147584176e+03
9.410530631227105914e+03
9.393944801218995053e+03
9.377395962123257050e+03
9.360884113939886447e+03
9.344409256668888702e+03
9.327971390310260176e+03
9.311570514864000870e+03
9.295206630330110784e+03
9.278879736708589917e+03
9.262589833999441908e+03
9.246336922202663118e+03
9.230121001318253548e+03
9.213942071346213197e+03
9.197800132286542066e+03
9.181695184139243793e+03
9.165627226904314739e+03
9.149596260581753086e+03
9.133602285171564290e+03
9.117645300673742895e+03
9.101725307088294358e+03
9.085842304415213221e+03
9.069996292654504941e+03
9.054187271806164063e+03
9.038415241870192403e+03
9.022680202846591783e+03
9.006982154735362201e+03
8.991321097536501838e+03
8.975697031250010696e+03
8.960109955875890591e+03
8.944559871414139707e+03
8.929046777864759861e+03
8.913570675227747415e+03
8.898131563503107827e+03
8.882729442690835640e+03
8.867364312790934491e+03
8.852036173803404381e+03
8.836745025728243490e+03
8.821490868565451819e+03
8.806273702315029368e+03
8.791093526976979774e+03
8.775950342551297581e+03
8.760844149037986426e+03
8.745774946437046310e+03
8.730742734748473595e+03
8.715747513972271918e+03
8.700789284108441279e+03
8.685868045156978042e+03
8.670983797117885842e+03
8.656136539991166501e+03
8.641326273776812741e+03
8.626552998474830019e+03
8.611816714085220156e+03
8.597117420607977692e+03
8.582455118043104449e+03
8.567829806390604062e+03
8.553241485650471077e+03
8.538690155822707311e+03
8.524175816907316403e+03
8.509698468904292895e+03
8.495258111813640426e+03
8.480854745635358995e+03
8.466488370369446784e+03
8.452158986015903793e+03
8.437866592574730021e+03
8.423611190045927287e+03
8.409392778429493774e+03
8.395211357725431299e+03
8.381066927933738043e+03
8.366959489054415826e+03
8.352889041087461010e+03
8.338855584032879051e+03
8.324859117890666312e+03
8.310899642660824611e+03
8.296977158343350311e+03
8.283091664938245231e+03
8.269243162445513008e+03
8.255431650865148185e+03
8.241657130197156221e+03
8.227919600441531657e+03
8.214219061598278131e+03
8.200555513667393825e+03
8.186928956648880558e+03
8.173339390542736510e+03
8.159786815348961682e+03
8.146271231067557892e+03
8.132792637698524231e+03
8.119351035241859790e+03
8.105946423697565479e+03
8.092578803065641296e+03
8.079248173346087242e+03
8.065954534538902408e+03
8.052697886644088612e+03
8.039478229661644036e+03
8.026295563591569589e+03
8.013149888433865272e+03
8.000041204188530173e+03
7.986969510855564295e+03
7.973934808434969455e+03
7.960937096926745653e+03
7.947976376330890162e+03
7.935052646647405709e+03
7.922165907876289566e+03
7.909316160017544462e+03
7.896503403071170396e+03
