1.882798500000000000e+06
1.818712048543207347e+06
1.758796597760156961e+06
1.703052147650847677e+06
1.651478698215280427e+06
1.604076249453456374e+06
1.560844801365371561e+06
1.521784353951029480e+06
1.486894907210429199e+06
1.456176461143569322e+06
1.429629015750454273e+06
1.407252571031077532e+06
1.389047126985445619e+06
1.375012683613552945e+06
1.365149240915402072e+06
1.359456798890995560e+06
1.357935357540328056e+06
1.360584916863403283e+06
1.367405476860219613e+06
1.378397037530779839e+06
1.393559598875078373e+06
1.412893160893121967e+06
1.436397723584905267e+06
1.464073286950431298e+06
1.495919850989698432e+06
1.531937415702706436e+06
1.572125981089457870e+06
1.616485547149951570e+06
1.665016113884184510e+06
1.717717681292161811e+06
1.774590249373878818e+06
1.835633818129334832e+06
1.900848387558540562e+06
1.970233957661482738e+06
2.043790528438164620e+06
2.121518099888593890e+06
2.203416672012760770e+06
2.289486244810672011e+06
2.379726818282320630e+06
2.474138392427715939e+06
2.572720967246849556e+06
2.675474542739728000e+06
2.782399118906345684e+06
2.893494695746704936e+06
3.008761273260808550e+06
3.128198851448648609e+06
3.251807430310233962e+06
3.379587009845563676e+06
3.511537590054631699e+06
3.647659170937440358e+06
3.787951752493993845e+06
3.932415334724290296e+06
4.081049917628324125e+06
4.233855501206099056e+06
4.390832085457619280e+06
4.551979670382877812e+06
4.717298255981886759e+06
4.886787842254628427e+06
5.060448429201110266e+06
5.238280016821338795e+06
5.420282605115312152e+06
5.606456194083013572e+06
5.796800783724470064e+06
5.991316374039675109e+06
6.190002965028607287e+06
6.392860556691283360e+06
6.599889149027703330e+06
6.811088742037862539e+06
7.026459335721769370e+06
7.246000930079414509e+06
7.469713525110797025e+06
7.697597120815926231e+06
7.929651717194798402e+06
8.165877314247409813e+06
8.406273911973766983e+06
8.650841510373862460e+06
8.899580109447699040e+06
9.152489709195276722e+06
9.409570309616597369e+06
9.670821910711664706e+06
9.936244512480460107e+06
1.020583811492300592e+07
1.047960271803929098e+07
1.075753832182932459e+07
1.103964492629310116e+07
1.132592253143059835e+07
1.161637113724187203e+07
1.191099074372685514e+07
1.220978135088559240e+07
1.251274295871806704e+07
1.281987556722429208e+07
1.313117917640426196e+07
1.344665378625795059e+07
1.376629939678541198e+07
1.409011600798660517e+07
1.441810361986152083e+07
1.475026223241020180e+07
1.508659184563260525e+07
1.542709245952876471e+07
1.577176407409867458e+07
1.612060668934229016e+07
1.647362030525968410e+07
1.683080492185082287e+07
1.719216053911565989e+07
1.755768715705429018e+07
1.792738477566662803e+07
1.830125339495273307e+07
1.867929301491256058e+07
1.906150363554611430e+07
1.944788525685344636e+07
1.983843787883447483e+07
2.023316150148928538e+07
2.063205612481781095e+07
2.103512174882009625e+07
2.144235837349613011e+07
2.185376599884591997e+07
2.226934462486938387e+07
2.268909425156666711e+07
2.311301487893760949e+07
2.354110650698237494e+07
2.397336913570083305e+07
2.440980276509306580e+07
2.485040739515899867e+07
2.529518302589871734e+07
2.574412965731216222e+07
2.619724728939932585e+07
2.665453592216024920e+07
2.711599555559489131e+07
2.758162618970333040e+07
2.805142782448547333e+07
2.852540045994138345e+07
2.900354409607100487e+07
2.948585873287435994e+07
2.997234437035144493e+07
3.046300100850237906e+07
3.095782864732695371e+07
3.145682728682529181e+07
3.195999692699735612e+07
3.246733756784315035e+07
3.297884920936274529e+07
3.349453185155608878e+07
3.401438549442309141e+07
3.453841013796386868e+07
3.506660578217840940e+07
3.559897242706671357e+07
3.613551007262870669e+07
3.667621871886448562e+07
3.722109836577404290e+07
3.777014901335722208e+07
3.832337066161421686e+07
3.888076331054492295e+07
3.944232696014941484e+07
4.000806161042756587e+07
4.057796726137955487e+07
4.115204391300527006e+07
4.173029156530465186e+07
4.231271021827785671e+07
4.289929987192478776e+07
4.349006052624543011e+07
4.408499218123980612e+07
4.468409483690797538e+07
4.528736849324984103e+07
4.589481315026552975e+07
4.650642880795489252e+07
4.712221546631794423e+07
4.774217312535478920e+07
4.836630178506538272e+07
4.899460144544973224e+07
4.962707210650783777e+07
5.026371376823966205e+07
5.090452643064519763e+07
5.154951009372448176e+07
5.219866475747752935e+07
5.285199042190430313e+07
5.350948708700484037e+07
5.417115475277915597e+07
5.483699341922712326e+07
5.550700308634883165e+07
5.618118375414433330e+07
5.685953542261358351e+07
5.754205809175658971e+07
5.822875176157321036e+07
5.891961643206380308e+07
5.961465210322798789e+07
6.031385877506595105e+07
6.101723644757765532e+07
6.172478512076301873e+07
6.243650479462215304e+07
6.315239546915508807e+07
6.387245714436182380e+07
6.459668982024213672e+07
6.532509349679625034e+07
6.605766817402420938e+07
6.679441385192576051e+07
6.753533053050112724e+07
6.828041820975032449e+07
6.902967688967306912e+07
6.978310657026971877e+07
7.054070725153999031e+07
7.130247893348407745e+07
7.206842161610180140e+07
7.283853529939340055e+07
7.361281998335877061e+07
7.439127566799768806e+07
7.517390235331052542e+07
7.596070003929699957e+07
7.675166872595737875e+07
7.754680841329135001e+07
7.834611910129906237e+07
7.914960078998063505e+07
7.995725347933590412e+07
8.076907716936475039e+07
8.158507186006742716e+07
8.240523755144390464e+07
8.322957424349410832e+07
8.405808193621806800e+07
8.489076062961576879e+07
8.572761032368710637e+07
8.656863101843239367e+07
8.741382271385119855e+07
8.826318540994390845e+07
8.911671910671028495e+07
8.997442380415035784e+07
9.083629950226423144e+07
9.170234620105190575e+07
9.257256390051326156e+07
9.344695260064828396e+07
9.432551230145713687e+07
9.520824300293964148e+07
9.609514470509602129e+07
9.698621740792614222e+07
9.788146111142985523e+07
9.878087581560742855e+07
9.968446152045868337e+07
1.005922182259837687e+08
1.015041459321826845e+08
1.024202446390550435e+08
1.033405143466013074e+08
1.042649550548212528e+08
1.051935667637151033e+08
1.061263494732825607e+08
1.070633031835236251e+08
1.080044278944387883e+08
1.089497236060275435e+08
1.098991903182898015e+08
1.108528280312260836e+08
1.118106367448359579e+08
1.127726164591196626e+08
1.137387671740771532e+08
1.147090888897083402e+08
1.156835816060130894e+08
1.166622453229917288e+08
1.176450800406441987e+08
1.186320857589702159e+08
1.196232624779701233e+08
1.206186101976437718e+08
1.216181289179911166e+08
1.226218186390120834e+08
1.236296793607069999e+08
1.246417110830757022e+08
1.256579138061179370e+08
1.266782875298338979e+08
1.277028322542236000e+08
1.287315479792873859e+08
1.297644347050245851e+08
1.308014924314355403e+08
1.318427211585204601e+08
1.328881208862788975e+08
1.339376916147112250e+08
1.349914333438171446e+08
1.360493460735968351e+08
1.371114298040503263e+08
1.381776845351775885e+08
1.392481102669784725e+08
1.403227069994531870e+08
1.414014747326017320e+08
1.424844134664238393e+08
1.435715232009196579e+08
1.446628039360893965e+08
1.457582556719328165e+08
1.468578784084499180e+08
1.479616721456408501e+08
1.490696368835054636e+08
1.501817726220439076e+08
1.512980793612560332e+08
1.524185571011418998e+08
1.535432058417014480e+08
1.546720255829347670e+08
1.558050163248418272e+08
1.569421780674227178e+08
1.580835108106773198e+08
1.592290145546055734e+08
1.603786892992075682e+08
1.615325350444833338e+08
1.626905517904329598e+08
1.638527395370563269e+08
1.650190982843531966e+08
1.661896280323239267e+08
1.673643287809686363e+08
1.685432005302866697e+08
1.697262432802788019e+08
1.709134570309446454e+08
1.721048417822835743e+08
1.733003975342970490e+08
1.745001242869841158e+08
1.757040220403446257e+08
1.769120907943792343e+08
1.781243305490875840e+08
1.793407413044691682e+08
1.805613230605250895e+08
1.817860758172544837e+08
1.830149995746572018e+08
1.842480943327343166e+08
1.854853600914849341e+08
1.867267968509093523e+08
1.879724046110075116e+08
1.892221833717791736e+08
1.904761331332249045e+08
1.917342538953440785e+08
1.929965456581372917e+08
1.942630084216040969e+08
1.955336421857448816e+08
1.968084469505589902e+08
1.980874227160470784e+08
1.993705694822088778e+08
2.006578872490443587e+08
2.019493760165536106e+08
2.032450357847367227e+08
2.045448665535934269e+08
2.058488683231236637e+08
2.071570410933282673e+08
2.084693848642062843e+08
2.097858996357576847e+08
2.111065854079833329e+08
2.124314421808825433e+08
2.137604699544554651e+08
2.150936687287021577e+08
2.164310385036224127e+08
2.177725792792166770e+08
2.191182910554844141e+08
2.204681738324263096e+08
2.218222276100417674e+08
2.231804523883309662e+08
2.245428481672936082e+08
2.259094149469304085e+08
2.272801527272405922e+08
2.286550615082246065e+08
2.300341412898830175e+08
2.314173920722143948e+08
2.328048138552196324e+08
2.341964066388988197e+08
2.355921704232515395e+08
2.369921052082781196e+08
2.383962109939783216e+08
2.398044877803523242e+08
2.412169355674001276e+08
2.426335543551217914e+08
2.440543441435168982e+08
2.454793049325858951e+08
2.469084367223288715e+08
2.483417395127450228e+08
2.497792133038354516e+08
2.512208580955998003e+08
2.526666738880371153e+08
2.541166606811487377e+08
2.555708184749334157e+08
2.570291472693925798e+08
2.584916470645253062e+08
2.599583178603316844e+08
2.614291596568121910e+08
2.629041724539659023e+08
2.643833562517935634e+08
2.658667110502948165e+08
2.673542368494701684e+08
2.688459336493188143e+08
2.703418014498414397e+08
2.718418402510376573e+08
2.733460500529078245e+08
2.748544308554518223e+08
2.763669826586691737e+08
2.778837054625605941e+08
2.794045992671253681e+08
2.809296640723643899e+08
2.824588998782770038e+08
2.839923066848630905e+08
2.855298844921237230e+08
2.870716333000569940e+08
2.886175531086646318e+08
2.901676439179462790e+08
2.917219057279011011e+08
2.932803385385294557e+08
2.948429423498319387e+08
2.964097171618079543e+08
2.979806629744583964e+08
2.995557797877820730e+08
3.011350676017794013e+08
3.027185264164505601e+08
3.043061562317955494e+08
3.058979570478143692e+08
3.074939288645066023e+08
3.090940716818727851e+08
3.106983854999127388e+08
3.123068703186265826e+08
3.139195261380138397e+08
3.155363529580747485e+08
3.171573507788101435e+08
3.187825196002185941e+08
3.204118594223006964e+08
3.220453702450568080e+08
3.236830520684866905e+08
3.253249048925907016e+08
3.269709287173676491e+08
3.286211235428183079e+08
3.302754893689434528e+08
3.319340261957418919e+08
3.335967340232143402e+08
3.352636128513604999e+08
3.369346626801800132e+08
3.386098835096731782e+08
3.402892753398406506e+08
3.419728381706818938e+08
3.436605720021961927e+08
3.453524768343851566e+08
3.470485526672470570e+08
3.487487995007829070e+08
3.504532173349927068e+08
3.521618061698763967e+08
3.538745660054333806e+08
3.555914968416639566e+08
3.573125986785690784e+08
3.590378715161474347e+08
3.607673153543994427e+08
3.625009301933254600e+08
3.642387160329248905e+08
3.659806728731985092e+08
3.677268007141456008e+08
3.694770995557664037e+08
3.712315693980610967e+08
3.729902102410293818e+08
3.747530220846716762e+08
3.765200049289875627e+08
3.782911587739770412e+08
3.800664836196407676e+08
3.818459794659772515e+08
3.836296463129878044e+08
3.854174841606727839e+08
3.872094930090304613e+08
3.890056728580630422e+08
3.908060237077685595e+08
3.926105455581484437e+08
3.944192384092012644e+08
3.962321022609283924e+08
3.980491371133291125e+08
3.998703429664034247e+08
4.016957198201515079e+08
4.035252676745735407e+08
4.053589865296694636e+08
4.071968763854387999e+08
4.090389372418821454e+08
4.108851690989986658e+08
4.127355719567894340e+08
4.145901458152537942e+08
4.164488906743919849e+08
4.183118065342037678e+08
4.201788933946902752e+08
4.220501512558488250e+08
4.239255801176823974e+08
4.258051799801889062e+08
4.276889508433694243e+08
4.295768927072239518e+08
4.314690055717520714e+08
4.333652894369542599e+08
4.352657443028293252e+08
4.371703701693788171e+08
4.390791670366015434e+08
4.409921349044981599e+08
4.429092737730692625e+08
4.448305836423136592e+08
4.467560645122313499e+08
4.486857163828228116e+08
4.506195392540881038e+08
4.525575331260275841e+08
4.544996979986403584e+08
4.564460338719276190e+08
4.583965407458882332e+08
4.603512186205220819e+08
4.623100674958301187e+08
4.642730873718116283e+08
4.662402782484673858e+08
4.682116401257969737e+08
4.701871730037992001e+08
4.721668768824754953e+08
4.741507517618263364e+08
4.761387976418507099e+08
4.781310145225487351e+08
4.801274024039198160e+08
4.821279612859655619e+08
4.841326911686838269e+08
4.861415920520772338e+08
4.881546639361435771e+08
4.901719068208838105e+08
4.921933207062980533e+08
4.942189055923859477e+08
4.962486614791477919e+08
4.982825883665832281e+08
5.003206862546917796e+08
5.023629551434746981e+08
5.044093950329315662e+08
5.064600059230616093e+08
5.085147878138661385e+08
5.105737407053427696e+08
5.126368645974949598e+08
5.147041594903194308e+08
5.167756253838189244e+08
5.188512622779918909e+08
5.209310701728381515e+08
5.230150490683584213e+08
5.251031989645521045e+08
5.271955198614201546e+08
5.292920117589613795e+08
5.313926746571765542e+08
5.334975085560648441e+08
5.356065134556285739e+08
5.377196893558648825e+08
5.398370362567753792e+08
5.419585541583582163e+08
5.440842430606156588e+08
5.462141029635479450e+08
5.483481338671524525e+08
5.504863357714314461e+08
5.526287086763840914e+08
5.547752525820100307e+08
5.569259674883106947e+08
5.590808533952844143e+08
5.612399103029316664e+08
5.634031382112528086e+08
5.655705371202480793e+08
5.677421070299165249e+08
5.699178479402593374e+08
5.720977598512753248e+08
5.742818427629656792e+08
5.764700966753294468e+08
5.786625215883667469e+08
5.808591175020779371e+08
5.830598844164632559e+08
5.852648223315218687e+08
5.874739312472546101e+08
5.896872111636605263e+08
5.919046620807403326e+08
5.941262839984940290e+08
5.963520769169207811e+08
5.985820408360223770e+08
6.008161757557971478e+08
6.030544816762460470e+08
6.052969585973677635e+08
6.075436065191643238e+08
6.097944254416337013e+08
6.120494153647778034e+08
6.143085762885948420e+08
6.165719082130869627e+08
6.188394111382513046e+08
6.211110850640904903e+08
6.233869299906018972e+08
6.256669459177881479e+08
6.279511328456484079e+08
6.302394907741813660e+08
6.325320197033883333e+08
6.348287196332706213e+08
6.371295905638244152e+08
6.394346324950530529e+08
6.417438454269556999e+08
6.440572293595318794e+08
6.463747842927808762e+08
6.486965102267047167e+08
6.510224071613012552e+08
6.533524750965729952e+08
6.556867140325174332e+08
6.580251239691364765e+08
6.603677049064280987e+08
6.627144568443938494e+08
6.650653797830331326e+08
6.674204737223473787e+08
6.697797386623339653e+08
6.721431746029952765e+08
6.745107815443297625e+08
6.768825594863381386e+08
6.792585084290210009e+08
6.816386283723756075e+08
6.840229193164047003e+08
6.864113812611095905e+08
6.888040142064859867e+08
6.912008181525373459e+08
6.936017930992616415e+08
6.960069390466601849e+08
6.984162559947320223e+08
7.008297439434770346e+08
7.032474028928976059e+08
7.056692328429909945e+08
7.080952337937579155e+08
7.105254057451983690e+08
7.129597486973130703e+08
7.153982626501008272e+08
7.178409476035631895e+08
7.202878035576989651e+08
7.227388305125081539e+08
7.251940284679925442e+08
7.276533974241484404e+08
7.301169373809784651e+08
7.325846483384838104e+08
7.350565302966620922e+08
7.375325832555136681e+08
7.400128072150387764e+08
7.424972021752383709e+08
7.449857681361114979e+08
7.474785050976585150e+08
7.499754130598800182e+08
7.524764920227742195e+08
7.549817419863419533e+08
7.574911629505833387e+08
7.600047549154993296e+08
7.625225178810887337e+08
7.650444518473521471e+08
7.675705568142884970e+08
7.701008327819000483e+08
7.726352797501838207e+08
7.751738977191412449e+08
7.777166866887731552e+08
7.802636466590791941e+08
7.828147776300584078e+08
7.853700796017110348e+08
7.879295525740382671e+08
7.904931965470379591e+08
7.930610115207118988e+08
7.956329974950612783e+08
7.982091544700828791e+08
8.007894824457777739e+08
8.033739814221466780e+08
8.059626513991903067e+08
8.085554923769068718e+08
8.111525043552969694e+08
8.137536873343605995e+08
8.163590413141000271e+08
8.189685662945109606e+08
8.215822622755964994e+08
8.242001292573543787e+08
8.268221672397874594e+08
8.294483762228938341e+08
8.320787562066755295e+08
8.347133071911290884e+08
8.373520291762561798e+08
8.399949221620587111e+08
8.426419861485344172e+08
8.452932211356840134e+08
8.479486271235052347e+08
8.506082041120017767e+08
8.532719521011734009e+08
8.559398710910166502e+08
8.586119610815341473e+08
8.612882220727261305e+08
8.639686540645904541e+08
8.666532570571309328e+08
8.693420310503426790e+08
8.720349760442293882e+08
8.747320920387896299e+08
8.774333790340237617e+08
8.801388370299309492e+08
8.828484660265130997e+08
8.855622660237675905e+08
8.882802370216966867e+08
8.910023790202994347e+08
8.937286920195758343e+08
8.964591760195271969e+08
8.991938310201503038e+08
9.019326570214483738e+08
9.046756540234190226e+08
9.074228220260643959e+08
9.101741610293830633e+08
9.129296710333760977e+08
9.156893520380426645e+08
9.184532040433831215e+08
9.212212270493963957e+08
9.239934210560843945e+08
9.267697860634454489e+08
9.295503220714797974e+08
9.323350290801885128e+08
9.351239070895706415e+08
9.379169560996276140e+08
9.407141761103572845e+08
9.435155671217619181e+08
9.463211291338391304e+08
9.491308621465893984e+08
9.519447661600166559e+08
9.547628411741138697e+08
9.575850871888873577e+08
9.604115042043322325e+08
9.632420922204523087e+08
9.660768512372462749e+08
9.689157812547138929e+08
9.717588822728556395e+08
9.746061542916707993e+08
9.774575973111588955e+08
9.803132113313206434e+08
9.831729963521568775e+08
9.860369523736675978e+08
9.889050793958511353e+08
9.917773774187082052e+08
9.946538464422396421e+08
9.975344864664441347e+08
1.000419297491323829e+09
1.003308279516875386e+09
1.006201432543101192e+09
1.009098756570001364e+09
1.012000251597575068e+09
1.014905917625823379e+09
1.017815754654742122e+09
1.020729762684338570e+09
1.023647941714605570e+09
1.026570291745548844e+09
1.029496812777164340e+09
1.032427504809454679e+09
1.035362367842417002e+09
1.038301401876054645e+09
1.041244606910366058e+09
1.044191982945349693e+09
1.047143529981008887e+09
1.050099248017341137e+09
1.053059137054348350e+09
1.056023197092027307e+09
1.058991428130380511e+09
1.061963830169408321e+09
1.064940403209107280e+09
1.067921147249483824e+09
1.070906062290531635e+09
1.073895148332254648e+09
1.076888405374650478e+09
1.079885833417721033e+09
1.082887432461463451e+09
1.085893202505879879e+09
1.088903143550970554e+09
1.091917255596735954e+09
1.094935538643174171e+09
1.097957992690286160e+09
1.100984617738071918e+09
1.104015413786531687e+09
1.107050380835664749e+09
1.110089518885472298e+09
1.113132827935953140e+09
1.116180307987107277e+09
1.119231959038935661e+09
1.122287781091437101e+09
1.125347774144613504e+09
1.128411938198462725e+09
1.131480273252985716e+09
1.134552779308182955e+09
1.137629456364053488e+09
1.140710304420598984e+09
1.143795323477816820e+09
1.146884513535709143e+09
1.149977874594273567e+09
1.153075406653513432e+09
1.156177109713426590e+09
1.159282983774013042e+09
1.162393028835273981e+09
1.165507244897208929e+09
1.168625631959816933e+09
1.171748190023098230e+09
1.174874919087054729e+09
1.178005819151684284e+09
1.181140890216987371e+09
1.184280132282962561e+09
1.187423545349615335e+09
1.190571129416938305e+09
1.193722884484936237e+09
1.196878810553608418e+09
1.200038907622953176e+09
1.203203175692974329e+09
1.206371614763665915e+09
1.209544224835034609e+09
1.212721005907074451e+09
1.215901957979787827e+09
1.219087081053176165e+09
1.222276375127236843e+09
1.225469840201972008e+09
1.228667476277383089e+09
1.231869283353465557e+09
1.235075261430222034e+09
1.238285410507653236e+09
1.241499730585756540e+09
1.244718221664534330e+09
1.247940883743985415e+09
1.251167716824112415e+09
1.254398720904910564e+09
1.257633895986382484e+09
1.260873242068529844e+09
1.264116759151351452e+09
1.267364447234845638e+09
1.270616306319013834e+09
1.273872336403855801e+09
1.277132537489369631e+09
1.280396909575560093e+09
1.283665452662421703e+09
1.286938166749959707e+09
1.290215051838170052e+09
1.293496107927052021e+09
1.296781335016609907e+09
1.300070733106840849e+09
1.303364302197746515e+09
1.306662042289327145e+09
1.309963953381579876e+09
1.313270035474507570e+09
1.316580288568105221e+09
1.319894712662380219e+09
1.323213307757328510e+09
1.326536073852949619e+09
1.329863010949244261e+09
1.333194119046214819e+09
1.336529398143856764e+09
1.339868848242172718e+09
1.343212469341161489e+09
1.346560261440826178e+09
1.349912224541163921e+09
1.353268358642175674e+09
1.356628663743860722e+09
1.359993139846220016e+09
1.363361786949252129e+09
1.366734605052958488e+09
1.370111594157339334e+09
1.373492754262394905e+09
1.376878085368121624e+09
1.380267587474521875e+09
1.383661260581594467e+09
1.387059104689345598e+09
1.390461119797769070e+09
1.393867305906864882e+09
1.397277663016635180e+09
1.400692191127078295e+09
1.404110890238196135e+09
1.407533760349987745e+09
1.410960801462452650e+09
1.414392013575591803e+09
1.417827396689405680e+09
1.421266950803889513e+09
1.424710675919052362e+09
1.428158572034884214e+09
1.431610639151390791e+09
1.435066877268572569e+09
1.438527286386427402e+09
1.441991866504956484e+09
1.445460617624159098e+09
1.448933539744036198e+09
1.452410632864585400e+09
1.455891896985808134e+09
1.459377332107705593e+09
1.462866938230278492e+09
1.466360715353522539e+09
1.469858663477441549e+09
1.473360782602033615e+09
1.476867072727299929e+09
1.480377533853240013e+09
1.483892165979851961e+09
1.487410969107141018e+09
1.490933943235100746e+09
1.494461088363734961e+09
1.497992404493045330e+09
1.501527891623028040e+09
1.505067549753682375e+09
1.508611378885011673e+09
1.512159379017017126e+09
1.515711550149693727e+09
1.519267892283046007e+09
1.522828405417067766e+09
1.526393089551768541e+09
1.529961944687140942e+09
1.533534970823186159e+09
1.537112167959907055e+09
1.540693536097299337e+09
1.544279075235365629e+09
1.547868785374109268e+09
1.551462666513523102e+09
1.555060718653608799e+09
1.558662941794374228e+09
1.562269335935809374e+09
1.565879901077919960e+09
1.569494637220704079e+09
1.573113544364158630e+09
1.576736622508289576e+09
1.580363871653094053e+09
1.583995291798572063e+09
1.587630882944725275e+09
1.591270645091551781e+09
1.594914578239051342e+09
1.598562682387222528e+09
1.602214957536071301e+09
1.605871403685592651e+09
1.609532020835786104e+09
1.613196808986653805e+09
1.616865768138195992e+09
1.620538898290412188e+09
1.624216199443303108e+09
1.627897671596865892e+09
1.631583314751101494e+09
1.635273128906013727e+09
1.638967114061599493e+09
1.642665270217857122e+09
1.646367597374788284e+09
1.650074095532393456e+09
1.653784764690671444e+09
1.657499604849625111e+09
1.661218616009254456e+09
1.664941798169553041e+09
1.668669151330527067e+09
1.672400675492176533e+09
1.676136370654499054e+09
1.679876236817493200e+09
1.683620273981163502e+09
1.687368482145508289e+09
1.691120861310523510e+09
1.694877411476212263e+09
1.698638132642577887e+09
1.702403024809615612e+09
1.706172087977329016e+09
1.709945322145713091e+09
1.713722727314773321e+09
1.717504303484504223e+09
1.721290050654913902e+09
1.725079968825993299e+09
1.728874057997746706e+09
1.732672318170176029e+09
1.736474749343278646e+09
1.740281351517053843e+09
1.744092124691503525e+09
1.747907068866627932e+09
1.751726184042421818e+09
1.755549470218892574e+09
1.759376927396039486e+09
1.763208555573854208e+09
1.767044354752347469e+09
1.770884324931511402e+09
1.774728466111352682e+09
1.778576778291865110e+09
1.782429261473052025e+09
1.786285915654912233e+09
1.790146740837448120e+09
1.794011737020655155e+09
1.797880904204535723e+09
1.801754242389091492e+09
1.805631751574322224e+09
1.809513431760222673e+09
1.813399282946799994e+09
1.817289305134049177e+09
1.821183498321974516e+09
1.825081862510572195e+09
1.828984397699842930e+09
1.832891103889789104e+09
1.836801981080408573e+09
1.840717029271702528e+09
1.844636248463666916e+09
1.848559638656308413e+09
1.852487199849623442e+09
1.856418932043608904e+09
1.860354835238270998e+09
1.864294909433608055e+09
1.868239154629616261e+09
1.872187570826297045e+09
1.876140158023653269e+09
1.880096916221685648e+09
1.884057845420388937e+09
1.888022945619766235e+09
1.891992216819819450e+09
1.895965659020542383e+09
1.899943272221941948e+09
1.903925056424015284e+09
1.907911011626761675e+09
1.911901137830181599e+09
1.915895435034276724e+09
1.919893903239042044e+09
1.923896542444484711e+09
1.927903352650599003e+09
1.931914333857386827e+09
1.935929486064851046e+09
1.939948809272987843e+09
1.943972303481796741e+09
1.947999968691279888e+09
1.952031804901437521e+09
1.956067812112270355e+09
1.960107990323776722e+09
1.964152339535954714e+09
1.968200859748805046e+09
1.972253550962332487e+09
1.976310413176531315e+09
1.980371446391407013e+09
1.984436650606952190e+09
1.988506025823175192e+09
1.992579572040069103e+09
1.996657289257638931e+09
2.000739177475882530e+09
2.004825236694796324e+09
2.008915466914386988e+09
2.013009868134651899e+09
2.017108440355590105e+09
2.021211183577201128e+09
2.025318097799485207e+09
2.029429183022444963e+09
2.033544439246075392e+09
2.037663866470384121e+09
2.041787464695361376e+09
2.045915233921015263e+09
2.050047174147343159e+09
2.054183285374345303e+09
2.058323567602021933e+09
2.062468020830368519e+09
2.066616645059391975e+09
2.070769440289084196e+09
2.074926406519454241e+09
2.079087543750499010e+09
2.083252851982217073e+09
2.087422331214608431e+09
2.091595981447670221e+09
2.095773802681410551e+09
2.099955794915822744e+09
2.104141958150908947e+09
2.108332292386668444e+09
2.112526797623104334e+09
2.116725473860211849e+09
2.120928321097990513e+09
2.125135339336446762e+09
2.129346528575575113e+09
2.133561888815375090e+09
2.137781420055852652e+09
2.142005122297002077e+09
2.146232995538824320e+09
2.150465039781323433e+09
2.154701255024494171e+09
2.158941641268338680e+09
2.163186198512857914e+09
2.167434926758048534e+09
2.171687826003913403e+09
2.175944896250453949e+09
2.180206137497669697e+09
2.184471549745553970e+09
2.188741132994115829e+09
2.193014887243351936e+09
2.197292812493258476e+09
2.201574908743840694e+09
2.205861175995096684e+09
2.210151614247026443e+09
2.214446223499629021e+09
2.218745003752906799e+09
2.223047955006855965e+09
2.227355077261486053e+09
2.231666370516781330e+09
2.235981834772752762e+09
2.240301470029397964e+09
2.244625276286717892e+09
2.248953253544710159e+09
2.253285401803378105e+09
2.257621721062717438e+09
2.261962211322733879e+09
2.266306872583419800e+09
2.270655704844786644e+09
2.275008708106819630e+09
2.279365882369527340e+09
2.283727227632911682e+09
2.288092743896965981e+09
2.292462431161697865e+09
2.296836289427104473e+09
2.301214318693183422e+09
2.305596518959932804e+09
2.309982890227358341e+09
2.314373432495459080e+09
2.318768145764233589e+09
2.323167030033675671e+09
2.327570085303800106e+09
2.331977311574594975e+09
2.336388708846062660e+09
2.340804277118203163e+09
2.345224016391020298e+09
2.349647926664508820e+09
2.354076007938671112e+09
2.358508260213507652e+09
2.362944683489019871e+09
2.367385277765202045e+09
2.371830043042061329e+09
2.376278979319591522e+09
2.380732086597798824e+09
2.385189364876679420e+09
2.389650814156229496e+09
2.394116434436455727e+09
2.398586225717358589e+09
2.403060187998932838e+09
2.407538321281179428e+09
2.412020625564101219e+09
2.416507100847695827e+09
2.420997747131966114e+09
2.425492564416906357e+09
2.429991552702524185e+09
2.434494711988817692e+09
2.439002042275781631e+09
2.443513543563416481e+09
2.448029215851731777e+09
2.452549059140714169e+09
2.457073073430372238e+09
2.461601258720706940e+09
2.466133615011714458e+09
2.470670142303395271e+09
2.475210840595746994e+09
2.479755709888775826e+09
2.484304750182476044e+09
2.488857961476851463e+09
2.493415343771904469e+09
2.497976897067624092e+09
2.502542621364018440e+09
2.507112516661092281e+09
2.511686582958837509e+09
2.516264820257250786e+09
2.520847228556345463e+09
2.525433807856111526e+09
2.530024558156547546e+09
2.534619479457662106e+09
2.539218571759449482e+09
2.543821835061907768e+09
2.548429269365043640e+09
2.553040874668854237e+09
2.557656650973330975e+09
2.562276598278488159e+09
2.566900716584312439e+09
2.571529005890817165e+09
2.576161466197991848e+09
2.580798097505846500e+09
2.585438899814366341e+09
2.590083873123565674e+09
2.594733017433438301e+09
2.599386332743984222e+09
2.604043819055201054e+09
2.608705476367093563e+09
2.613371304679662228e+09
2.618041303992897034e+09
2.622715474306814671e+09
2.627393815621401787e+09
2.632076327936662197e+09
2.636763011252601624e+09
2.641453865569205284e+09
2.646148890886488914e+09
2.650848087204443455e+09
2.655551454523076534e+09
2.660258992842378139e+09
2.664970702162358284e+09
2.669686582483009815e+09
2.674406633804333687e+09
2.679130856126333237e+09
2.683859249449001789e+09
2.688591813772349834e+09
2.693328549096371174e+09
2.698069455421061516e+09
2.702814532746432781e+09
2.707563781072472095e+09
2.712317200399184704e+09
2.717074790726574421e+09
2.721836552054637432e+09
2.726602484383373260e+09
2.731372587712787151e+09
2.736146862042871475e+09
2.740925307373624325e+09
2.745707923705053329e+09
2.750494711037159443e+09
2.755285669369940281e+09
2.760080798703394413e+09
2.764880099037519932e+09
2.769683570372317314e+09
2.774491212707794189e+09
2.779303026043943405e+09
2.784119010380759716e+09
2.788939165718256950e+09
2.793763492056421757e+09
2.798591989395265102e+09
2.803424657734779358e+09
2.808261497074969292e+09
2.813102507415831566e+09
2.817947688757372856e+09
2.822797041099582672e+09
2.827650564442468166e+09
2.832508258786027431e+09
2.837370124130259991e+09
2.842236160475163460e+09
2.847106367820744991e+09
2.851980746167000294e+09
2.856859295513923645e+09
2.861742015861524105e+09
2.866628907209801674e+09
2.871519969558750629e+09
2.876415202908365726e+09
2.881314607258666039e+09
2.886218182609637260e+09
2.891125928961277485e+09
2.896037846313594341e+09
2.900953934666588306e+09
2.905874194020252228e+09
2.910798624374595165e+09
2.915727225729601383e+09
2.920659998085286140e+09
2.925596941441649437e+09
2.930538055798682690e+09
2.935483341156386852e+09
2.940432797514765263e+09
2.945386424873822689e+09
2.950344223233550072e+09
2.955306192593951225e+09
2.960272332955030441e+09
2.965242644316777706e+09
2.970217126679202080e+09
2.975195780042294025e+09
2.980178604406069279e+09
2.985165599770514488e+09
2.990156766135631561e+09
2.995152103501425743e+09
3.000151611867890835e+09
3.005155291235032082e+09
3.010163141602845669e+09
3.015175162971332073e+09
3.020191355340488911e+09
3.025211718710326195e+09
3.030236253080830574e+09
3.035264958452013016e+09
3.040297834823870182e+09
3.045334882196397781e+09
3.050376100569601536e+09
3.055421489943478584e+09
3.060471050318030357e+09
3.065524781693251133e+09
3.070582684069150925e+09
3.075644757445723534e+09
3.080711001822970390e+09
3.085781417200888157e+09
3.090856003579481125e+09
3.095934760958749294e+09
3.101017689338690758e+09
3.106104788719305038e+09
3.111196059100589275e+09
3.116291500482551098e+09
3.121391112865190029e+09
3.126494896248495579e+09
3.131602850632480621e+09
3.136714976017139435e+09
3.141831272402473927e+09
3.146951739788470745e+09
3.152076378175148487e+09
3.157205187562498569e+09
3.162338167950527191e+09
3.167475319339223385e+09
3.172616641728597641e+09
3.177762135118643761e+09
3.182911799509365082e+09
3.188065634900759220e+09
3.193223641292827606e+09
3.198385818685571194e+09
3.203552167078983307e+09
3.208722686473077297e+09
3.213897376867833138e+09
3.219076238263272285e+09
3.224259270659383297e+09
3.229446474056165695e+09
3.234637848453628063e+09
3.239833393851756573e+09
3.245033110250560760e+09
3.250236997650041580e+09
3.255445056050192356e+09
3.260657285451019764e+09
3.265873685852519989e+09
3.271094257254694939e+09
3.276318999657543659e+09
3.281547913061060905e+09
3.286780997465257168e+09
3.292018252870125294e+09
3.297259679275669098e+09
3.302505276681887150e+09
3.307755045088778019e+09
3.313008984496342659e+09
3.318267094904577732e+09
3.323529376313485146e+09
3.328795828723073959e+09
3.334066452133331776e+09
3.339341246544264793e+09
3.344620211955871582e+09
3.349903348368151188e+09
3.355190655781107903e+09
3.360482134194735527e+09
3.365777783609038353e+09
3.371077604024013519e+09
3.376381595439657688e+09
3.381689757855982780e+09
3.387002091272976398e+09
3.392318595690647602e+09
3.397639271108990192e+09
3.402964117528011322e+09
3.408293134947699070e+09
3.413626323368065357e+09
3.418963682789109230e+09
3.424305213210820675e+09
3.429650914633202553e+09
3.435000787056261539e+09
3.440354830479997635e+09
3.445713044904406071e+09
3.451075430329482079e+09
3.456441986755240440e+09
3.461812714181667328e+09
3.467187612608769417e+09
3.472566682036549568e+09
3.477949922464996815e+09
3.483337333894124031e+09
3.488728916323915005e+09
3.494124669754390240e+09
3.499524594185532093e+09
3.504928689617351055e+09
3.510336956049846649e+09
3.515749393483016014e+09
3.521166001916853905e+09
3.526586781351363182e+09
3.532011731786553383e+09
3.537440853222413540e+09
3.542874145658944607e+09
3.548311609096157551e+09
3.553753243534034729e+09
3.559199048972597599e+09
3.564649025411827087e+09
3.570103172851725578e+09
3.575561491292306423e+09
3.581023980733554363e+09
3.586490641175481796e+09
3.591961472618083000e+09
3.597436475061353683e+09
3.602915648505300999e+09
3.608398992949913502e+09
3.613886508395212650e+09
3.619378194841178894e+09
3.624874052287819386e+09
3.630374080735137463e+09
3.635878280183122158e+09
3.641386650631792068e+09
3.646899192081119537e+09
3.652415904531128407e+09
3.657936787981812000e+09
3.663461842433172703e+09
3.668991067885203838e+09
3.674524464337904453e+09
3.680062031791289330e+09
3.685603770245337963e+09
3.691149679700061798e+09
3.696699760155461311e+09
3.702254011611536503e+09
3.707812434068281651e+09
3.713375027525702477e+09
3.718941791983797073e+09
3.724512727442566395e+09
3.730087833902009487e+09
3.735667111362125397e+09
3.741250559822912693e+09
3.746838179284373760e+09
3.752429969746515751e+09
3.758025931209322929e+09
3.763626063672806263e+09
3.769230367136968613e+09
3.774838841601797104e+09
3.780451487067303181e+09
3.786068303533485889e+09
3.791689291000337601e+09
3.797314449467864990e+09
3.802943778936063766e+09
3.808577279404940605e+09
3.814214950874489307e+09
3.819856793344712257e+09
3.825502806815606117e+09
3.831152991287170410e+09
3.836807346759416580e+09
3.842465873232335567e+09
3.848128570705924511e+09
3.853795439180189133e+09
3.859466478655132771e+09
3.865141689130741596e+09
3.870821070607020378e+09
3.876504623083986759e+09
3.882192346561615944e+09
3.887884241039923668e+09
3.893580306518903732e+09
3.899280542998561859e+09
3.904984950478885651e+09
3.910693528959889889e+09
3.916406278441565514e+09
3.922123198923913956e+09
3.927844290406938076e+09
3.933569552890633583e+09
3.939298986375005722e+09
3.945032590860045910e+09
3.950770366345766068e+09
3.956512312832157612e+09
3.962258430319223881e+09
3.968008718806964397e+09
3.973763178295374870e+09
3.979521808784459591e+09
3.985284610274222851e+09
3.991051582764655590e+09
3.996822726255765915e+09
4.002598040747545719e+09
4.008377526239999771e+09
4.014161182733125210e+09
4.019949010226932049e+09
4.025741008721408844e+09
4.031537178216561317e+09
4.037337518712384224e+09
4.043142030208885193e+09
4.048950712706050873e+09
4.054763566203899384e+09
4.060580590702418327e+09
4.066401786201613426e+09
4.072227152701475620e+09
4.078056690202016354e+09
4.083890398703229904e+09
4.089728278205122471e+09
4.095570328707682610e+09
4.101416550210917473e+09
4.107266942714824200e+09
4.113121506219408989e+09
4.118980240724663734e+09
4.124843146230593204e+09
4.130710222737198353e+09
4.136581470244474411e+09
4.142456888752428055e+09
4.148336478261050224e+09
4.154220238770354748e+09
4.160108170280324459e+09
4.166000272790965080e+09
4.171896546302289009e+09
4.177796990814285755e+09
4.183701606326951981e+09
4.189610392840294361e+09
4.195523350354308128e+09
4.201440478868995667e+09
4.207361778384357929e+09
4.213287248900390625e+09
4.219216890417108536e+09
4.225150702934488773e+09
4.231088686452542305e+09
4.237030840971278191e+09
4.242977166490684032e+09
4.248927663010762215e+09
4.254882330531518936e+09
4.260841169052938461e+09
4.266804178575043201e+09
4.272771359097812653e+09
4.278742710621261597e+09
4.284718233145385265e+09
4.290697926670177937e+09
4.296681791195646286e+09
4.302669826721787453e+09
4.308662033248604774e+09
4.314658410776098251e+09
4.320658959304260254e+09
4.326663678833099365e+09
4.332672569362607956e+09
4.338685630892792702e+09
4.344702863423654556e+09
4.350724266955187798e+09
4.356749841487388611e+09
4.362779587020269394e+09
4.368813503553825378e+09
4.374851591088053703e+09
4.380893849622955322e+09
4.386940279158530235e+09
4.392990879694778442e+09
4.399045651231697083e+09
4.405104593769292831e+09
4.411167707307563782e+09
4.417234991846501350e+09
4.423306447386128426e+09
4.429382073926415443e+09
4.435461871467375755e+09
4.441545840009018898e+09
4.447633979551332474e+09
4.453726290094314575e+09
4.459822771637977600e+09
4.465923424182312965e+09
4.472028247727317810e+09
4.478137242272998810e+09
4.484250407819352150e+09
4.490367744366382599e+09
4.496489251914084435e+09
4.502614930462461472e+09
4.508744780011508942e+09
4.514878800561232567e+09
4.521016992111632347e+09
4.527159354662700653e+09
4.533305888214446068e+09
4.539456592766863823e+09
4.545611468319956779e+09
4.551770514873723030e+09
4.557933732428158760e+09
4.564101120983273506e+09
4.570272680539063454e+09
4.576448411095523834e+09
4.582628312652655602e+09
4.588812385210468292e+09
4.595000628768949509e+09
4.601193043328108788e+09
4.607389628887935638e+09
4.613590385448436737e+09
4.619795313009612083e+09
4.626004411571460724e+09
4.632217681133991241e+09
4.638435121697183609e+09
4.644656733261060715e+09
4.650882515825605392e+09
4.657112469390822411e+09
4.663346593956719398e+09
4.669584889523281097e+09
4.675827356090523720e+09
4.682073993658439636e+09
4.688324802227028847e+09
4.694579781796287537e+09
4.700838932366220474e+09
4.707102253936831474e+09
4.713369746508122444e+09
4.719641410080076218e+09
4.725917244652707100e+09
4.732197250226006508e+09
4.738481426799986839e+09
4.744769774374641418e+09
4.751062292949968338e+09
4.757358982525966644e+09
4.763659843102641106e+09
4.769964874679986000e+09
4.776274077258008957e+09
4.782587450836699486e+09
4.788904995416065216e+09
4.795226710996109962e+09
4.801552597576826096e+09
4.807882655158218384e+09
4.814216883740277290e+09
4.820555283323016167e+09
4.826897853906428337e+09
4.833244595490509033e+09
4.839595508075267792e+09
4.845950591660699844e+09
4.852309846246802330e+09
4.858673271833585739e+09
4.865040868421037674e+09
4.871412636009159088e+09
4.877788574597962379e+09
4.884168684187432289e+09
4.890552964777583122e+09
4.896941416368408203e+09
4.903334038959902763e+09
4.909730832552071571e+09
4.916131797144916534e+09
4.922536932738434792e+09
4.928946239332620621e+09
4.935359716927484512e+09
4.941777365523026466e+09
4.948199185119232178e+09
4.954625175716123581e+09
4.961055337313682556e+09
4.967489669911909103e+09
4.973928173510816574e+09
4.980370848110395432e+09
4.986817693710650444e+09
4.993268710311582565e+09
4.999723897913184166e+09
5.006183256515458107e+09
5.012646786118405342e+09
5.019114486722028732e+09
5.025586358326326370e+09
5.032062400931297302e+09
5.038542614536940575e+09
5.045026999143260956e+09
5.051515554750254631e+09
5.058008281357917786e+09
5.064505178966256142e+09
5.071006247575271606e+09
5.077511487184950829e+09
5.084020897795318604e+09
5.090534479406345367e+09
5.097052232018052101e+09
5.103574155630440712e+09
5.110100250243487358e+09
5.116630515857216835e+09
5.123164952471626282e+09
5.129703560086702347e+09
5.136246338702448845e+09
5.142793288318868637e+09
5.149344408935971260e+09
5.155899700553742409e+09
5.162459163172181129e+09
5.169022796791308403e+09
5.175590601411102295e+09
5.182162577031564713e+09
5.188738723652703285e+09
5.195319041274519920e+09
5.201903529897003174e+09
5.208492189520159721e+09
5.215085020144000053e+09
5.221682021768512726e+09
5.228283194393695831e+09
5.234888538019544601e+09
5.241498052646080017e+09
5.248111738273283958e+09
5.254729594901158333e+09
5.261351622529712677e+09
5.267977821158929825e+09
5.274608190788834572e+09
5.281242731419400215e+09
5.287881443050651550e+09
5.294524325682574272e+09
5.301171379315167427e+09
5.307822603948430061e+09
5.314477999582373619e+09
5.321137566216991425e+09
5.327801303852275848e+09
5.334469212488241196e+09
5.341141292124878883e+09
5.347817542762187958e+09
5.354497964400168419e+09
5.361182557038830757e+09
5.367871320678163528e+09
5.374564255318168640e+09
5.381261360958841324e+09
5.387962637600194931e+09
5.394668085242221832e+09
5.401377703884924889e+09
5.408091493528293610e+09
5.414809454172334671e+09
5.421531585817066193e+09
5.428257888462454796e+09
5.434988362108522415e+09
5.441723006755272865e+09
5.448461822402687073e+09
5.455204809050771713e+09
5.461951966699533463e+09
5.468703295348975182e+09
5.475458794999083519e+09
5.482218465649875641e+09
5.488982307301325798e+09
5.495750319953463554e+09
5.502522503606266975e+09
5.509298858259742737e+09
5.516079383913906097e+09
5.522864080568726540e+09
5.529652948224225998e+09
5.536445986880390167e+09
5.543243196537248611e+09
5.550044577194779396e+09
5.556850128852971077e+09
5.563659851511837959e+09
5.570473745171384811e+09
5.577291809831596375e+09
5.584114045492485046e+09
5.590940452154055595e+09
5.597771029816290855e+09
5.604605778479203224e+09
5.611444698142786026e+09
5.618287788807043076e+09
5.625135050471983910e+09
5.631986483137591362e+09
5.638842086803871155e+09
5.645701861470828056e+09
5.652565807138446808e+09
5.659433923806756020e+09
5.666306211475730896e+09
5.673182670145380020e+09
5.680063299815701485e+09
5.686948100486697197e+09
5.693837072158371925e+09
5.700730214830718994e+09
5.707627528503726959e+09
5.714529013177428246e+09
5.721434668851791382e+09
5.728344495526829720e+09
5.735258493202547073e+09
5.742176661878923416e+09
5.749099001555984497e+09
5.756025512233721733e+09
5.762956193912133217e+09
5.769891046591212273e+09
5.776830070270972252e+09
5.783773264951395988e+09
5.790720630632505417e+09
5.797672167314274788e+09
5.804627874996728897e+09
5.811587753679848671e+09
5.818551803363653183e+09
5.825520024048122406e+09
5.832492415733272552e+09
5.839468978419093132e+09
5.846449712105584145e+09
5.853434616792748451e+09
5.860423692480590820e+09
5.867416939169100761e+09
5.874414356858291626e+09
5.881415945548147202e+09
5.888421705238685608e+09
5.895431635929899216e+09
5.902445737621776581e+09
5.909464010314347267e+09
5.916486454007573128e+09
5.923513068701473236e+09
5.930543854396046638e+09
5.937578811091295242e+09
5.944617938787224770e+09
5.951661237483822823e+09
5.958708707181103706e+09
5.965760347879049301e+09
5.972816159577656746e+09
5.979876142276958466e+09
5.986940295976929665e+09
5.994008620677568436e+09
6.001081116378879547e+09
6.008157783080876350e+09
6.015238620783537865e+09
6.022323629486873627e+09
6.029412809190885544e+09
6.036506159895567894e+09
6.043603681600926399e+09
6.050705374306955338e+09
6.057811238013661385e+09
6.064921272721038818e+09
6.072035478429095268e+09
6.079153855137821198e+09
6.086276402847228050e+09
6.093403121557309151e+09
6.100534011268035889e+09
6.107669071979462624e+09
6.114808303691563606e+09
6.121951706404326439e+09
6.129099280117774963e+09
6.136251024831892014e+09
6.143406940546687126e+09
6.150567027262134552e+09
6.157731284978281975e+09
6.164899713695083618e+09
6.172072313412581444e+09
6.179249084130733490e+09
6.186430025849566460e+09
6.193615138569070816e+09
6.200804422289249420e+09
6.207997877010101318e+09
6.215195502731631279e+09
6.222397299453842163e+09
6.229603267176710129e+09
6.236813405900256157e+09
6.244027715624478340e+09
6.251246196349373817e+09
6.258468848074942589e+09
6.265695670801198959e+09
6.272926664528104782e+09
6.280161829255694389e+09
6.287401164983964920e+09
6.294644671712900162e+09
6.301892349442519188e+09
6.309144198172799110e+09
6.316400217903763771e+09
6.323660408635393143e+09
6.330924770367701530e+09
6.338193303100687027e+09
6.345466006834338188e+09
6.352742881568672180e+09
6.360023927303665161e+09
6.367309144039349556e+09
6.374598531775695801e+09
6.381892090512714386e+09
6.389189820250421524e+09
6.396491720988786697e+09
6.403797792727840424e+09
6.411108035467554092e+09
6.418422449207943916e+09
6.425741033949008942e+09
6.433063789690749168e+09
6.440390716433164597e+09
6.447721814176243782e+09
6.455057082920018196e+09
6.462396522664447784e+09
6.469740133409554482e+09
6.477087915155337334e+09
6.484439867901793480e+09
6.491795991648927689e+09
6.499156286396726608e+09
6.506520752145195007e+09
6.513889388894352913e+09
6.521262196644183159e+09
6.528639175394679070e+09
6.536020325145852089e+09
6.543405645897698402e+09
6.550795137650214195e+09
6.558188800403413773e+09
6.565586634157270432e+09
6.572988638911824226e+09
6.580394814667034149e+09
6.587805161422918320e+09
6.595219679179479599e+09
6.602638367936713219e+09
6.610061227694629669e+09
6.617488258453218460e+09
6.624919460212468147e+09
6.632354832972393990e+09
6.639794376732999802e+09
6.647238091494280815e+09
6.654685977256234169e+09
6.662138034018854141e+09
6.669594261782160759e+09
6.677054660546132088e+09
6.684519230310776711e+09
6.691987971076096535e+09
6.699460882842101097e+09
6.706937965608764648e+09
6.714419219376107216e+09
6.721904644144120216e+09
6.729394239912810326e+09
6.736888006682171822e+09
6.744385944452210426e+09
6.751888053222927094e+09
6.759394332994301796e+09
6.766904783766369820e+09
6.774419405539089203e+09
6.781938198312495232e+09
6.789461162086582184e+09
6.796988296861327171e+09
6.804519602636767387e+09
6.812055079412860870e+09
6.819594727189630508e+09
6.827138545967083931e+09
6.834686535745205879e+09
6.842238696524004936e+09
6.849795028303472519e+09
6.857355531083618164e+09
6.864920204864430428e+09
6.872489049645931244e+09
6.880062065428085327e+09
6.887639252210916519e+09
6.895220609994423866e+09
6.902806138778623581e+09
6.910395838563475609e+09
6.917989709349016190e+09
6.925587751135219574e+09
6.933189963922096252e+09
6.940796347709650993e+09
6.948406902497881889e+09
6.956021628286794662e+09
6.963640525076352119e+09
6.971263592866614342e+09
6.978890831657527924e+09
6.986522241449126244e+09
6.994157822241394997e+09
7.001797574034343719e+09
7.009441496827959061e+09
7.017089590622241974e+09
7.024741855417218208e+09
7.032398291212855339e+09
7.040058898009166718e+09
7.047723675806157112e+09
7.055392624603821754e+09
7.063065744402151108e+09
7.070743035201157570e+09
7.078424497000844002e+09
7.086110129801199913e+09
7.093799933602222443e+09
7.101493908403925896e+09
7.109192054206304550e+09
7.116894371009360313e+09
7.124600858813076019e+09
7.132311517617480278e+09
7.140026347422549248e+09
7.147745348228297234e+09
7.155468520034716606e+09
7.163195862841803551e+09
7.170927376649573326e+09
7.178663061458010674e+09
7.186402917267127991e+09
7.194146944076918602e+09
7.201895141887370110e+09
7.209647510698502541e+09
7.217404050510315895e+09
7.225164761322803497e+09
7.232929643135957718e+09
7.240698695949795723e+09
7.248471919764296532e+09
7.256249314579466820e+09
7.264030880395318031e+09
7.271816617211845398e+09
7.279606525029050827e+09
7.287400603846922874e+09
7.295198853665465355e+09
7.303001274484684944e+09
7.310807866304575920e+09
7.318618629125138283e+09
7.326433562946389198e+09
7.334252667768297195e+09
7.342075943590893745e+09
7.349903390414150238e+09
7.357735008238100052e+09
7.365570797062700272e+09
7.373410756887986183e+09
7.381254887713942528e+09
7.389103189540574074e+09
7.396955662367879868e+09
7.404812306195844650e+09
7.412673121024515152e+09
7.420538106853833199e+09
7.428407263683842659e+09
7.436280591514498711e+09
7.444158090345852852e+09
7.452039760177876472e+09
7.459925601010575294e+09
7.467815612843943596e+09
7.475709795677978516e+09
7.483608149512700081e+09
7.491510674348093033e+09
7.499417370184148788e+09
7.507328237020890236e+09
7.515243274858306885e+09
7.523162483696384430e+09
7.531085863535142899e+09
7.539013414374572754e+09
7.546945136214681625e+09
7.554881029055467606e+09
7.562821092896919250e+09
7.570765327739042282e+09
7.578713733581839561e+09
7.586666310425316811e+09
7.594623058269471169e+09
7.602583977114287376e+09
7.610549066959796906e+09
7.618518327805960655e+09
7.626491759652800560e+09
7.634469362500311852e+09
7.642451136348508835e+09
7.650437081197372437e+09
7.658427197046907425e+09
7.666421483897130013e+09
7.674419941748009682e+09
7.682422570599566460e+09
7.690429370451806068e+09
7.698440341304709435e+09
7.706455483158286095e+09
7.714474796012538910e+09
7.722498279867472649e+09
7.730525934723079681e+09
7.738557760579363823e+09
7.746593757436298370e+09
7.754633925293922424e+09
7.762678264152220726e+09
7.770726774011201859e+09
7.778779454870841026e+09
7.786836306731153488e+09
7.794897329592145920e+09
7.802962523453814507e+09
7.811031888316155434e+09
7.819105424179169655e+09
7.827183131042859077e+09
7.835265008907217026e+09
7.843351057772252083e+09
7.851441277637950897e+09
7.859535668504349709e+09
7.867634230371391296e+09
7.875736963239118576e+09
7.883843867107530594e+09
7.891954941976599693e+09
7.900070187846356392e+09
7.908189604716784477e+09
7.916313192587881088e+09
7.924440951459663391e+09
7.932572881332096100e+09
7.940708982205211639e+09
7.948849254079016685e+09
7.956993696953474998e+09
7.965142310828614235e+09
7.973295095704427719e+09
7.981452051580923080e+09
7.989613178458085060e+09
7.997778476335916519e+09
8.005947945214433670e+09
8.014121585093612671e+09
8.022299395973465919e+09
8.030481377853993416e+09
8.038667530735200882e+09
8.046857854617069244e+09
8.055052349499629021e+09
