3.718810000000000000e+06
3.586342896357974503e+06
3.467519822484591976e+06
3.362340778379860800e+06
3.270805764043768868e+06
3.192914779476323165e+06
3.128667824677519035e+06
3.078064899647362530e+06
3.041106004385849461e+06
3.017791138892985880e+06
3.008120303168757353e+06
3.012093497213178314e+06
3.029710721026248764e+06
3.060971974607957527e+06
3.105877257958314382e+06
3.164426571077312343e+06
3.236619913964955602e+06
3.322457286621247418e+06
3.421938689046183601e+06
3.535064121239756234e+06
3.661833583201983478e+06
3.802247074932848103e+06
3.956304596432362683e+06
4.124006147700518835e+06
4.305351728737326339e+06
4.500341339542767033e+06
4.708974980116857216e+06
4.931252650459599681e+06
5.167174350570973940e+06
5.416740080451007932e+06
5.679949840099668130e+06
5.956803629516986199e+06
6.247301448702951893e+06
6.551443297657547519e+06
6.869229176380792633e+06
7.200659084872693755e+06
7.545733023133225739e+06
7.904450991162417457e+06
8.276812988960240968e+06
8.662819016526710242e+06
9.062469073861813173e+06
9.475763160965599120e+06
9.902701277837982401e+06
1.034328342447905242e+07
1.079750960088874772e+07
1.126537980706707016e+07
1.174689404301407933e+07
1.224205230872970447e+07
1.275085460421396606e+07
1.327330092946688645e+07
1.380939128448845074e+07
1.435912566927866079e+07
1.492250408383751288e+07
1.549952652816499956e+07
1.609019300226113945e+07
1.669450350612593628e+07
1.731245803975939006e+07
1.794405660316146910e+07
1.858929919633218274e+07
1.924818581927150488e+07
1.992071647197957337e+07
2.060689115445618704e+07
2.130670986670153588e+07
2.202017260871542245e+07
2.274727938049802184e+07
2.348803018204926699e+07
2.424242501336915046e+07
2.501046387445767969e+07
2.579214676531483978e+07
2.658747368594062701e+07
2.739644463633507863e+07
2.821905961649818346e+07
2.905531862642993778e+07
2.990522166613033786e+07
3.076876873559935391e+07
3.164595983483707160e+07
3.253679496384336054e+07
3.344127412261833251e+07
3.435939731116193533e+07
3.529116452947419882e+07
3.623657577755510807e+07
3.719563105540462583e+07
3.816833036302286386e+07
3.915467370040968806e+07
4.015466106756519526e+07
4.116829246448922157e+07
4.219556789118206501e+07
4.323648734764348716e+07
4.429105083387355506e+07
4.535925834987226874e+07
4.644110989563955367e+07
4.753660547117552906e+07
4.864574507648022473e+07
4.976852871155349165e+07
5.090495637639546394e+07
5.205502807100604475e+07
5.321874379538521171e+07
5.439610354953312129e+07
5.558710733344960213e+07
5.679175514713466913e+07
5.801004699058853090e+07
5.924198286381099373e+07
6.048756276680207253e+07
6.174678669956188649e+07
6.301965466209018230e+07
6.430616665438721329e+07
6.560632267645288259e+07
6.692012272828718275e+07
6.824756680989016593e+07
6.958865492126172781e+07
7.094338706240199506e+07
7.231176323331089318e+07
7.369378343398836255e+07
7.508944766443458200e+07
7.649875592464944720e+07
7.792170821463291347e+07
7.935830453438501060e+07
8.080854488390573859e+07
8.227242926319506764e+07
8.374995767225317657e+07
8.524113011107981205e+07
8.674594657967518270e+07
8.826440707803921402e+07
8.979651160617181659e+07
9.134226016407299042e+07
9.290165275174294412e+07
9.447468936918154359e+07
9.606137001638869941e+07
9.766169469336465001e+07
9.927566340010909736e+07
1.009032761366222799e+08
1.025445329029040486e+08
1.041994336989543289e+08
1.058679785247734189e+08
1.075501673803612590e+08
1.092460002657174915e+08
1.109554771808425039e+08
1.126785981257362813e+08
1.144153631003985554e+08
1.161657721048294008e+08
1.179298251390288770e+08
1.197075222029972374e+08
1.214988632967338860e+08
1.233038484202395231e+08
1.251224775735137165e+08
1.269547507565565258e+08
1.288006679693680108e+08
1.306602292119481713e+08
1.325334344842969775e+08
1.344202837864143550e+08
1.363207771183002591e+08
1.382349144799548090e+08
1.401626958713784814e+08
1.421041212925703526e+08
1.440591907435309589e+08
1.460279042242601514e+08
1.480102617347580791e+08
1.500062632750245929e+08
1.520159088450597227e+08
1.540391984448635280e+08
1.560761320744360089e+08
1.581267097337772846e+08
1.601909314228869081e+08
1.622687971417651474e+08
1.643603068904123604e+08
1.664654606688281000e+08
1.685842584770126939e+08
1.707167003149652481e+08
1.728627861826870441e+08
1.750225160801774561e+08
1.771958900074361861e+08
1.793829079644636810e+08
1.815835699512601197e+08
1.837978759678248763e+08
1.860258260141583979e+08
1.882674200902606547e+08
1.905226581961313188e+08
1.927915403317708075e+08
1.950740664971788824e+08
1.973702366923556328e+08
1.996800509173008800e+08
2.020035091720148027e+08
2.043406114564975202e+08
2.066913577707490921e+08
2.090557481147687733e+08
2.114337824885576069e+08
2.138254608921147883e+08
2.162307833254404962e+08
2.186497497885348797e+08
2.210823602813981175e+08
2.235286148040303290e+08
2.259885133564302921e+08
2.284620559386000335e+08
2.309492425505373776e+08
2.334500731922436953e+08
2.359645478637186289e+08
2.384926665649627745e+08
2.410344292959745824e+08
2.435898360567558110e+08
2.461588868473054171e+08
