1.876255500000000000e+06
1.875344410363330506e+06
1.874433783108949661e+06
1.873523618236854440e+06
1.872613915747047635e+06
1.871704675639527384e+06
1.870795897914294386e+06
1.869887582571352599e+06
1.868979729610696435e+06
1.868072339032325894e+06
1.867165410836241907e+06
1.866258945022448897e+06
1.865352941590938950e+06
1.864447400541721610e+06
1.863542321874790592e+06
1.862637705590144964e+06
1.861733551687787287e+06
1.860829860167716397e+06
1.859926631029933924e+06
1.859023864274435909e+06
1.858121559901232831e+06
1.857219717910311650e+06
1.856318338301677490e+06
1.855417421075332444e+06
1.854516966231276281e+06
1.853616973769505508e+06
1.852717443690022919e+06
1.851818375992826419e+06
1.850919770677918801e+06
1.850021627745297970e+06
1.849123947194964858e+06
1.848226729026919231e+06
1.847329973241160391e+06
1.846433679837691132e+06
1.845537848816507263e+06
1.844642480177608551e+06
1.843747573921000818e+06
1.842853130046679638e+06
1.841959148554648040e+06
1.841065629444902064e+06
1.840172572717444040e+06
1.839279978372269543e+06
1.838387846409385558e+06
1.837496176828789758e+06
1.836604969630482839e+06
1.835714224814458750e+06
1.834823942380726570e+06
1.833934122329278616e+06
1.833044764660121640e+06
1.832155869373248192e+06
1.831267436468664790e+06
1.830379465946367942e+06
1.829491957806357881e+06
1.828604912048636703e+06
1.827718328673201147e+06
1.826832207680054940e+06
1.825946549069195054e+06
1.825061352840623818e+06
1.824176618994337274e+06
1.823292347530339612e+06
1.822408538448630134e+06
1.821525191749208141e+06
1.820642307432071771e+06
1.819759885497226380e+06
1.818877925944664981e+06
1.817996428774394561e+06
1.817115393986407900e+06
1.816234821580710821e+06
1.815354711557301693e+06
1.814475063916176558e+06
1.813595878657342168e+06
1.812717155780793866e+06
1.811838895286531420e+06
1.810961097174559953e+06
1.810083761444874108e+06
1.809206888097477611e+06
1.808330477132366272e+06
1.807454528549541952e+06
1.806579042349006049e+06
1.805704018530759728e+06
1.804829457094799262e+06
1.803955358041122556e+06
1.803081721369739855e+06
1.802208547080640681e+06
1.801335835173829226e+06
1.800463585649305256e+06
1.799591798507068539e+06
1.798720473747120937e+06
1.797849611369459424e+06
1.796979211374083068e+06
1.796109273760999786e+06
1.795239798530199798e+06
1.794370785681690089e+06
1.793502235215463908e+06
1.792634147131527541e+06
1.791766521429878194e+06
1.790899358110518195e+06
1.790032657173441723e+06
1.789166418618656462e+06
1.788300642446156358e+06
1.787435328655942576e+06
1.786570477248018375e+06
1.785706088222381193e+06
1.784842161579032894e+06
1.783978697317970684e+06
1.783115695439197123e+06
1.782253155942707323e+06
1.781391078828509664e+06
1.780529464096596697e+06
1.779668311746970983e+06
1.778807621779634152e+06
1.777947394194585970e+06
1.777087628991821315e+06
1.776228326171345310e+06
1.775369485733158886e+06
1.774511107677258551e+06
1.773653192003645236e+06
1.772795738712320337e+06
1.771938747803279897e+06
1.771082219276531599e+06
1.770226153132068226e+06
1.769370549369891174e+06
1.768515407990005100e+06
1.767660728992406512e+06
1.766806512377090519e+06
1.765952758144064108e+06
1.765099466293326579e+06
1.764246636824877933e+06
1.763394269738712115e+06
1.762542365034835879e+06
1.761690922713245964e+06
1.760839942773946095e+06
1.759989425216933247e+06
1.759139370042206487e+06
1.758289777249765117e+06
1.757440646839617053e+06
1.756591978811752284e+06
1.755743773166176397e+06
1.754896029902887763e+06
1.754048749021883123e+06
1.753201930523170624e+06
1.752355574406745145e+06
1.751509680672605755e+06
1.750664249320755247e+06
1.749819280351187102e+06
1.748974773763911333e+06
1.748130729558924213e+06
1.747287147736219922e+06
1.746444028295806609e+06
1.745601371237680782e+06
1.744759176561841043e+06
1.743917444268287392e+06
1.743076174357025186e+06
1.742235366828045808e+06
1.741395021681356244e+06
1.740555138916953234e+06
1.739715718534837943e+06
1.738876760535010835e+06
1.738038264917470748e+06
1.737200231682217214e+06
1.736362660829254193e+06
1.735525552358575864e+06
1.734688906270182459e+06
1.733852722564082360e+06
1.733017001240266720e+06
1.732181742298739497e+06
1.731346945739498362e+06
1.730512611562543549e+06
1.729678739767879713e+06
1.728845330355500570e+06
1.728012383325410308e+06
1.727179898677607300e+06
1.726347876412092242e+06
1.725516316528863972e+06
1.724685219027922256e+06
1.723854583909267560e+06
1.723024411172902910e+06
1.722194700818824116e+06
1.721365452847032109e+06
1.720536667257528752e+06
1.719708344050312182e+06
1.718880483225384261e+06
1.718053084782741964e+06
1.717226148722387617e+06
1.716399675044323318e+06
1.715573663748542545e+06
1.714748114835051121e+06
1.713923028303846950e+06
1.713098404154930031e+06
1.712274242388301995e+06
1.711450543003962142e+06
1.710627306001904188e+06
1.709804531382137677e+06
1.708982219144659815e+06
1.708160369289467111e+06
1.707338981816561427e+06
1.706518056725945557e+06
1.705697594017615542e+06
1.704877593691573245e+06
1.704058055747819133e+06
1.703238980186352041e+06
1.702420367007171037e+06
1.701602216210277984e+06
1.700784527795674512e+06
1.699967301763356430e+06
1.699150538113326998e+06
1.698334236845584353e+06
1.697518397960128263e+06
1.696703021456961986e+06
1.695888107336080167e+06
1.695073655597487232e+06
1.694259666241181083e+06
1.693446139267164748e+06
1.692633074675433338e+06
1.691820472465989878e+06
1.691008332638835302e+06
1.690196655193967978e+06
1.689385440131386044e+06
1.688574687451092759e+06
1.687764397153087426e+06
1.686954569237368414e+06
1.686145203703936655e+06
1.685336300552795408e+06
1.684527859783938155e+06
1.683719881397369551e+06
1.682912365393088665e+06
1.682105311771095963e+06
1.681298720531388884e+06
1.680492591673967894e+06
1.679686925198838580e+06
1.678881721105994890e+06
1.678076979395436356e+06
1.677272700067169731e+06
1.676468883121187100e+06
1.675665528557492187e+06
1.674862636376087321e+06
1.674060206576967612e+06
1.673258239160134923e+06
1.672456734125590418e+06
1.671655691473333864e+06
1.670855111203364097e+06
1.670054993315681349e+06
1.669255337810288416e+06
1.668456144687181804e+06
1.667657413946360117e+06
1.666859145587829873e+06
1.666061339611581294e+06
1.665263996017624857e+06
1.664467114805955905e+06
1.663670695976574672e+06
1.662874739529479295e+06
1.662079245464670938e+06
1.661284213782152394e+06
1.660489644481917610e+06
1.659695537563973106e+06
1.658901893028315855e+06
1.658108710874943994e+06
1.657315991103862412e+06
1.656523733715067618e+06
1.655731938708560541e+06
1.654940606084339321e+06
1.654149735842405818e+06
1.653359327982760733e+06
1.652569382505403133e+06
1.651779899410331855e+06
1.650990878697546199e+06
1.650202320367052453e+06
1.649414224418845028e+06
1.648626590852921130e+06
1.647839419669290073e+06
1.647052710867943708e+06
1.646266464448882733e+06
1.645480680412113201e+06
1.644695358757629525e+06
1.643910499485432636e+06
1.643126102595525328e+06
1.642342168087902945e+06
1.641558695962569444e+06
1.640775686219521798e+06
1.639993138858763734e+06
1.639211053880289663e+06
1.638429431284107035e+06
1.637648271070211194e+06
1.636867573238599580e+06
1.636087337789279874e+06
1.635307564722244162e+06
1.634528254037497099e+06
1.633749405735036591e+06
1.632971019814867293e+06
1.632193096276981989e+06
1.631415635121384868e+06
1.630638636348073836e+06
1.629862099957051221e+06
1.629086025948318420e+06
1.628310414321867749e+06
1.627535265077710617e+06
1.626760578215838876e+06
1.625986353736251825e+06
1.625212591638955288e+06
1.624439291923945304e+06
1.623666454591222573e+06
1.622894079640788026e+06
1.622122167072641663e+06
1.621350716886778362e+06
1.620579729083204875e+06
1.619809203661920270e+06
1.619039140622923616e+06
1.618269539966212120e+06
1.617500401691789273e+06
1.616731725799654610e+06
1.615963512289805803e+06
1.615195761162243551e+06
1.614428472416970180e+06
1.613661646053985925e+06
1.612895282073286828e+06
1.612129380474876380e+06
1.611363941258754116e+06
1.610598964424916310e+06
1.609834449973369017e+06
1.609070397904107347e+06
1.608306808217133395e+06
1.607543680912444834e+06
1.606781015990047483e+06
1.606018813449934823e+06
1.605257073292111512e+06
1.604495795516575687e+06
1.603734980123328511e+06
1.602974627112365561e+06
1.602214736483690795e+06
1.601455308237303747e+06
1.600696342373205349e+06
1.599937838891391410e+06
1.599179797791867517e+06
1.598422219074631343e+06
1.597665102739681490e+06
1.596908448787021451e+06
1.596152257216645405e+06
1.595396528028557776e+06
1.594641261222758563e+06
1.593886456799247302e+06
1.593132114758021897e+06
1.592378235099082347e+06
1.591624817822433310e+06
1.590871862928070594e+06
1.590119370415996062e+06
1.589367340286207851e+06
1.588615772538708057e+06
1.587864667173496215e+06
1.587114024190571392e+06
1.586363843589933589e+06
1.585614125371582108e+06
1.584864869535518112e+06
1.584116076081744861e+06
1.583367745010255137e+06
1.582619876321055461e+06
1.581872470014141640e+06
1.581125526089517632e+06
1.580379044547179714e+06
1.579633025387127651e+06
1.578887468609364703e+06
1.578142374213888543e+06
1.577397742200698238e+06
1.576653572569797048e+06
1.575909865321183577e+06
1.575166620454859687e+06
1.574423837970820488e+06
1.573681517869069939e+06
1.572939660149604082e+06
1.572198264812429436e+06
1.571457331857540412e+06
1.570716861284937942e+06
1.569976853094623424e+06
1.569237307286597323e+06
1.568498223860857543e+06
1.567759602817407576e+06
1.567021444156243932e+06
1.566283747877367539e+06
1.565546513980776304e+06
1.564809742466475582e+06
1.564073433334460016e+06
1.563337586584733799e+06
1.562602202217293205e+06
1.561867280232142191e+06
1.561132820629276568e+06
1.560398823408700759e+06
1.559665288570408942e+06
1.558932216114406940e+06
1.558199606040693587e+06
1.557467458349264693e+06
1.556735773040125612e+06
1.556004550113273552e+06
1.555273789568707580e+06
1.554543491406430025e+06
1.553813655626440654e+06
1.553084282228735974e+06
1.552355371213322273e+06
1.551626922580194892e+06
1.550898936329352669e+06
1.550171412460800493e+06
1.549444350974536035e+06
1.548717751870557200e+06
1.547991615148867015e+06
1.547265940809463384e+06
1.546540728852348635e+06
1.545815979277519742e+06
1.545091692084978335e+06
1.544367867274725810e+06
1.543644504846759140e+06
1.542921604801081121e+06
1.542199167137689656e+06
1.541477191856587306e+06
1.540755678957771510e+06
1.540034628441242967e+06
1.539314040306999348e+06
1.538593914555047173e+06
1.537874251185379922e+06
1.537155050197999924e+06
1.536436311592910206e+06
1.535718035370106110e+06
1.535000221529590199e+06
1.534282870071360609e+06
1.533565980995419668e+06
1.532849554301765515e+06
1.532133589990396285e+06
1.531418088061316870e+06
1.530703048514525173e+06
1.529988471350023290e+06
1.529274356567804003e+06
1.528560704167874763e+06
1.527847514150232775e+06
1.527134786514878273e+06
1.526422521261811024e+06
1.525710718391030794e+06
1.524999377902538283e+06
1.524288499796334887e+06
1.523578084072418278e+06
1.522868130730785662e+06
1.522158639771444490e+06
1.521449611194389407e+06
1.520741044999622507e+06
1.520032941187141696e+06
1.519325299756947672e+06
1.518618120709042531e+06
1.517911404043426039e+06
1.517205149760093773e+06
1.516499357859052019e+06
1.515794028340296354e+06
1.515089161203826079e+06
1.514384756449648878e+06
1.513680814077756368e+06
1.512977334088148084e+06
1.512274316480830545e+06
1.511571761255800491e+06
1.510869668413056294e+06
1.510168037952600745e+06
1.509466869874431752e+06
1.508766164178551408e+06
1.508065920864957850e+06
1.507366139933651080e+06
1.506666821384630399e+06
1.505967965217901161e+06
1.505269571433456382e+06
1.504571640031300252e+06
1.503874171011432773e+06
1.503177164373849984e+06
1.502480620118557010e+06
1.501784538245550124e+06
1.501088918754829327e+06
1.500393761646397877e+06
1.499699066920254612e+06
1.499004834576398600e+06
1.498311064614828443e+06
1.497617757035547169e+06
1.496924911838551518e+06
1.496232529023842886e+06
1.495540608591424534e+06
1.494849150541291572e+06
1.494158154873448424e+06
1.493467621587891364e+06
1.492777550684621558e+06
1.492087942163639236e+06
1.491398796024943702e+06
1.490710112268536584e+06
1.490021890894419281e+06
1.489334131902582478e+06
1.488646835293038050e+06
1.487960001065782737e+06
1.487273629220810719e+06
1.486587719758127816e+06
1.485902272677734261e+06
1.485217287979626330e+06
1.484532765663804719e+06
1.483848705730271991e+06
1.483165108179026283e+06
1.482481973010068061e+06
1.481799300223396393e+06
1.481117089819015004e+06
1.480435341796919005e+06
1.479754056157110492e+06
1.479073232899590395e+06
1.478392872024357086e+06
1.477712973531411495e+06
1.477033537420749897e+06
1.476354563692380441e+06
1.475676052346297540e+06
1.474998003382499097e+06
1.474320416800991166e+06
1.473643292601770954e+06
1.472966630784835899e+06
1.472290431350189261e+06
1.471614694297829643e+06
1.470939419627759606e+06
1.470264607339975191e+06
1.469590257434478728e+06
1.468916369911269750e+06
1.468242944770347793e+06
1.467569982011713553e+06
1.466897481635367731e+06
1.466225443641307531e+06
1.465553868029535515e+06
1.464882754800052382e+06
1.464212103952853475e+06
1.463541915487942751e+06
1.462872189405322308e+06
1.462202925704987021e+06
1.461534124386939686e+06
1.460865785451181233e+06
1.460197908897707239e+06
1.459530494726523524e+06
1.458863542937624035e+06
1.458197053531014826e+06
1.457531026506693335e+06
1.456865461864657700e+06
1.456200359604910715e+06
1.455535719727450516e+06
1.454871542232278269e+06
1.454207827119390713e+06
1.453544574388794834e+06
1.452881784040483879e+06
1.452219456074459013e+06
1.451557590490725590e+06
1.450896187289276160e+06
1.450235246470117010e+06
1.449574768033242319e+06
1.448914751978656976e+06
1.448255198306359584e+06
1.447596107016348047e+06
1.446937478108623065e+06
1.446279311583187897e+06
1.445621607440039050e+06
1.444964365679176990e+06
1.444307586300605442e+06
1.443651269304319285e+06
1.442995414690320846e+06
1.442340022458608961e+06
1.441685092609184096e+06
1.441030625142050441e+06
1.440376620057200082e+06
1.439723077354637906e+06
1.439069997034363681e+06
1.438417379096378339e+06
1.437765223540679319e+06
1.437113530367267551e+06
1.436462299576141173e+06
1.435811531167303910e+06
1.435161225140755530e+06
1.434511381496493472e+06
1.433862000234519597e+06
1.433213081354832742e+06
1.432564624857431976e+06
1.431916630742321489e+06
1.431269099009495694e+06
1.430622029658959480e+06
1.429975422690709354e+06
1.429329278104745084e+06
1.428683595901071560e+06
1.428038376079684822e+06
1.427393618640583940e+06
1.426749323583769845e+06
1.426105490909247193e+06
1.425462120617007837e+06
1.424819212707058061e+06
1.424176767179396469e+06
1.423534784034020500e+06
1.422893263270931318e+06
1.422252204890131252e+06
1.421611608891617972e+06
1.420971475275394972e+06
1.420331804041455500e+06
1.419692595189803513e+06
1.419053848720440408e+06
1.418415564633364789e+06
1.417777742928577121e+06
1.417140383606074378e+06
1.416503486665862147e+06
1.415867052107938332e+06
1.415231079932297580e+06
1.414595570138947107e+06
1.413960522727882722e+06
1.413325937699106522e+06
1.412691815052616876e+06
1.412058154788415646e+06
1.411424956906504231e+06
1.410792221406876808e+06
1.410159948289535707e+06
1.409528137554486748e+06
1.408896789201722480e+06
1.408265903231245233e+06
1.407635479643056169e+06
1.407005518437152961e+06
1.406376019613540266e+06
1.405746983172210399e+06
1.405118409113172209e+06
1.404490297436420573e+06
1.403862648141956190e+06
1.403235461229778361e+06
1.402608736699888948e+06
1.401982474552287254e+06
1.401356674786973279e+06
1.400731337403945858e+06
1.400106462403207086e+06
1.399482049784752540e+06
1.398858099548588973e+06
1.398234611694710562e+06
1.397611586223121034e+06
1.396989023133818060e+06
1.396366922426803736e+06
1.395745284102075500e+06
1.395124108159634518e+06
1.394503394599481719e+06
1.393883143421618734e+06
1.393263354626037180e+06
1.392644028212749399e+06
1.392025164181745145e+06
1.391406762533030240e+06
1.390788823266602121e+06
1.390171346382460557e+06
1.389554331880608806e+06
1.388937779761040583e+06
1.388321690023763338e+06
1.387706062668772880e+06
1.387090897696068278e+06
1.386476195105653023e+06
1.385861954897524789e+06
1.385248177071683574e+06
1.384634861628128914e+06
1.384022008566864766e+06
1.383409617887885077e+06
1.382797689591192873e+06
1.382186223676787689e+06
1.381575220144671388e+06
1.380964678994844202e+06
1.380354600227301475e+06
1.379744983842047863e+06
1.379135829839081969e+06
1.378527138218401233e+06
1.377918908980010776e+06
1.377311142123906408e+06
1.376703837650089758e+06
1.376096995558560360e+06
1.375490615849317284e+06
1.374884698522362858e+06
1.374279243577696150e+06
1.373674251015316695e+06
1.373069720835225191e+06
1.372465653037419310e+06
1.371862047621900681e+06
1.371258904588672332e+06
1.370656223937729374e+06
1.370054005669075996e+06
1.369452249782707775e+06
1.368850956278626109e+06
1.368250125156833092e+06
1.367649756417328492e+06
1.367049850060112774e+06
1.366450406085179187e+06
1.365851424492537975e+06
1.365252905282181688e+06
1.364654848454114283e+06
1.364057254008335993e+06
1.363460121944841463e+06
1.362863452263635816e+06
1.362267244964718586e+06
1.361671500048086513e+06
1.361076217513744486e+06
1.360481397361688316e+06
1.359887039591920329e+06
1.359293144204437733e+06
1.358699711199243320e+06
1.358106740576337790e+06
1.357514232335718814e+06
1.356922186477388954e+06
1.356330603001346113e+06
1.355739481907588197e+06
1.355148823196120327e+06
1.354558626866938779e+06
1.353968892920044018e+06
1.353379621355437441e+06
1.352790812173119280e+06
1.352202465373088373e+06
1.351614580955343088e+06
1.351027158919888083e+06
1.350440199266717536e+06
1.349853701995835872e+06
1.349267667107241461e+06
1.348682094600935699e+06
1.348096984476914862e+06
1.347512336735182907e+06
1.346928151375738671e+06
1.346344428398582153e+06
1.345761167803712655e+06
1.345178369591128314e+06
1.344596033760834252e+06
1.344014160312826512e+06
1.343432749247106723e+06
1.342851800563675119e+06
1.342271314262529602e+06
1.341691290343672270e+06
1.341111728807102889e+06
1.340532629652818898e+06
1.339953992880824720e+06
1.339375818491118262e+06
1.338798106483696029e+06
1.338220856858564308e+06
1.337644069615717744e+06
1.337067744755160529e+06
1.336491882276888937e+06
1.335916482180907391e+06
1.335341544467211468e+06
1.334767069135801867e+06
1.334193056186682312e+06
1.333619505619849777e+06
1.333046417435303098e+06
1.332473791633042740e+06
1.331901628213072428e+06
1.331329927175389836e+06
1.330758688519992400e+06
1.330187912246884080e+06
1.329617598356063711e+06
1.329047746847527800e+06
1.328478357721283566e+06
1.327909430977324257e+06
1.327340966615654062e+06
1.326772964636269957e+06
1.326205425039173570e+06
1.325638347824364202e+06
1.325071732991842087e+06
1.324505580541606992e+06
1.323939890473661013e+06
1.323374662788002752e+06
1.322809897484631278e+06
1.322245594563544961e+06
1.321681754024747526e+06
1.321118375868239207e+06
1.320555460094018141e+06
1.319993006702083163e+06
1.319431015692434739e+06
1.318869487065075431e+06
1.318308420820005005e+06
1.317747816957220435e+06
1.317187675476721255e+06
1.316627996378512355e+06
1.316068779662588844e+06
1.315510025328953983e+06
1.314951733377606375e+06
1.314393903808546951e+06
1.313836536621774081e+06
1.313279631817287765e+06
1.312723189395090332e+06
1.312167209355179919e+06
1.311611691697557224e+06
1.311056636422223412e+06
1.310502043529173359e+06
1.309947913018412422e+06
1.309394244889939902e+06
1.308841039143754169e+06
1.308288295779857785e+06
1.307736014798244927e+06
1.307184196198921883e+06
1.306632839981885627e+06
1.306081946147139417e+06
1.305531514694676502e+06
1.304981545624502236e+06
1.304432038936617551e+06
1.303882994631019654e+06
1.303334412707708543e+06
1.302786293166684220e+06
1.302238636007946217e+06
1.301691441231498495e+06
1.301144708837336162e+06
1.300598438825461781e+06
1.300052631195876049e+06
1.299507285948578268e+06
1.298962403083566576e+06
1.298417982600842137e+06
1.297874024500404019e+06
1.297330528782254551e+06
1.296787495446393266e+06
1.296244924492818303e+06
1.295702815921531525e+06
1.295161169732532231e+06
1.294619985925821122e+06
1.294079264501397964e+06
1.293539005459259031e+06
1.292999208799409447e+06
1.292459874521846883e+06
1.291921002626572037e+06
1.291382593113585142e+06
1.290844645982884336e+06
1.290307161234470550e+06
1.289770138868347509e+06
1.289233578884510091e+06
1.288697481282958295e+06
1.288161846063697478e+06
1.287626673226720653e+06
1.287091962772032246e+06
1.286557714699632255e+06
1.286023929009520216e+06
1.285490605701694265e+06
1.284957744776156964e+06
1.284425346232905751e+06
1.283893410071942257e+06
1.283361936293268576e+06
1.282830924896878889e+06
1.282300375882779481e+06
1.281770289250964299e+06
1.281240665001439396e+06
1.280711503134200815e+06
1.280182803649248788e+06
1.279654566546584945e+06
1.279126791826209752e+06
1.278599479488122044e+06
1.278072629532320658e+06
1.277546241958807223e+06
1.277020316767580574e+06
1.276494853958640946e+06
1.275969853531989967e+06
1.275445315487625310e+06
1.274921239825548837e+06
1.274397626545761013e+06
1.273874475648258114e+06
1.273351787133045029e+06
1.272829561000117566e+06
1.272307797249477822e+06
1.271786495881126029e+06
1.271265656895062421e+06
1.270745280291284900e+06
1.270225366069796495e+06
1.269705914230591152e+06
1.269186924773677718e+06
1.268668397699051304e+06
1.268150333006712142e+06
1.267632730696659535e+06
1.267115590768894413e+06
1.266598913223416544e+06
1.266082698060227092e+06
1.265566945279324194e+06
1.265051654880708084e+06
1.264536826864381321e+06
1.264022461230341811e+06
1.263508557978589088e+06
1.262995117109124083e+06
1.262482138621947728e+06
1.261969622517057462e+06
1.261457568794452818e+06
1.260945977454138221e+06
1.260434848496108782e+06
1.259924181920367992e+06
1.259413977726914221e+06
1.258904235915748868e+06
1.258394956486870069e+06
1.257886139440280851e+06
1.257377784775977023e+06
1.256869892493960913e+06
1.256362462594233220e+06
1.255855495076791616e+06
1.255348989941637730e+06
1.254842947188771330e+06
1.254337366818192648e+06
1.253832248829902848e+06
1.253327593223897973e+06
1.252823400000182679e+06
1.252319669158752775e+06
1.251816400699611288e+06
1.251313594622757751e+06
1.250811250928190770e+06
1.250309369615911506e+06
1.249807950685920427e+06
1.249306994138214737e+06
1.248806499972797930e+06
1.248306468189669773e+06
1.247806898788828170e+06
1.247307791770272888e+06
1.246809147134005325e+06
1.246310964880025713e+06
1.245813245008335449e+06
1.245315987518929411e+06
1.244819192411811789e+06
1.244322859686983051e+06
1.243826989344441565e+06
1.243331581384186167e+06
1.242836635806219419e+06
1.242342152610539459e+06
1.241848131797145121e+06
1.241354573366040830e+06
1.240861477317222394e+06
1.240368843650695635e+06
1.239876672366449377e+06
1.239384963464493863e+06
1.238893716944825603e+06
1.238402932807446457e+06
1.237912611052352469e+06
1.237422751679548528e+06
1.236933354689030442e+06
1.236444420080799609e+06
1.235955947854856029e+06
1.235467938011199702e+06
1.234980390549831791e+06
1.234493305470751366e+06
1.234006682773958892e+06
1.233520522459451342e+06
1.233034824527233373e+06
1.232549588977302192e+06
1.232064815809658729e+06
1.231580505024301354e+06
1.231096656621232862e+06
1.230613270600452088e+06
1.230130346961958101e+06
1.229647885705753230e+06
1.229165886831834214e+06
1.228684350340201054e+06
1.228203276230857009e+06
1.227722664503800683e+06
1.227242515159031609e+06
1.226762828196550719e+06
1.226283603616355220e+06
1.225804841418448137e+06
1.225326541602829704e+06
1.224848704169498058e+06
1.224371329118452966e+06
1.223894416449696757e+06
1.223417966163227335e+06
1.222941978259044932e+06
1.222466452737150947e+06
1.221991389597542817e+06
1.221516788840222871e+06
1.221042650465192506e+06
1.220568974472446367e+06
1.220095760861987481e+06
1.219623009633818641e+06
1.219150720787937287e+06
1.218678894324339461e+06
1.218207530243032845e+06
1.217736628544012550e+06
1.217266189227281138e+06
1.216796212292833487e+06
1.216326697740676580e+06
1.215857645570807159e+06
1.215389055783221731e+06
1.214920928377927747e+06
1.214453263354920549e+06
1.213986060714197811e+06
1.213519320455764886e+06
1.213053042579620611e+06
1.212587227085761959e+06
1.212121873974192422e+06
1.211656983244906180e+06
1.211192554897910217e+06
1.210728588933202904e+06
1.210265085350782843e+06
1.209802044150649104e+06
1.209339465332802618e+06
1.208877348897244781e+06
1.208415694843972800e+06
1.207954503172988538e+06
1.207493773884292459e+06
1.207033506977882702e+06
1.206573702453761827e+06
1.206114360311928205e+06
1.205655480552381370e+06
1.205197063175123185e+06
1.204739108180149691e+06
1.204281615567466011e+06
1.203824585337069118e+06
1.203368017488959711e+06
1.202911912023138255e+06
1.202456268939602654e+06
1.202001088238355471e+06
1.201546369919395773e+06
1.201092113982723327e+06
1.200638320428339997e+06
1.200184989256242057e+06
1.199732120466432301e+06
1.199279714058910729e+06
1.198827770033676177e+06
1.198376288390726550e+06
1.197925269130067434e+06
1.197474712251695571e+06
1.197024617755610263e+06
1.196574985641813604e+06
1.196125815910302103e+06
1.195677108561078785e+06
1.195228863594144117e+06
1.194781081009495771e+06
1.194333760807134677e+06
1.193886902987063862e+06
1.193440507549277740e+06
1.192994574493779568e+06
1.192549103820568416e+06
1.192104095529645914e+06
1.191659549621010199e+06
1.191215466094660340e+06
1.190771844950600760e+06
1.190328686188827967e+06
1.189885989809341729e+06
1.189443755812144140e+06
1.189001984197231242e+06
1.188560674964607926e+06
1.188119828114270698e+06
1.187679443646222819e+06
1.187239521560462192e+06
1.186800061856987886e+06
1.186361064535801066e+06
1.185922529596901266e+06
1.185484457040290581e+06
1.185046846865965519e+06
1.184609699073929805e+06
1.184173013664180180e+06
1.183736790636718040e+06
1.183301029991542688e+06
1.182865731728658080e+06
1.182430895848057466e+06
1.181996522349744802e+06
1.181562611233722186e+06
1.181129162499983562e+06
1.180696176148535917e+06
1.180263652179373428e+06
1.179831590592498193e+06
1.179399991387912072e+06
1.178968854565611109e+06
1.178538180125598330e+06
1.178107968067873735e+06
1.177678218392436625e+06
1.177248931099285372e+06
1.176820106188423233e+06
1.176391743659849511e+06
1.175963843513561180e+06
1.175536405749560101e+06
1.175109430367847905e+06
1.174682917368422495e+06
1.174256866751285270e+06
1.173831278516434366e+06
1.173406152663870016e+06
1.172981489193595946e+06
1.172557288105607964e+06
1.172133549399907002e+06
1.171710273076491663e+06
1.171287459135366371e+06
1.170865107576529495e+06
1.170443218399978476e+06
1.170021791605714709e+06
1.169600827193739824e+06
1.169180325164048932e+06
1.168760285516648088e+06
1.168340708251534496e+06
1.167921593368708156e+06
1.167502940868170932e+06
1.167084750749918632e+06
1.166667023013954982e+06
1.166249757660278352e+06
1.165832954688889906e+06
1.165416614099789178e+06
1.165000735892974073e+06
1.164585320068447152e+06
1.164170366626206553e+06
1.163755875566256931e+06
1.163341846888592001e+06
1.162928280593215721e+06
1.162515176680125529e+06
1.162102535149324220e+06
1.161690356000809930e+06
1.161278639234582195e+06
1.160867384850642644e+06
1.160456592848990578e+06
1.160046263229625998e+06
1.159636395992547041e+06
1.159226991137756500e+06
1.158818048665257404e+06
1.158409568575040437e+06
1.158001550867112819e+06
1.157593995541472454e+06
1.157186902598122368e+06
1.156780272037055343e+06
1.156374103858277667e+06
1.155968398061787244e+06
1.155563154647584772e+06
1.155158373615669087e+06
1.154754054966042051e+06
1.154350198698702268e+06
1.153946804813647410e+06
1.153543873310881900e+06
1.153141404190403642e+06
1.152739397452213801e+06
1.152337853096309816e+06
1.151936771122694714e+06
1.151536151531364769e+06
1.151135994322325336e+06
1.150736299495571759e+06
1.150337067051105434e+06
1.149938296988927526e+06
1.149539989309035474e+06
1.149142144011433003e+06
1.148744761096117087e+06
1.148347840563087957e+06
1.147951382412346546e+06
1.147555386643890990e+06
1.147159853257724782e+06
1.146764782253846526e+06
1.146370173632253660e+06
1.145976027392948512e+06
1.145582343535934109e+06
1.145189122061204864e+06
1.144796362968763104e+06
1.144404066258608829e+06
1.144012231930741575e+06
1.143620859985162970e+06
1.143229950421870686e+06
1.142839503240865888e+06
1.142449518442147644e+06
1.142059996025718981e+06
1.141670935991577804e+06
1.141282338339722482e+06
1.140894203070153948e+06
1.140506530182875693e+06
1.140119319677883061e+06
1.139732571555177215e+06
1.139346285814760486e+06
1.138960462456630077e+06
1.138575101480786689e+06
1.138190202887231251e+06
1.137805766675964231e+06
1.137421792846984230e+06
1.137038281400290783e+06
1.136655232335885055e+06
1.136272645653767278e+06
1.135890521353937453e+06
1.135508859436395112e+06
1.135127659901137697e+06
1.134746922748170560e+06
1.134366647977489047e+06
1.133986835589095950e+06
1.133607485582989873e+06
1.133228597959171748e+06
1.132850172717641341e+06
1.132472209858398186e+06
1.132094709381440654e+06
1.131717671286772005e+06
1.131341095574391773e+06
1.130964982244297629e+06
1.130589331296491437e+06
1.130214142730973195e+06
1.129839416547741508e+06
1.129465152746797772e+06
1.129091351328141522e+06
1.128718012291773455e+06
1.128345135637690080e+06
1.127972721365897218e+06
1.127600769476389512e+06
1.127229279969170922e+06
1.126858252844237955e+06
1.126487688101594336e+06
1.126117585741236340e+06
1.125747945763167692e+06
1.125378768167386297e+06
1.125010052953890525e+06
1.124641800122684333e+06
1.124274009673764464e+06
1.123906681607132312e+06
1.123539815922787180e+06
1.123173412620730931e+06
1.122807471700961469e+06
1.122441993163477397e+06
1.122076977008282207e+06
1.121712423235374503e+06
1.121348331844755448e+06
1.120984702836423647e+06
1.120621536210376769e+06
1.120258831966620404e+06
1.119896590105149196e+06
1.119534810625966638e+06
1.119173493529070169e+06
1.118812638814462814e+06
1.118452246482142946e+06
1.118092316532109398e+06
1.117732848964364501e+06
1.117373843778906856e+06
1.117015300975734601e+06
1.116657220554851461e+06
1.116299602516255341e+06
1.115942446859946242e+06
1.115585753585926723e+06
1.115229522694191663e+06
1.114873754184746882e+06
1.114518448057587724e+06
1.114163604312716750e+06
1.113809222950133728e+06
1.113455303969835863e+06
1.113101847371827811e+06
1.112748853156107012e+06
1.112396321322673233e+06
1.112044251871526707e+06
1.111692644802667433e+06
1.111341500116095645e+06
1.110990817811811110e+06
1.110640597889814293e+06
1.110290840350104496e+06
1.109941545192683348e+06
1.109592712417548290e+06
1.109244342024702113e+06
1.108896434014142025e+06
1.108548988385870587e+06
1.108202005139886169e+06
1.107855484276188537e+06
1.107509425794779090e+06
1.107163829695657128e+06
1.106818695978821488e+06
1.106474024644274265e+06
1.106129815692014759e+06
1.105786069122041343e+06
1.105442784934356576e+06
1.105099963128960459e+06
1.104757603705849731e+06
1.104415706665027654e+06
1.104074272006490268e+06
1.103733299730243161e+06
1.103392789836283773e+06
1.103052742324612103e+06
1.102713157195225591e+06
1.102374034448127495e+06
1.102035374083316885e+06
1.101697176100793295e+06
1.101359440500558121e+06
1.101022167282609502e+06
1.100685356446947670e+06
1.100349007993575186e+06
1.100013121922489256e+06
1.099677698233691044e+06
1.099342736927180551e+06
1.099008238002956612e+06
1.098674201461019693e+06
1.098340627301372588e+06
1.098007515524010174e+06
1.097674866128937574e+06
1.097342679116150131e+06
1.097010954485651571e+06
1.096679692237440730e+06
1.096348892371516675e+06
1.096018554887881037e+06
1.095688679786531255e+06
1.095359267067469191e+06
1.095030316730695544e+06
1.094701828776207985e+06
1.094373803204009309e+06
1.094046240014097653e+06
1.093719139206472319e+06
1.093392500781135634e+06
1.093066324738085968e+06
1.092740611077324487e+06
1.092415359798849793e+06
1.092090570902663050e+06
1.091766244388762396e+06
1.091442380257150391e+06
1.091118978507825872e+06
1.090796039140788605e+06
1.090473562156039057e+06
1.090151547553576063e+06
1.089829995333400089e+06
1.089508905495512998e+06
1.089188278039912460e+06
1.088868112966599641e+06
1.088548410275575472e+06
1.088229169966836460e+06
1.087910392040386796e+06
1.087592076496223686e+06
1.087274223334349226e+06
1.086956832554760156e+06
1.086639904157459503e+06
1.086323438142446568e+06
1.086007434509720188e+06
1.085691893259282690e+06
1.085376814391131513e+06
1.085062197905268287e+06
1.084748043801693944e+06
1.084434352080404991e+06
1.084121122741403524e+06
1.083808355784689775e+06
1.083496051210263278e+06
1.083184209018124035e+06
1.082872829208274372e+06
1.082561911780710798e+06
1.082251456735434011e+06
1.081941464072444476e+06
1.081631933791743591e+06
1.081322865893328562e+06
1.081014260377203347e+06
1.080706117243363755e+06
1.080398436491811881e+06
1.080091218122546794e+06
1.079784462135570124e+06
1.079478168530880939e+06
1.079172337308479939e+06
1.078866968468365259e+06
1.078562062010537600e+06
1.078257617934999289e+06
1.077953636241747299e+06
1.077650116930781864e+06
1.077347060002105078e+06
1.077044465455714846e+06
1.076742333291613730e+06
1.076440663509798003e+06
1.076139456110271160e+06
1.075838711093030870e+06
1.075538428458078997e+06
1.075238608205412282e+06
1.074939250335035613e+06
1.074640354846944567e+06
1.074341921741143102e+06
1.074043951017627260e+06
1.073746442676400067e+06
1.073449396717459895e+06
1.073152813140806276e+06
1.072856691946439911e+06
1.072561033134362195e+06
1.072265836704571266e+06
1.071971102657068754e+06
1.071676830991853029e+06
1.071383021708925720e+06
1.071089674808283802e+06
1.070796790289929137e+06
1.070504368153865682e+06
1.070212408400086453e+06
1.069920911028595176e+06
1.069629876039391151e+06
1.069339303432475077e+06
1.069049193207847886e+06
1.068759545365506783e+06
1.068470359905451303e+06
1.068181636827684473e+06
1.067893376132206526e+06
1.067605577819014899e+06
1.067318241888111690e+06
1.067031368339493638e+06
1.066744957173165865e+06
1.066459008389124181e+06
1.066173521987369517e+06
1.065888497967902338e+06
1.065603936330723343e+06
1.065319837075830670e+06
1.065036200203226181e+06
1.064753025712909410e+06
1.064470313604880124e+06
1.064188063879138557e+06
1.063906276535683312e+06
1.063624951574516017e+06
1.063344088995636441e+06
1.063063688799044117e+06
1.062783750984739512e+06
1.062504275552721461e+06
1.062225262502992293e+06
1.061946711835548980e+06
1.061668623550395016e+06
1.061390997647528537e+06
1.061113834126946982e+06
1.060837132988654310e+06
1.060560894232647959e+06
1.060285117858930491e+06
1.060009803867498878e+06
1.059734952258357545e+06
1.059460563031502068e+06
1.059186636186934076e+06
1.058913171724654501e+06
1.058640169644660549e+06
1.058367629946953850e+06
1.058095552631535567e+06
1.057823937698405236e+06
1.057552785147560760e+06
1.057282094979005167e+06
1.057011867192737292e+06
1.056742101788756205e+06
1.056472798767063068e+06
1.056203958127656952e+06
1.055935579870538786e+06
1.055667663995707175e+06
1.055400210503162351e+06
1.055133219392908039e+06
1.054866690664937254e+06
1.054600624319256516e+06
1.054335020355861401e+06
1.054069878774754936e+06
1.053805199575936422e+06
1.053540982759405160e+06
1.053277228325159987e+06
1.053013936273203930e+06
1.052751106603534427e+06
1.052488739316153107e+06
1.052226834411058575e+06
1.051965391888251994e+06
1.051704411747731734e+06
1.051443893989498261e+06
1.051183838613553904e+06
1.050924245619897498e+06
1.050665115008527180e+06
1.050406446779445512e+06
1.050148240932649933e+06
1.049890497468143934e+06
1.049633216385923326e+06
1.049376397685990669e+06
1.049120041368344566e+06
1.048864147432987578e+06
1.048608715879917843e+06
1.048353746709134779e+06
1.048099239920639200e+06
1.047845195514431340e+06
1.047591613490511663e+06
1.047338493848877959e+06
1.047085836589532322e+06
1.046833641712474404e+06
1.046581909217703156e+06
1.046330639105220325e+06
1.046079831375024747e+06
1.045829486027116771e+06
1.045579603061495698e+06
1.045330182478161878e+06
1.045081224277115427e+06
1.044832728458356811e+06
1.044584695021886379e+06
1.044337123967703432e+06
1.044090015295806807e+06
1.043843369006198831e+06
1.043597185098877409e+06
1.043351463573842775e+06
1.043106204431095975e+06
1.042861407670637011e+06
1.042617073292466230e+06
1.042373201296582236e+06
1.042129791682985611e+06
1.041886844451675890e+06
1.041644359602654818e+06
1.041402337135919021e+06
1.041160777051472687e+06
1.040919679349314421e+06
1.040679044029442710e+06
1.040438871091857203e+06
1.040199160536560579e+06
1.039959912363550742e+06
1.039721126572828973e+06
1.039482803164394572e+06
1.039244942138246843e+06
1.039007543494387181e+06
1.038770607232815353e+06
1.038534133353530779e+06
1.038298121856532409e+06
1.038062572741822922e+06
1.037827486009400222e+06
1.037592861659264658e+06
1.037358699691416114e+06
1.037125000105856685e+06
1.036891762902583694e+06
1.036658988081598887e+06
1.036426675642899470e+06
1.036194825586490682e+06
1.035963437912366935e+06
1.035732512620531372e+06
1.035502049710983178e+06
1.035272049183723400e+06
1.035042511038750177e+06
1.034813435276063974e+06
1.034584821895664674e+06
1.034356670897554723e+06
1.034128982281730394e+06
1.033901756048194948e+06
1.033674992196945823e+06
1.033448690727986279e+06
1.033222851641312591e+06
1.032997474936926621e+06
1.032772560614827205e+06
1.032548108675015857e+06
1.032324119117491995e+06
1.032100591942254920e+06
1.031877527149305912e+06
1.031654924738645786e+06
1.031432784710269072e+06
1.031211107064184733e+06
1.030989891800384969e+06
1.030769138918873738e+06
1.030548848419648362e+06
1.030329020302712102e+06
1.030109654568063561e+06
1.029890751215700293e+06
1.029672310245626722e+06
1.029454331657839241e+06
1.029236815452339011e+06
1.029019761629127781e+06
1.028803170188202639e+06
1.028587041129566613e+06
1.028371374453215161e+06
1.028156170159153640e+06
1.027941428247378557e+06
1.027727148717889679e+06
1.027513331570690847e+06
1.027299976805777173e+06
1.027087084423152613e+06
1.026874654422815656e+06
1.026662686804765020e+06
1.026451181569002569e+06
1.026240138715527020e+06
1.026029558244338958e+06
1.025819440155438730e+06
1.025609784448824590e+06
1.025400591124500148e+06
1.025191860182462726e+06
1.024983591622711509e+06
1.024775785445247195e+06
1.024568441650072578e+06
1.024361560237183934e+06
1.024155141206583125e+06
1.023949184558270266e+06
1.023743690292244311e+06
1.023538658408505027e+06
1.023334088907053694e+06
1.023129981787890778e+06
1.022926337051014649e+06
1.022723154696425190e+06
1.022520434724124032e+06
1.022318177134110127e+06
1.022116381926383940e+06
1.021915049100944307e+06
1.021714178657792858e+06
1.021513770596927847e+06
1.021313824918352650e+06
1.021114341622063075e+06
1.020915320708061336e+06
1.020716762176346965e+06
1.020518666026920662e+06
1.020321032259781146e+06
1.020123860874928301e+06
1.019927151872363291e+06
1.019730905252087512e+06
1.019535121014097822e+06
1.019339799158393755e+06
1.019144939684980665e+06
1.018950542593852035e+06
1.018756607885013451e+06
1.018563135558460606e+06
1.018370125614195713e+06
1.018177578052217606e+06
1.017985492872528266e+06
1.017793870075125247e+06
1.017602709660010994e+06
1.017412011627181899e+06
1.017221775976642850e+06
1.017032002708389540e+06
1.016842691822423716e+06
1.016653843318746774e+06
1.016465457197355689e+06
1.016277533458251972e+06
1.016090072101437021e+06
1.015903073126909323e+06
1.015716536534669227e+06
1.015530462324713822e+06
1.015344850497049396e+06
1.015159701051671407e+06
1.014975013988581253e+06
1.014790789307777071e+06
1.014607027009260491e+06
1.014423727093032445e+06
1.014240889559090021e+06
1.014058514407437178e+06
1.013876601638071588e+06
1.013695151250992203e+06
1.013514163246201118e+06
1.013333637623696704e+06
1.013153574383480242e+06
1.012973973525551148e+06
1.012794835049908725e+06
1.012616158956556115e+06
1.012437945245488430e+06
1.012260193916710326e+06
1.012082904970217496e+06
1.011906078406013316e+06
1.011729714224096038e+06
1.011553812424466712e+06
1.011378373007125570e+06
1.011203395972070517e+06
1.011028881319304113e+06
1.010854829048824031e+06
1.010681239160632715e+06
1.010508111654727254e+06
1.010335446531109978e+06
1.010163243789780186e+06
1.009991503430737182e+06
1.009820225453981780e+06
1.009649409859515028e+06
1.009479056647335761e+06
1.009309165817441652e+06
1.009139737369836192e+06
1.008970771304519381e+06
1.008802267621489125e+06
1.008634226320746588e+06
1.008466647402291186e+06
1.008299530866122805e+06
1.008132876712242025e+06
1.007966684940650244e+06
1.007800955551343970e+06
1.007635688544325181e+06
1.007470883919594809e+06
1.007306541677151108e+06
1.007142661816996289e+06
1.006979244339126744e+06
1.006816289243547129e+06
1.006653796530252555e+06
1.006491766199247329e+06
1.006330198250528076e+06
1.006169092684097239e+06
1.006008449499954237e+06
1.005848268698097439e+06
1.005688550278527779e+06
1.005529294241246767e+06
1.005370500586252660e+06
1.005212169313546736e+06
1.005054300423128763e+06
1.004896893914995948e+06
1.004739949789150385e+06
1.004583468045595218e+06
1.004427448684325675e+06
1.004271891705343383e+06
1.004116797108649742e+06
1.003962164894242189e+06
1.003807995062123053e+06
1.003654287612291286e+06
1.003501042544745957e+06
1.003348259859489743e+06
1.003195939556519734e+06
1.003044081635837560e+06
1.002892686097442522e+06
1.002741752941335784e+06
1.002591282167515717e+06
1.002441273775983602e+06
1.002291727766738157e+06
1.002142644139780663e+06
1.001994022895110771e+06
1.001845864032727317e+06
1.001698167552633095e+06
1.001550933454823680e+06
1.001404161739304196e+06
1.001257852406071499e+06
1.001112005455126753e+06
1.000966620886468678e+06
1.000821698700097390e+06
1.000677238896014867e+06
1.000533241474219714e+06
1.000389706434710883e+06
1.000246633777489769e+06
1.000104023502556141e+06
9.999618756099106977e+05
9.998201900995525066e+05
9.996789669714809861e+05
9.995382062256979989e+05
9.993979078622022644e+05
9.992580718809934333e+05
9.991186982820719713e+05
9.989797870654384606e+05
9.988413382310926681e+05
9.987033517790333135e+05
9.985658277092616772e+05
9.984287660217784578e+05
9.982921667165821418e+05
9.981560297936731949e+05
9.980203552530516172e+05
9.978851430947169429e+05
9.977503933186698705e+05
9.976161059249110986e+05
9.974822809134376002e+05
9.973489182842541486e+05
9.972160180373569019e+05
9.970835801727490034e+05
9.969516046904255636e+05
9.968200915903921705e+05
9.966890408726439346e+05
9.965584525371844647e+05
9.964283265840139939e+05
9.962986630131272832e+05
9.961694618245301535e+05
9.960407230182202766e+05
9.959124465941988165e+05
9.957846325524632121e+05
9.956572808930161409e+05
9.955303916158546926e+05
9.954039647209823597e+05
9.952780002083978616e+05
9.951524980781003833e+05
9.950274583300896920e+05
9.949028809643661371e+05
9.947787659809305333e+05
9.946551133797827642e+05
9.945319231609224807e+05
9.944091953243480530e+05
9.942869298700635554e+05
9.941651267980652628e+05
9.940437861083555035e+05
9.939229078009306686e+05
9.938024918757956475e+05
9.936825383329467149e+05
9.935630471723871306e+05
9.934440183941124706e+05
9.933254519981266931e+05
9.932073479844274698e+05
9.930897063530163141e+05
9.929725271038925275e+05
9.928558102370564593e+05
9.927395557525078766e+05
9.926237636502461974e+05
9.925084339302720036e+05
9.923935665925852954e+05
9.922791616371856071e+05
9.921652190640758490e+05
9.920517388732507825e+05
9.919387210647145985e+05
9.918261656384640373e+05
9.917140725945015438e+05
9.916024419328287477e+05
9.914912736534416908e+05
9.913805677563420031e+05
9.912703242415301502e+05
9.911605431090057828e+05
9.910512243587682024e+05
9.909423679908188060e+05
9.908339740051570116e+05
9.907260424017809564e+05
9.906185731806937838e+05
9.905115663418944459e+05
9.904050218853811966e+05
9.902989398111565970e+05
9.901933201192176202e+05
9.900881628095690394e+05
9.899834678822060814e+05
9.898792353371310746e+05
9.897754651743432041e+05
9.896721573938431684e+05
9.895693119956298033e+05
9.894669289797049714e+05
9.893650083460663445e+05
9.892635500947159017e+05
9.891625542256524786e+05
9.890620207388775889e+05
9.889619496343891369e+05
9.888623409121884033e+05
9.887631945722742239e+05
9.886645106146483449e+05
9.885662890393094858e+05
9.884685298462590436e+05
9.883712330354948062e+05
9.882743986070195679e+05
9.881780265608300688e+05
9.880821168969294522e+05
9.879866696153148077e+05
9.878916847159892786e+05
9.877971621989511186e+05
9.877031020641982323e+05
9.876095043117357418e+05
9.875163689415580593e+05
9.874236959536703071e+05
9.873314853480684105e+05
9.872397371247527190e+05
9.871484512837266084e+05
9.870576278249880997e+05
9.869672667485360289e+05
9.868773680543713272e+05
9.867879317424953915e+05
9.866989578129050788e+05
9.866104462656030664e+05
9.865223971005883068e+05
9.864348103178612655e+05
9.863476859174212441e+05
9.862610238992699888e+05
9.861748242634048220e+05
9.860890870098274900e+05
9.860038121385370614e+05
9.859189996495348169e+05
9.858346495428191265e+05
9.857507618183923187e+05
9.856673364762519486e+05
9.855843735163987149e+05
9.855018729388335487e+05
9.854198347435554024e+05
9.853382589305660222e+05
9.852571454998624977e+05
9.851764944514470408e+05
9.850963057853181381e+05
9.850165795014782343e+05
9.849373155999258161e+05
9.848585140806596028e+05
9.847801749436805258e+05
9.847022981889911462e+05
9.846248838165863417e+05
9.845479318264715839e+05
9.844714422186424490e+05
9.843954149931006832e+05
9.843198501498486148e+05
9.842447476888826350e+05
9.841701076102028601e+05
9.840959299138128990e+05
9.840222145997084444e+05
9.839489616678928724e+05
9.838761711183631560e+05
9.838038429511206923e+05
9.837319771661671111e+05
9.836605737635013647e+05
9.835896327431215905e+05
9.835191541050309315e+05
9.834491378492257791e+05
9.833795839757093927e+05
9.833104924844795605e+05
9.832418633755382616e+05
9.831736966488828184e+05
9.831059923045163741e+05
9.830387503424369497e+05
9.829719707626453601e+05
9.829056535651403246e+05
9.828397987499227747e+05
9.827744063169931760e+05
9.827094762663508300e+05
9.826450085979960859e+05
9.825810033119294094e+05
9.825174604081494035e+05
9.824543798866569996e+05
9.823917617474512663e+05
9.823296059905336006e+05
9.822679126159029547e+05
9.822066816235602600e+05
9.821459130135043524e+05
9.820856067857370945e+05
9.820257629402567400e+05
9.819663814770642202e+05
9.819074623961582547e+05
9.818490056975404732e+05
9.817910113812095951e+05
9.817334794471655041e+05
9.816764098954122746e+05
9.816198027259421069e+05
9.815636579387615202e+05
9.815079755338690011e+05
9.814527555112618720e+05
9.813979978709437419e+05
9.813437026129134465e+05
9.812898697371690068e+05
9.812364992437136825e+05
9.811835911325444467e+05
9.811311454036628129e+05
9.810791620570700616e+05
9.810276410927623510e+05
9.809765825107439887e+05
9.809259863110121805e+05
9.808758524935680907e+05
9.808261810584123014e+05
9.807769720055420185e+05
9.807282253349609673e+05
9.806799410466667032e+05
9.806321191406601574e+05
9.805847596169410972e+05
9.805378624755090568e+05
9.804914277163640363e+05
9.804454553395080147e+05
9.803999453449384309e+05
9.803548977326559834e+05
9.803103125026609050e+05
9.802661896549537778e+05
9.802225291895342525e+05
9.801793311064015143e+05
9.801365954055560287e+05
9.800943220869990764e+05
9.800525111507292604e+05
9.800111625967469299e+05
9.799702764250510372e+05
9.799298526356442599e+05
9.798898912285245024e+05
9.798503922036918812e+05
9.798113555611452321e+05
9.797727813008873491e+05
9.797346694229161367e+05
9.796970199272341561e+05
9.796598328138387296e+05
9.796231080827300902e+05
9.795868457339101005e+05
9.795510457673757337e+05
9.795157081831317628e+05
9.794808329811725998e+05
9.794464201615011552e+05
9.794124697241182439e+05
9.793789816690225853e+05
9.793459559962154599e+05
9.793133927056930261e+05
9.792812917974598240e+05
9.792496532715136418e+05
9.792184771278535482e+05
9.791877633664835012e+05
9.791575119873994263e+05
9.791277229906029534e+05
9.790983963760943152e+05
9.790695321438735118e+05
9.790411302939393790e+05
9.790131908262922661e+05
9.789857137409324059e+05
9.789586990378623595e+05
9.789321467170761898e+05
9.789060567785809981e+05
9.788804292223701486e+05
9.788552640484495787e+05
9.788305612568149809e+05
9.788063208474670537e+05
9.787825428204081254e+05
9.787592271756356349e+05
9.787363739131508628e+05
9.787139830329536926e+05
9.786920545350435423e+05
9.786705884194215760e+05
9.786495846860867459e+05
9.786290433350391686e+05
9.786089643662801245e+05
9.785893477798064705e+05
9.785701935756214662e+05
9.785515017537241802e+05
9.785332723141124006e+05
9.785155052567914827e+05
9.784982005817549070e+05
9.784813582890070975e+05
9.784649783785466570e+05
9.784490608503740514e+05
9.784336057044890476e+05
9.784186129408897832e+05
9.784040825595802162e+05
9.783900145605566213e+05
9.783764089438215597e+05
9.783632657093722373e+05
9.783505848572112154e+05
9.783383663873374462e+05
9.783266102997518610e+05
9.783153165944534121e+05
9.783044852714419831e+05
9.782941163307183888e+05
9.782842097722820472e+05
9.782747655961348210e+05
9.782657838022728683e+05
9.782572643906989833e+05
9.782492073614125839e+05
9.782416127144134371e+05
9.782344804497028235e+05
9.782278105672772508e+05
9.782216030671404442e+05
9.782158579492908902e+05
9.782105752137297532e+05
9.782057548604562180e+05
9.782013968894683057e+05
9.781975013007699745e+05
9.781940680943585467e+05
9.781910972702325089e+05
9.781885888283955865e+05
9.781865427688470809e+05
9.781849590915848967e+05
9.781838377966096159e+05
9.781831788839211222e+05
9.781829823535231408e+05
9.781832482054105494e+05
9.781839764395850943e+05
9.781851670560480561e+05
9.781868200547983870e+05
9.781889354358351557e+05
9.781915131991596427e+05
9.781945533447721973e+05
9.781980558726725867e+05
9.782020207828596467e+05
9.782064480753343087e+05
