3.771631000000000000e+06
1.134962268535413593e+07
3.416643734829656780e+07
7.222207498882731795e+07
1.255165356069463044e+08
1.940498192026535571e+08
2.778219257759491205e+08
3.768328553268329501e+08
4.910826078553050756e+08
6.205711833613654375e+08
7.652985818450142145e+08
9.252648033062510490e+08
1.100469847745076656e+09
1.290913715161489725e+09
1.496596405555492878e+09
1.717517918927082539e+09
1.953678255276260614e+09
2.205077414603027344e+09
2.471715396907382488e+09
2.753592202189326286e+09
3.050707830448856354e+09
3.363062281685979366e+09
3.690655555900683403e+09
4.033487653092981815e+09
4.391558573262866974e+09
4.764868316410337448e+09
5.153416882535401344e+09
5.557204271638050079e+09
5.976230483718285561e+09
6.410495518776111603e+09
6.859999376811525345e+09
7.324742057824528694e+09
7.804723561815118790e+09
8.299943888783298492e+09
8.810403038729072571e+09
9.336101011652420044e+09
9.877037807553365707e+09
1.043321342643190002e+10
1.100462786828802490e+10
1.159128113312174034e+10
1.219317322093303490e+10
1.281030413172191620e+10
1.344267386548839188e+10
1.409028242223244667e+10
1.475312980195409584e+10
1.543121600465333939e+10
1.612454103033016014e+10
1.683310487898458290e+10
1.755690755061656570e+10
1.829594904522617722e+10
1.905022936281336975e+10
1.981974850337812805e+10
2.060450646692048264e+10
2.140450325344042587e+10
2.221973886293796158e+10
2.305021329541307068e+10
2.389592655086579132e+10
2.475687862929611206e+10
2.563306953070396805e+10
2.652449925508945847e+10
2.743116780245251465e+10
2.835307517279317093e+10
2.929022136611140442e+10
3.024260638240723419e+10
3.121023022168064499e+10
3.219309288393166351e+10
3.319119436916024399e+10
3.420453467736643600e+10
3.523311380855015564e+10
3.627693176271156311e+10
3.733598853985049438e+10
3.841028413996700287e+10
3.949981856306115723e+10
4.060459180913287354e+10
4.172460387818217468e+10
4.285985477020905304e+10
4.401034448521351624e+10
4.517607302319557953e+10
4.635704038415527344e+10
4.755324656809246826e+10
4.876469157500733948e+10
4.999137540489974213e+10
5.123329805776971436e+10
5.249045953361733246e+10
5.376285983244251251e+10
5.505049895424525452e+10
5.635337689902566528e+10
5.767149366678356934e+10
5.900484925751910400e+10
6.035344367123222351e+10
6.171727690792295074e+10
6.309634896759125519e+10
6.449065985023716736e+10
6.590020955586060333e+10
6.732499808446169281e+10
6.876502543604031372e+10
7.022029161059658813e+10
7.169079660813046265e+10
7.317654042864183044e+10
7.467752307213088989e+10
7.619374453859742737e+10
7.772520482804161072e+10
7.927190394046337891e+10
8.083384187586276245e+10
8.241101863423962402e+10
8.400343421559420776e+10
8.561108861992633057e+10
8.723398184723606873e+10
8.887211389752334595e+10
9.052548477078825378e+10
9.219409446703079224e+10
9.387794298625079346e+10
9.557703032844842529e+10
9.729135649362376404e+10
9.902092148177655029e+10
1.007657252929069977e+11
1.025257679270149689e+11
1.043010493841004944e+11
1.060915696641636963e+11
1.078973287672044678e+11
1.097183266932228699e+11
1.115545634422188110e+11
1.134060390141923370e+11
1.152727534091434174e+11
1.171547066270721893e+11
1.190518986679785004e+11
1.209643295318623657e+11
1.228919992187238312e+11
1.248349077285628967e+11
1.267930550613795776e+11
1.287664412171738434e+11
1.307550661959456024e+11
1.327589299976950684e+11
1.347780326224219971e+11
1.368123740701266937e+11
1.388619543408089294e+11
1.409267734344685669e+11
1.430068313511059570e+11
1.451021280907208557e+11
1.472126636533135376e+11
1.493384380388836670e+11
1.514794512474312439e+11
1.536357032789565430e+11
1.558071941334593811e+11
1.579939238109399719e+11
1.601958923113981934e+11
1.624130996348336487e+11
1.646455457812469177e+11
1.668932307506377258e+11
1.691561545430062866e+11
1.714343171583522644e+11
1.737277185966757507e+11
1.760363588579769897e+11
1.783602379422557068e+11
1.806993558495120850e+11
1.830537125797460327e+11
1.854233081329576721e+11
1.878081425091467285e+11
1.902082157083135071e+11
1.926235277304578247e+11
1.950540785755796204e+11
1.974998682436790771e+11
1.999608967347562256e+11
2.024371640488109436e+11
2.049286701858431396e+11
2.074354151458528748e+11
2.099573989288404846e+11
2.124946215348053894e+11
2.150470829637481079e+11
2.176147832156682434e+11
2.201977222905660400e+11
2.227959001884413147e+11
2.254093169092941895e+11
2.280379724531248169e+11
2.306818668199328613e+11
2.333410000097186279e+11
2.360153720224819336e+11
2.387049828582228394e+11
2.414098325169414062e+11
2.441299209986373901e+11
2.468652483033109436e+11
2.496158144309623108e+11
2.523816193815911255e+11
2.551626631551975098e+11
2.579589457517814941e+11
2.607704671713432922e+11
2.635972274138824158e+11
2.664392264793991089e+11
2.692964643678934937e+11
2.721689410793654480e+11
2.750566566138149414e+11
2.779596109712422485e+11
2.808778041516466064e+11
2.838112361550289307e+11
2.867599069813892212e+11
2.897238166307266235e+11
2.927029651030416870e+11
2.956973523983344116e+11
2.987069785166045532e+11
3.017318434578521729e+11
