-5.844292136481383793e-01 -6.126417113925656466e+00
-4.899751929214758994e-01 1.517760949576193230e+00
-4.993401185595076064e-01 1.461747232515258732e+00
-5.522318302902927689e-01 1.571506586381289816e+00
-2.094699132756343007e-01 1.376085585045035975e+00
-2.986679959474172752e-01 1.661829914747507075e+00
-3.229780892497759459e-01 1.311621449548847629e+00
-2.951008952529725060e-01 1.341070958697811566e+00
-1.174467679480988291e-01 1.465292110757628885e+00
-3.781606332679419286e-02 1.416344828035374759e+00
7.569262031681980862e-02 1.476864213690382233e+00
-1.134159598786478540e+00 6.011635455254793925e+00
-2.641439195961784447e-01 1.205047609067344094e+00
-4.327193796258718139e-01 1.030510166600858923e+00
-5.562876622909797009e-01 6.519562396022461348e-01
-6.344748819836254494e-01 4.066491635320647613e-01
-5.646885334659176303e-01 1.259315059354606248e-01
-5.494561870839087536e-01 -3.994964412735290127e-01
-6.069943626007603399e-01 -5.487472695213236884e-01
-5.876139193803469052e-01 -6.067667983778186613e-01
-3.162893335639954118e-01 -8.583726567654564876e-01
-1.145254023768584040e-01 -1.193520146122571512e+00
-1.006382031722356629e+00 5.496361254084317416e+00
-3.138373154251343500e-02 -1.387597110266465927e+00
5.869788371329510979e-02 -1.184295750343550502e+00
-7.874605277116719648e-02 -2.764662892385801651e+00
2.476026662835341952e-01 -3.579794591286608263e+00
1.700792480588287359e-01 -4.124568017935005493e+00
3.091168016044450462e-01 -4.266682775104835734e+00
5.216831753668129679e-01 -4.587784993834662650e+00
4.369166597727622454e-03 3.615526579178992339e+00
5.713210787198940155e-01 -4.519567078949831895e+00
7.344858114165421503e-02 2.762335718345712010e+00
-7.708633159726673290e-01 -4.759011985005927592e+00
3.013016708823464951e-01 2.110638433756971466e+00
2.892937097032611260e-01 -2.543932072485536988e+00
5.152438934634222534e-01 4.278775580421251834e-01
5.006395778220623649e-01 -2.055213502067754217e-01
3.239859098152442218e-01 -6.009593826054290266e-01
2.956232544802805395e-01 -9.282525539570984918e-02
1.194150988463598823e-01 6.319825493691279099e-03
1.969155847564996870e-02 4.880798624599339552e-01
2.557724966303395742e-01 7.131033611928018212e-01
-1.050508627223941116e-01 7.665220167426075593e-01
-8.296451719422271998e-01 -4.292770494141699977e+00
-7.869104811021605805e-02 9.470547166323153299e-01
-3.655068694290832809e-01 1.165580289735775210e+00
8.550736816061037249e-02 1.224808858107716336e+00
3.868780235879525076e-02 1.274734138640752690e+00
1.272876903339928700e-01 1.285645129668167463e+00
2.254822478935123442e-01 1.212154551210051778e+00
-8.301977257988017722e-02 1.210175466257467303e+00
-1.054157036294856992e-01 1.134660612458492812e+00
-3.160806704836283121e-01 9.158783131083604312e-01
-1.598916388316448112e-01 7.459417223842735867e-01
-8.916079244768373435e-01 3.136419828750133476e+00
-6.472965030818326193e-01 4.924932726109659820e-01
-5.954075125938080859e-01 6.009348764355763040e-01
-7.154011932555821573e-01 7.452670917364916381e-01
-8.250820714284341495e-01 8.762097072308367984e-01
-8.205702931432452552e-01 -1.578845128901291917e+00
-9.794303925549234791e-01 2.075608498465363549e+00
-9.184647260114860989e-01 2.827510229745795911e+00
-7.728846364064462238e-01 -4.378031637335542570e+00
-1.427697126552673446e+00 4.850996343758129825e+00
-1.341187360082714886e+00 5.182958054153678162e+00
-9.024280823222067260e-01 -2.903030604288728167e+00
-1.443643708827692329e+00 5.769131923402846418e+00
-1.321983345981401436e+00 5.822028608350485968e+00
-7.438907686316819090e-01 -2.003077100711739167e+00
-7.568690308679986156e-01 -1.775352339570482663e+00
3.874232471436962033e+00 -2.977437759711804688e+00
1.471239946271140298e+00 3.069176734029927189e+00
3.269294344117330997e+00 4.124675939463616992e+00
4.787765084262740167e+00 -2.593671627286411319e+00
4.599310894736789557e+00 -2.103629111930882978e+00
3.147889820691541107e+00 3.232341938035217854e+00
4.577339018896679157e+00 -8.604137596032988000e-01
3.882377430702991905e+00 4.076997308809093279e-01
3.269976613408660082e+00 2.253964205173719648e+00
3.313148177967720986e+00 2.491496076586830810e+00
3.109096383173411304e+00 2.227424728684862298e+00
2.785493698444358568e+00 1.909834346601838151e+00
3.497802577352029818e+00 -2.994419620727620579e+00
2.360031550969972525e+00 1.720398354271364338e+00
1.647733909758408943e+00 1.779386209519149276e+00
1.032941231245794178e+00 1.768418647360639584e+00
4.940155487872535112e-01 1.837212363190795505e+00
-2.355174202103011982e-01 -1.701998528693468238e+00
-3.817398643150234361e-01 2.298975995341817846e+00
-4.222069615049172664e-01 -2.510115669565228469e+00
-3.874201565753195298e-01 2.714855520612333262e+00
-2.711599772812778308e-01 -3.612938257356197003e+00
2.290766871746033606e-01 -3.891531026123147718e+00
2.411550622256577903e+00 -3.247170447175232511e+00
3.230156266203568105e+00 -3.993402095108462557e+00
2.325333951704047220e+00 5.197008287970446005e+00
2.355482146112634734e+00 5.005584023718535391e+00
3.604513213877185596e+00 -3.594205932733263165e+00
2.464556428905731345e+00 4.918456751581632425e+00
1.801827026243428387e+00 3.915637423242010584e+00
1.529338327737642667e+00 3.643582779854022125e+00
3.259419521757277671e+00 -3.139084287543976171e+00
1.991764027574234541e+00 3.761370676288332326e+00
3.668079078369316015e+00 -2.915756201404660075e+00
3.368191662580905632e+00 -2.864705408227469441e+00
4.066998598503043461e+00 -2.952329011779372347e+00
3.808940001485361382e+00 -2.621458309192820302e+00
4.492382593191846851e+00 -2.827261228565733919e+00
3.201449422452799176e+00 4.225108236484111934e+00
2.788466731119478847e+00 3.606503995838874932e+00
2.471538395788941411e+00 3.002212420815652205e+00
2.386161954167657751e+00 2.398188271015205597e+00
2.271989783472052160e+00 2.094586681922629090e+00
3.354918469797749214e+00 8.136738780240264368e-02
2.368736145698235429e+00 1.858060239478049214e+00
3.428924959216313795e+00 -2.705921198883362688e+00
2.553109355530461588e+00 1.765730610100095799e+00
2.870872662595442382e+00 1.756075406249757664e+00
3.058247923312793937e+00 1.969325761215148907e+00
3.130331133313576153e+00 2.292164274908782051e+00
2.893220517032649042e+00 1.808281415963365335e+00
2.927544652176313544e+00 1.926210539672909228e+00
2.456751313170694395e+00 1.755629786328920083e+00
2.521111416088823276e+00 1.198291249114854962e+00
1.263930908092833372e+00 -1.166210267917934668e-01
8.242818296171365855e-01 -5.360461784682971631e-01
3.506603539806190550e+00 -2.655208346505562922e+00
4.553954475256515866e-01 -2.079765626467312334e+00
1.900167278929671966e-01 -2.206414160307144989e+00
1.019464532982339522e+00 3.045823454768535665e+00
9.611515542485553620e-01 3.130328679781265055e+00
1.708496082538284000e+00 3.694267830519133877e+00
2.488085104435175499e+00 4.464086428852330535e+00
2.500785879360582165e+00 4.512097880565900887e+00
2.676772191812506918e+00 4.630572805356965915e+00
4.426528071855518220e+00 -3.074554542837272475e+00
4.299303310476767948e+00 -2.898110740411657282e+00
3.690126636133340021e+00 -2.637238483707447845e+00
2.757075139600011049e+00 4.470469610687024087e+00
2.639455048338938958e+00 4.616356191751586735e+00
4.063429821868924208e+00 -2.684629865835820528e+00
3.227522105051416457e+00 4.453544124223688172e+00
3.414572428267531379e+00 -1.314004174250964940e+00
3.461207337163577424e+00 -1.361576409383469022e+00
3.354157160422187811e+00 -1.179108118931232241e+00
3.273444496717884622e+00 -1.191668155058227097e+00
2.725760638104487654e+00 -5.981553579520277886e-01
2.753401419513508586e+00 -4.809986675413871482e-01
2.897380141138718557e+00 -7.780040954817870613e-01
2.999917602736426492e+00 -8.181615493177939458e-01
3.062550001221232776e+00 -9.303310298462144079e-01
2.841911123638055425e+00 -8.151075726396853627e-01
3.184941426970890888e+00 -1.101160182533536647e+00
3.071452482898052949e+00 -9.081276544127728778e-01
2.878121830390764302e+00 -9.178765240050651419e-01
3.087144080928297729e+00 -9.768965970939934573e-01
2.860688571832873173e+00 -6.882872112245815854e-01
3.147125930524874438e+00 -9.597051516583842146e-01
2.933336765355837539e+00 -7.377895115997588071e-01
3.135079569117495968e+00 -8.856426949112672364e-01
2.853791996075917048e+00 -6.115860267566048947e-01
3.223121915272841864e+00 -8.863598208026050029e-01
3.075277604012983890e+00 -7.614019043527422426e-01
3.250194575230868743e+00 -8.522817273366111168e-01
3.188688104999214179e+00 -7.857105765817744558e-01
3.377591558410694805e+00 -1.222118787204492962e+00
3.382825792367612827e+00 -9.699731553595308808e-01
3.204688945517956800e+00 -7.213226443835002444e-01
3.336644554611202018e+00 -8.478579236182020029e-01
3.234345293419679024e+00 -7.330597239874800941e-01
3.214365142272889830e+00 -6.895250731666680011e-01
3.105872455160287426e+00 -6.023272021049066449e-01
3.212754113341491191e+00 -7.122740453796864157e-01
3.079115010943324737e+00 -5.365646873081090229e-01
3.181560018969473713e+00 -6.407682519564366075e-01
3.058308195629480419e+00 -5.086959655677628644e-01
2.555808415757768071e+00 -3.511792590464272168e-01
3.013117974751340356e+00 -4.983725398724389022e-01
3.127343571982593051e+00 -6.604499903409147832e-01
2.884802784072047377e+00 -3.897971800469362536e-01
3.000196154542985827e+00 -5.251198988160910019e-01
3.009851306198443766e+00 -5.801818187676017757e-01
2.947658933238369361e+00 -5.446803577404861763e-01
2.774018294269156915e+00 -4.867217229255397792e-01
2.629573388650522148e+00 -2.902968491443673194e-01
2.793287202696610461e+00 -3.881505492388014344e-01
2.970449600324824413e+00 -6.007233030626145664e-01
3.323226776881920586e+00 -1.454858489124758236e+00
2.945401051271578918e+00 -6.042691070374258677e-01
2.926019681957937824e+00 -5.495354740431404039e-01
2.850502463452384561e+00 -4.927481889757498457e-01
2.826953360539274041e+00 -4.019247091080966339e-01
2.657290175971105395e+00 -3.697362922262211193e-01
2.928003410858556865e+00 -4.997582406046640058e-01
3.440552641206978901e+00 -9.904544791173440776e-01
3.311230845387355792e+00 -9.157999455747755091e-01
3.474427446403463904e+00 -1.074547683763704020e+00
3.330890028140843118e+00 -1.075599578835044978e+00
3.225800369444156601e+00 -1.284086723271129271e+00
3.377456303612261568e+00 -1.134424544060414153e+00
3.196105396975306157e+00 -1.074372976500857835e+00
3.488258728513518481e+00 -1.426691667331899671e+00
3.287376966317693494e+00 -1.287121693297488489e+00
3.292803059432788171e+00 -1.163437396920302458e+00
3.334342192392312665e+00 -1.377364376853758676e+00
2.598868191229888769e+00 -5.585642071116674323e-01
2.620437601635388969e+00 -5.037376000704694157e-01
3.463013486060939172e+00 -1.583180670797188272e+00
2.670566628180412128e+00 -3.491984140186562557e-01
3.453493112506149210e+00 -1.507914293095391267e+00
3.190132495194641926e+00 -1.218539639085060688e+00
2.700661272537008273e+00 -2.171688834056219597e-01
3.117118125368219417e+00 -1.174197772027991471e+00
2.985133203451888928e+00 -4.666652975327031383e-01
-2.505934197908983752e+00 -4.110333887404478581e+00
-2.629005598088352880e+00 4.689892508397347726e+00
2.428356524068597810e+00 -3.702515154268223529e+00
2.780911490351973825e+00 -3.165541685526928273e+00
1.738203136946636862e+00 2.872118001916275976e+00
1.745361884888430914e+00 2.800315560420985950e+00
2.507014792649922885e+00 -3.318782722017251441e+00
1.756763083056593899e+00 -3.638726698630841305e+00
1.906654258716367067e+00 -3.799352934069784915e+00
8.272236004292634615e-01 2.784182824480580631e+00
8.745271338015264684e-01 -3.745786638624421183e+00
5.466400753760292108e-01 3.073717675895084156e+00
-2.500374493736376547e+00 -5.111541592435384196e+00
5.039663162319990564e-01 3.046290576023832131e+00
5.366709399426201621e-01 3.108196486972192307e+00
5.230599182490285326e-01 -3.513944011645529830e+00
4.366605757155816447e-01 -3.401977135452075807e+00
3.964897611882611805e-01 -3.312305463455365917e+00
3.182415562137105303e-01 -3.648678897052196834e+00
-3.461554660784176007e-02 3.833741476938900217e+00
1.809049637722190754e-02 -4.589117896584038903e+00
-3.938597227293706426e-01 5.023923164014425957e+00
-7.710094039586333770e-01 5.080173422287341367e+00
-2.539867140743599982e+00 5.133327377427346683e+00
-1.533141562063454089e+00 4.834471205817306938e+00
-1.720402232726597092e+00 -5.177826100415239274e+00
-2.181403160232156413e+00 4.990783765322649224e+00
-2.363257873478108895e+00 4.955727517827300588e+00
-2.510047680616878107e+00 -5.337538411871597610e+00
-2.386527426430873788e+00 -5.402845467677622082e+00
-2.482351473808792175e+00 -5.409138673612909010e+00
-2.659654062005459174e+00 5.103121967218079646e+00
-2.240140684830064899e+00 -5.215769369865054905e+00
-2.139853909957880607e+00 -5.292940894450363309e+00
-2.331991425763436876e+00 5.326337864976044223e+00
-1.980286257981195508e+00 5.102871259616589050e+00
-1.480058423907179455e+00 5.163356298694105284e+00
-6.834015501302146411e-01 -5.549906402704016806e+00
-2.534337010225706788e-01 -5.580939187587366845e+00
-2.491828341467172345e-02 5.672108389303273768e+00
1.053669319480198485e+00 -5.797526986537825167e+00
1.088574577595459170e+00 -5.463469324275448180e+00
9.776769934949042229e-01 -5.076162949148896431e+00
4.891305828158530322e-01 3.944357004019677593e+00
7.179031401325857153e-01 3.708302799355627677e+00
-1.424386595625889651e+00 -5.432274959569395989e+00
7.458845950548438353e-01 3.444401504406099157e+00
5.618749318732800813e-01 3.234301361848568757e+00
5.830040273003287421e-01 2.911085659847205243e+00
7.185342790260453860e-01 -2.995354983303112117e+00
4.671631229766284310e-01 -3.012879342217494205e+00
3.966513745163221527e-01 -2.821664585806889836e+00
3.222910966472267713e-01 2.737607214550706214e+00
2.485789508810010429e-01 2.984837950386397765e+00
1.460983235089379773e-01 3.392457997532895675e+00
6.755527968666931449e-02 4.001955670288181111e+00
-7.424028389254999638e-01 -5.571789431515881574e+00
1.020675292193940209e-01 3.775720814894075072e+00
6.711953961508628774e-01 -4.225301380425626085e+00
-7.894513608535587423e-02 4.032516885561604703e+00
-5.320346350894306076e-01 3.847763717702481046e+00
-8.397042187662386858e-01 3.751978069197769106e+00
-1.133222586009771993e+00 3.844208973452953426e+00
-1.552835930967643385e+00 4.012031049822466500e+00
-1.732794586535632453e+00 -4.029088908685599435e+00
-1.895510656708980335e+00 -3.528490976574875315e+00
-2.110877148560992733e+00 4.292068224870114967e+00
-2.436938476676443477e-01 5.784871556705337703e+00
-2.288958583227493015e+00 -4.758121190695779212e+00
-2.582630514777839448e+00 4.351959220030332531e+00
3.715964071457340118e-02 5.122677769667884462e+00
1.908696488621777876e+00 -4.420827977393902763e+00
3.916658460438351419e+00 4.875532974405629716e+00
4.025167454765099073e+00 5.004408300996780135e+00
-4.533865543558926459e-02 3.205136506883791814e+00
4.660066708134574798e-01 -4.174690738609938556e+00
1.111495552558205757e+00 3.895576718220937540e+00
1.358921219714330331e+00 4.179646529255871990e+00
3.601295310190112176e+00 -4.432689681645582525e+00
3.717374479112904417e+00 5.399051686904337011e+00
4.644242051609706046e+00 -4.135871912758480207e+00
5.230348068243421800e+00 -4.243857352184479126e+00
5.052011526235808070e+00 -4.000982391843360908e+00
4.653297825446067293e+00 -3.836658048196609272e+00
4.444008003522105454e+00 -3.778153055077388967e+00
4.120377575924123015e+00 -4.213527519357872286e+00
2.674712182551502782e+00 3.778315919319165328e+00
3.511050578338389627e+00 -3.644650944334284937e+00
2.134091718929887804e+00 3.344104174976270993e+00
1.981731575455655925e+00 3.455299401634136736e+00
1.997864778007919950e+00 -3.807257305843180895e+00
1.313687472260785860e+00 -3.665980285660587423e+00
1.416423038310375304e+00 3.527109993211997363e+00
2.265653132863055141e+00 -4.160979201351445944e+00
9.992215077073840490e-01 -3.941675461190866425e+00
2.959448831948485736e+00 4.185497200549160191e+00
2.602339660961141110e+00 -4.198141992950437995e+00
1.575643507725184689e+00 4.067513791104709675e+00
2.280636451147665777e+00 4.930053120440565095e+00
2.860301533739907587e+00 5.422316081194856530e+00
3.920607886179752199e+00 -4.685576189257592894e+00
4.413657781880042208e+00 -4.858941343093321485e+00
4.627596536446685782e+00 -4.658591155760035463e+00
4.456961750090479235e+00 -4.275510391729609339e+00
3.062500403941999849e+00 4.494429796632323892e+00
3.642136881624035816e+00 -3.911032786003599160e+00
2.859011210900443967e+00 -3.911463677887248025e+00
3.872649764473146128e+00 -3.614602515505577429e+00
1.809862857398433889e+00 2.718305818435398091e+00
1.801587761967053947e+00 3.049741443297159016e+00
1.977155666760358255e+00 -3.886901181126662053e+00
2.144640802304683014e+00 -3.987555968293629682e+00
2.106876855512235913e+00 -4.036175599920565737e+00
2.089325230097720976e+00 -3.860412475938760579e+00
1.261995749807621525e+00 2.891669863996075396e+00
2.984529587873014034e+00 -4.158542502080446290e+00
1.668658026912424486e+00 -4.030069648330657728e+00
1.579983607184784811e+00 3.292119942818775957e+00
2.984885516308667164e+00 -4.414790999857959974e+00
3.504856751472302356e+00 -4.519132393558163763e+00
3.064741261586120924e+00 4.814652855223370942e+00
4.468747737798147490e+00 -4.373017753750465531e+00
3.726010340863745718e+00 5.177927400946399139e+00
4.990213335138642847e+00 5.872364576237908196e+00
4.251348805772445338e+00 -4.292502072589333473e+00
3.696511837261084565e+00 -3.864723343541871969e+00
2.209991430982929828e+00 3.520691119464671281e+00
2.363549337254519767e+00 4.072330287504041024e+00
1.392590991921917043e+00 -3.988644739573482312e+00
1.845630565507734522e+00 3.143014030474745812e+00
1.398546429709409233e+00 -3.803552335922554928e+00
1.317351482174014654e+00 -3.984486169521956889e+00
9.889192094751556583e-01 -3.886155889394856899e+00
7.976927423480087986e-01 2.535825088817384110e+00
1.179817711958834670e+00 2.985660861428532264e+00
1.013196131490110563e+00 3.392912951931394083e+00
2.442838506675609089e+00 -4.417453809848288060e+00
2.120909981183620285e+00 4.289154164939523284e+00
3.872284764795170364e+00 -4.630220506481684595e+00
6.354222983031214689e-01 2.735807464413226420e+00
4.786292251482169746e+00 -4.907873224160463899e+00
4.833729243348300564e+00 -4.714923578743879240e+00
2.954602200380483379e-01 -3.533787814522132198e+00
3.387319327729073071e-01 -4.020132639551813547e+00
1.705176110810375789e+00 -2.144093364828682180e+00
1.479538954702125597e+00 -1.735117979763893148e+00
1.620185670703183645e+00 -2.059155019819105981e+00
1.701901923044720100e+00 -2.063202832954028842e+00
1.672733670263011119e+00 -2.021828217981173292e+00
1.565434128524491264e+00 -1.920808700044454032e+00
1.941178576674217116e+00 -2.340841898329456328e+00
1.910762560506754637e+00 -2.288355866909371095e+00
1.800929719832881748e+00 -2.119613602897281179e+00
1.870291856444018519e+00 -2.185335365123455276e+00
1.961101778869737355e+00 -2.286175875409850899e+00
2.212687899588369422e+00 -2.519848104543377154e+00
1.599648080709095588e+00 -1.979380469027774980e+00
1.734331504069537289e+00 -1.924740297024729152e+00
1.801056101091436989e+00 -1.982708316719604458e+00
1.948587405888701163e+00 -2.143844272449733968e+00
1.796095945254523318e+00 -1.881939098174437275e+00
1.780270000161426891e+00 -1.844155400888200846e+00
1.877721400961332554e+00 -1.950375255679105413e+00
2.111522686275378202e+00 -2.197064312401345365e+00
1.901460575309160683e+00 -1.952850277250324895e+00
1.912381129323012852e+00 -1.943984738721293848e+00
2.111356378727404781e+00 -2.110740595150348842e+00
1.667888421211905614e+00 -2.074061168785649834e+00
1.931752295178642553e+00 -1.929185326402983236e+00
2.127952071367800180e+00 -2.092632503656592924e+00
1.901843204767821538e+00 -1.864580828166463089e+00
2.178322359827312482e+00 -2.232491991246205565e+00
2.182449446052971087e+00 -2.172485366756454539e+00
2.192090826645964441e+00 -2.248526597531395055e+00
2.196091326985099457e+00 -2.243955510017239696e+00
1.984110494171806183e+00 -1.920849361217070506e+00
2.230254861727668736e+00 -2.255273075525837889e+00
2.245218920110494842e+00 -2.276595301491139978e+00
1.634512393681941456e+00 -2.060602517220944119e+00
2.093235936314055579e+00 -2.221585378764911134e+00
2.209711503167546276e+00 -2.327106856814589619e+00
2.086280779840823829e+00 -2.204172315080195954e+00
2.149483668756329013e+00 -2.295495195204422689e+00
2.319902451028778678e+00 -2.422756921850723444e+00
2.227128709863546607e+00 -2.378111701722056104e+00
2.242438559364503092e+00 -2.377759798067572650e+00
2.240278396239813397e+00 -2.417561680910176314e+00
2.221159920702857615e+00 -2.431588379903548258e+00
2.229783693788278676e+00 -2.486362819268267632e+00
1.676539860236731627e+00 -2.095860726825043763e+00
2.283741692382147193e+00 -2.583874858680072162e+00
2.068055884968439173e+00 -2.476895404700374392e+00
2.118112509154431944e+00 -2.501433338115525373e+00
2.052317929883286318e+00 -2.487062418436705169e+00
2.647883744152061958e+00 -2.915910534549618571e+00
2.412229364919955099e+00 -2.781865281025849956e+00
2.032502144371390873e+00 -2.549415325542780941e+00
1.508817199317504798e+00 -1.970134903911438862e+00
1.504911487063838038e+00 -1.880027260403924094e+00
1.607935027994880750e+00 -2.107571159364499458e+00
1.621428701465736921e+00 -2.041137884514200973e+00
1.452235497360598204e+00 -1.781069623483986897e+00
1.744083588531478934e+00 -2.244170242043650454e+00
1.225740918272242297e+00 -1.485551964030235039e+00
1.696529859361429748e+00 -2.178762559022783929e+00
1.461570572454791828e+00 -1.808759838245646234e+00
1.708452467675430686e+00 -2.169670363488157783e+00
1.393955830573768262e+00 -1.737311434638113994e+00
1.705500363421900367e+00 -2.190518238702550580e+00
1.401384731336076994e+00 -1.769318548851179562e+00
1.384076815075376388e+00 -1.704714937058906976e+00
1.408035569795942799e+00 -1.663134378646038414e+00
1.391719503288471493e+00 -1.797432143634710044e+00
1.476467168585120504e+00 -1.718773118059363059e+00
1.663797973466277114e+00 -2.053468443844599811e+00
1.544039327828647945e+00 -1.902492722525391367e+00
4.953026347324588130e+00 1.998617716554454526e+00
4.863145457867426025e+00 2.084372389096865508e+00
5.229093370810805830e+00 1.450501567478756471e+00
5.170654070390837020e+00 1.502805658575258718e+00
5.255133614851642321e+00 1.500439960242393900e+00
5.108385136146259775e+00 1.557648394006594605e+00
5.018095427240394812e+00 1.636008082876589498e+00
5.418309006062827393e+00 1.546464792343305028e+00
5.192933177792864896e+00 1.535962838666280694e+00
5.179458849856811931e+00 1.836015778822042588e+00
5.099439435529649955e+00 1.511488750534687453e+00
5.076935911154874859e+00 1.636850868649036173e+00
5.070795395117022153e+00 2.050217631193894441e+00
5.045666327253913508e+00 1.558886125851537852e+00
5.234442227863771890e+00 1.754851513117988704e+00
5.083206832096106353e+00 1.606445498329273303e+00
5.126853457550811122e+00 1.743194324635629178e+00
5.034945306493408879e+00 1.653427576539449939e+00
5.044446267390071625e+00 1.713112534714747115e+00
4.897383817123398764e+00 1.661488127842741136e+00
4.969693724749752128e+00 1.714577306875220142e+00
5.066246611228131691e+00 1.680484939199356598e+00
4.870065868024891387e+00 1.685595794811076242e+00
5.002361611826894539e+00 1.508075470103794169e+00
4.972245827392528739e+00 1.687352815355124269e+00
4.927355863166593686e+00 1.717890852416740222e+00
4.871539052899358069e+00 1.715859600027882292e+00
5.064716901763254953e+00 1.743015844398198011e+00
4.987382158836530799e+00 1.722759959505589356e+00
4.860257825539868293e+00 1.741215964969955454e+00
5.086127081717979337e+00 1.730110542640289406e+00
4.966601834286667128e+00 1.753356942655092787e+00
5.141016454348369180e+00 1.731025953084921687e+00
5.159870834914640270e+00 1.622524552079596782e+00
5.208472553306897623e+00 1.393505036627784799e+00
5.148183027240832210e+00 1.695752296601723774e+00
5.204404198491538125e+00 1.621762483777865471e+00
5.232945810292814137e+00 1.720684026691217783e+00
5.136112983832367362e+00 1.694019080827847246e+00
5.219523175486028066e+00 1.783409196654891282e+00
5.277293795621717187e+00 1.696699448133077714e+00
5.236866628171690685e+00 1.673377291484340335e+00
5.284471104389871776e+00 1.642864452209331860e+00
5.288765068292717864e+00 1.635189035527947254e+00
5.262977830895347431e+00 1.627670858755711381e+00
5.104236151680075828e+00 1.410344353903435488e+00
5.299094665960909722e+00 1.622576640740353238e+00
5.374047286861892481e+00 1.656333425022247896e+00
5.416530780029750858e+00 1.655695760897925028e+00
5.355874744124455411e+00 1.709846471313623884e+00
5.271293392160874447e+00 1.603923075613195248e+00
5.489916791213715008e+00 1.677669242108831726e+00
5.441148701998184123e+00 1.724288446178633638e+00
5.424786954938567440e+00 1.702979990212499573e+00
5.521858778763887976e+00 1.695236219326792915e+00
5.484459096984891424e+00 1.705087393390169570e+00
5.262092335935333764e+00 1.413252640653411385e+00
5.526387646462373127e+00 1.751718909790558332e+00
5.538555395999680719e+00 1.722989602572816192e+00
5.240598058032973405e+00 1.894452082015342320e+00
5.546270254172482872e+00 1.776221281872102820e+00
5.104012569200703453e+00 1.930078598570909243e+00
5.242689802416231615e+00 1.922321712522919945e+00
5.136227541380636197e+00 1.901096058936817990e+00
4.949172208891850389e+00 1.925663889615943702e+00
5.052194523762740808e+00 1.955446442289259013e+00
5.007218171847658716e+00 1.934192281534400149e+00
4.965752071726529771e+00 2.104752150170128289e+00
4.906682857554000243e+00 1.948233478664032514e+00
4.900917393910038555e+00 2.023892636537876655e+00
4.917743403840443506e+00 1.888953411718400366e+00
5.143783559569163444e+00 1.890757074384299630e+00
9.403986075878090212e-01 5.274522088560807731e+00
9.016280833127522376e-01 5.358452473466186028e+00
1.711671930937121999e+00 -5.188303511364628307e+00
1.715028977926955411e+00 -5.240894191245693889e+00
1.640473455683676640e+00 -5.027931032862636762e+00
1.962463629896942674e+00 -5.270673409989027114e+00
2.062650564359392646e+00 -5.447328455391943436e+00
1.244761375872181164e+00 5.575306905925029533e+00
2.094879980714181578e+00 -5.454888667893803778e+00
1.333381379556484614e+00 5.278660828924271797e+00
9.538036313568873936e-01 5.092002837067322929e+00
8.867463155402709463e-01 4.800998667940779896e+00
1.001029646572162202e+00 5.473456228286121217e+00
7.816911262133722227e-01 4.723936005843057728e+00
7.646819512013237619e-01 4.496454423371204712e+00
8.214180972779260292e-01 4.538687410149774948e+00
8.561157547613609253e-01 4.559143905849158074e+00
6.964840711584200372e-01 4.422078056825996306e+00
6.220430684086319939e-01 4.147418940658102571e+00
7.896345691863857486e-01 4.563265616081551457e+00
1.831386111991502919e+00 -4.731232762201616815e+00
8.807225991551996813e-01 4.709338543344350647e+00
8.856343728591209441e-01 5.055635083027815391e+00
1.841773916469282790e+00 -5.302088288408541850e+00
2.190104113806309538e+00 -5.143199190235590024e+00
8.301394421679493263e-01 5.059194368110238038e+00
1.767568407552314591e+00 -4.868218320592319515e+00
1.422031333698563271e+00 -4.504623590615431716e+00
1.465591467594401731e+00 -4.517627065659642227e+00
6.824169132230594181e-01 4.539982483216863152e+00
9.659179633458666592e-01 4.919845186948937688e+00
1.137522522456437368e+00 5.117194743574785321e+00
1.037051334691804660e+00 5.042654527906814899e+00
6.875276332479117736e-01 4.365802280482177444e+00
1.186876785702006387e+00 -4.583480502612288454e+00
1.234870837793426990e+00 5.361572271937733447e+00
1.129954081533121268e+00 5.275699137471461242e+00
2.005352244467328848e+00 -5.030764357471329440e+00
2.299751770923585514e+00 -5.335128926124030002e+00
2.308988251861206376e+00 -5.435346249845923516e+00
1.601132031553444746e+00 -4.483578728546562253e+00
9.282408441835819923e-01 4.778447467061871734e+00
8.952120291902868621e-01 4.624924142011376915e+00
1.047150040307958996e+00 4.938201754692307155e+00
1.922006511664834161e+00 -4.910086932421208417e+00
9.792976193253521977e-01 5.428403366677041042e+00
9.723253176060756564e-01 4.782727174452224617e+00
1.310807383702508488e+00 5.506647273590527192e+00
2.389550074066350671e+00 -5.447783450701924046e+00
1.409837535924872265e+00 5.650439129934584415e+00
1.388241437221015895e+00 5.725414373608590957e+00
1.492078567300836767e+00 5.858570887900765634e+00
1.844281738656754488e+00 -4.871976653358008669e+00
1.481131519756000214e+00 5.760088808481871325e+00
1.037679214886456203e+00 4.929122994568033711e+00
1.457713425507869198e+00 5.773311904024876817e+00
6.760729524114010847e-01 4.889741195122765838e+00
2.205025849351807121e+00 -5.298819371630029806e+00
2.002732859151252320e+00 -5.056560026100459737e+00
2.147519797697388100e+00 -5.341133531805114742e+00
2.352750338937329211e+00 -5.437198421584284347e+00
1.943147117716841565e+00 -5.200576258283773790e+00
2.179384377807486395e+00 -5.339340548102224027e+00
1.167689834722444697e+00 5.644142467612333292e+00
1.036173388052010313e+00 5.419921199770113773e+00
2.110021947862206648e+00 -5.479841816064412896e+00
1.076113667877784508e+00 5.493569603615791941e+00
7.371090353097644599e-01 5.047843038194547383e+00
1.619020906985066288e+00 -5.038065365795780792e+00
1.910913391707548481e+00 -5.234012466570658439e+00
1.657404743600992436e+00 -5.188203126723627712e+00
1.554954305105662238e+00 -4.974591425543605006e+00
-4.477489077284928953e+00 -6.679968178897752740e-01
-4.447833928887470201e+00 -6.942904231956289474e-01
-3.317333800953017331e+00 -1.000324116215827619e+00
-3.158589775144919898e+00 -1.040075928916451842e+00
-2.980102154641425027e+00 -9.125027287541604970e-01
-2.816075620891517861e+00 -6.941346737831621816e-01
-2.814262037989828436e+00 -5.355489273676030670e-01
-2.782823835216955644e+00 -3.445403672274902629e-01
-2.832584434606872481e+00 -8.983371335347255238e-02
-2.910013506791157667e+00 -2.023650681050845682e-02
-3.085498968831049016e+00 -3.086090854777280915e-02
-3.092392462114046836e+00 3.246331546119400613e-02
-4.541098872970434464e+00 -5.930108823599887780e-01
-3.150299773871084952e+00 -8.807651790485072907e-02
-3.211250248109144945e+00 -3.567517686793120757e-01
-3.333763098100970268e+00 -3.981326100840857918e-01
-3.347279149878428672e+00 -1.302032377165739385e-01
-3.565660737009585191e+00 -5.332918334395838622e-01
-3.650636828940710732e+00 -3.605905877221335376e-01
-3.930777470877612423e+00 -2.362872087855778513e-01
-4.158025620639604014e+00 -1.419557873673200077e-01
-4.204924622073604290e+00 -1.633295357713956258e-02
-4.316094689953777319e+00 7.743259257168645660e-02
-4.445616252011322267e+00 -6.582941054846238593e-01
-4.558410718967972564e+00 -1.534208457186465313e-01
-4.803167808758856516e+00 -1.440663500904877659e-01
-4.844575429788846144e+00 -1.703093408241951601e-01
-4.856846251511667489e+00 -1.890286023069852328e-01
-4.949761996194343538e+00 -2.518450030083470015e-01
-4.915530364296391674e+00 -4.030334785423060340e-01
-4.874701615425776069e+00 -4.754798387495569600e-01
-4.864934224265224927e+00 -5.782590369668945129e-01
-4.704155934350579216e+00 -7.107802869339412410e-01
-4.668302486021888242e+00 -3.796418226555597908e-01
-4.425478246340541766e+00 -7.352691962924092772e-01
-4.444417878051972970e+00 -1.292208404521985876e-01
-4.281528253680266793e+00 1.128874538317609089e-01
-4.106540650874719312e+00 9.050897889899740811e-02
-4.005470353511686454e+00 1.330300952378990487e-01
-3.654653817112071490e+00 1.124507273872924207e-01
-3.179975476181546412e+00 1.050977910731482473e-01
-3.224424100566330775e+00 -1.766914409768913785e-01
-3.168606258296860378e+00 -1.459599409475241805e-01
-3.176319580435215784e+00 -1.716957593718493602e-01
-3.129565103352420774e+00 -1.938931993925007979e-01
-4.361858559862029416e+00 -8.288753765972114440e-01
-3.145267737170502009e+00 -1.748464006895928680e-01
-3.080607677331664185e+00 -2.495896336543165228e-01
-3.061871131651507927e+00 -2.373862120037154022e-01
-3.019929092339475041e+00 -2.251777046040388808e-01
-2.970721369033278769e+00 -1.916400222359840866e-01
-2.900282462407278938e+00 -1.847208298255448577e-01
-2.945200417974971785e+00 -2.681583177132570439e-01
-2.963039264234891501e+00 -2.945551322482484191e-01
-2.928924724235468791e+00 -2.797705928765701899e-01
-3.053331811411266195e+00 -3.208927272415774135e-01
-4.041988208813084960e+00 -7.633292815600467573e-01
-2.876029426363369002e+00 -2.678795628670906370e-01
-2.967863696402569307e+00 -2.549499974475773478e-01
-3.261243503398610244e+00 8.115126031409179708e-02
-3.640817989122278053e+00 5.888197377394902010e-02
-3.630242026776546727e+00 2.570083900916387276e-01
-3.825503799605747268e+00 1.357058824952364906e-01
-4.034338108090792296e+00 -7.534792061914329098e-02
-4.346949416797158960e+00 -3.185084450108107146e-01
-4.471816078614732071e+00 -4.000652135264470277e-01
-4.480089714536503287e+00 -4.991617241485200585e-01
-3.878222404397471124e+00 -8.297811459751135432e-01
-4.570419110841959842e+00 -5.238983226087966516e-01
-4.552942507807324013e+00 -5.458056469535564892e-01
-3.751794302792921254e+00 -8.710930495524998873e-01
-3.601389747263414876e+00 -8.659105681961301038e-01
-6.155741029960860367e+00 -1.232832836498885642e+00
-6.138417397760185246e+00 -1.319361950412879958e+00
-5.024056914781734662e+00 -2.415781341301710849e+00
-4.475358655886313208e+00 -2.740471922953858552e+00
-4.046649807502555873e+00 -2.690459000586993277e+00
-3.171475005069204656e+00 9.553041004217778243e-01
-2.297346267998999547e+00 -2.548510266611957231e+00
-1.365222117949296043e+00 -2.480085084576522991e+00
-1.448673428858310575e-01 -3.070108086925158020e+00
9.061707967956925680e-01 -2.026935498874042008e+00
7.382997775534271279e-01 -2.563362763840342673e+00
-1.963941419568117353e-01 -2.161128108669626346e+00
-6.318131840177056979e+00 -1.469466588376838745e+00
-1.341434127228924966e+00 1.806862825223839675e+00
-2.347046965832086052e+00 1.425209141451035277e+00
-3.083426863376986571e+00 1.127922411169225647e+00
-3.960351819895142622e+00 6.471760744326292558e-01
-4.899770835939690095e+00 5.341821006775023806e-01
-5.202901595299273652e+00 -7.953703959612452579e-01
-5.551923086063423440e+00 3.338103879601412305e-01
-5.774280410224968740e+00 9.935304060209161625e-02
-6.087347274265804131e+00 4.104676311904797981e-01
-6.313618513381965336e+00 2.902671865063837231e-01
-6.074649775288257558e+00 -1.578226274112990879e+00
-6.263883713644190721e+00 1.966283030486004335e-01
-6.324844250250093225e+00 2.924975096302410635e-02
-6.398937650163189161e+00 -1.551982790512448918e-01
-6.387011591147373046e+00 -2.496396466867992492e-01
-6.330064537233797139e+00 -5.226678338223282871e-01
-6.501634470093776486e+00 -1.049259165789062420e+00
-6.400879656061070122e+00 -1.221588924716470181e+00
-6.247169373336265430e+00 -1.266696516972618758e+00
-6.288978425200838274e+00 -1.373562639990366208e+00
-6.142418053513691412e+00 -1.481782996697357691e+00
-5.931345627974773826e+00 -1.409229924622086738e+00
-6.172249912580161535e+00 -1.774833495648976411e+00
-6.066724873037188104e+00 -1.905503382825340486e+00
-5.979131394330901017e+00 -2.090753626973509860e+00
-5.731626638006058094e+00 -2.285120688341221395e+00
-5.652650516684711413e+00 -1.962570113709229735e+00
-5.379005848261543932e+00 -2.789394106315122190e+00
-4.802960882990619851e+00 -2.972454053058243950e+00
-4.521023242669794939e+00 -3.287261563121171903e+00
-3.903268427788146866e+00 4.621400193983733473e-01
-2.827877530635398706e+00 -3.492746752563550050e+00
-6.052847405330046726e+00 -1.761524255541421891e+00
-1.819430664212736248e+00 2.921539669965225183e+00
-7.852521294695767873e-01 -3.080882456139041992e+00
1.886551466440521407e+00 4.602209366013873648e+00
3.125378749719410543e+00 -4.787720658570012944e+00
3.500345457510152691e+00 -5.149062455545172945e+00
1.990889020142644128e+00 4.853826578537499437e+00
-1.556471171935358000e-01 -3.917650028416070906e+00
-2.183322288463305227e+00 2.351454905438171927e+00
-2.887008329490829972e+00 -2.115462851337753136e+00
-4.404698459496846574e+00 9.325550118966706714e-01
-6.094023569631213277e+00 -2.073466712444178128e+00
-5.234497709144782185e+00 1.127784155664730781e+00
-5.524564314081170657e+00 7.290693070935299058e-01
-5.775336826372831744e+00 2.766354570133193747e-01
-6.081381768327604576e+00 5.905017144389541617e-01
-6.111515039320390308e+00 2.466449919972294180e-01
-6.318387427565112624e+00 3.742728133032933724e-01
-6.450831721564874499e+00 2.374570357179063562e-01
-6.384520174032404682e+00 1.303681229487136384e-01
-6.334971906367804273e+00 -1.817056084706565877e-01
-6.393280828147452688e+00 -3.153461542724188549e-01
-5.796414080440431604e+00 -2.112806423358959407e+00
-6.096682059214173499e+00 -5.387473865437544251e-01
-6.138355417289442784e+00 -9.130767787671021374e-01
-5.576312990260396063e+00 -2.243095331188758923e+00
-5.309236470414592901e+00 -2.302323257271857493e+00
-1.990194687963362741e+00 5.933748087013182904e+00
-1.697474281120025186e+00 6.125565345342566914e+00
3.737864521889723957e+00 6.445068782724213463e+00
4.999616254888569422e+00 -5.152884538929447977e+00
6.754364527756393954e+00 -1.952234909170338151e+00
5.655478069309236133e+00 -3.539278243925744860e+00
5.426015425810979842e+00 -3.030063478445816472e+00
4.568695703203673020e+00 3.903294465627527465e+00
4.379656912091979493e+00 3.587998521632904669e+00
5.411889890275534576e+00 -1.943698334889842672e+00
4.241521442822834942e+00 3.413504517306161556e+00
5.341422351780566125e+00 -2.034131931878271349e+00
-7.621160836747296052e-01 -6.576759084138282141e+00
5.195754579895461411e+00 -2.327411312072721117e+00
4.133932940069502848e+00 4.141639674046815323e+00
5.235664776992521752e+00 -3.200860856968405166e+00
3.730765124516650211e+00 5.036752154872718101e+00
3.499359340770646032e+00 5.470532992536339734e+00
3.412675212977030803e+00 5.898141389652553634e+00
4.091584983721237911e+00 -5.948799807224061986e+00
4.256895632497679216e+00 -6.327375961168733909e+00
2.583871461064599639e+00 7.136640257382276253e+00
2.705421988913964348e+00 -6.741642375256811981e+00
-2.857224291494909751e-01 -6.742124706788447774e+00
2.240903588849483707e+00 -6.783538951492305458e+00
4.103787184258966825e-01 6.878807110624187260e+00
-9.344175244181425477e-02 6.820004993445065722e+00
-4.126685935503497937e-01 6.813197063044405866e+00
-4.976493764036928336e-01 -6.580884589721826217e+00
-6.408803106352488621e-01 -6.536540962094675500e+00
-1.343180604955504176e+00 6.246039285882349468e+00
-1.102733175535766330e+00 -5.994726201763481477e+00
-9.406478401486588758e-01 -6.469430340324174189e+00
-1.497620388592399321e+00 6.081414060772853070e+00
7.961635034242157960e-02 -6.869390858149557744e+00
-9.061499312199338130e-01 -6.574255355291413139e+00
-5.236506144001907836e-01 -6.625970506708155128e+00
-1.656128780201316653e-01 -6.649299411874168619e+00
1.634281353461889330e-03 6.684784697968221501e+00
4.234184319986761813e-01 6.662468948522020540e+00
1.347554204978526515e+00 6.764652476397444936e+00
2.032469719079809334e+00 6.639126690596476976e+00
4.180300536263388267e+00 -5.557456160011673418e+00
3.701787188758273395e+00 5.932109074365171431e+00
5.472574952479471122e+00 -4.600990178581261247e+00
1.001166662708587340e+00 -7.000652247965653885e+00
5.758129488979517596e+00 -4.267466678427674687e+00
5.906051383546588873e+00 -3.997613123430510562e+00
4.457084105487276737e+00 5.101031220821467649e+00
4.576063365845967290e+00 5.225512641065401809e+00
5.736712367901779963e+00 -4.043344501738578067e+00
5.595479281851171827e+00 -4.407260544775716937e+00
5.101118529020534531e+00 -4.654750189662311577e+00
5.192367943439873734e+00 -5.160950611436059710e+00
4.543127383809633990e+00 -5.511027636413131425e+00
4.201221802130216787e+00 -5.812611348059514960e+00
1.350356051215836795e+00 7.067933356403594658e+00
2.544156984286965351e+00 6.681499492734777057e+00
1.980615616288333269e+00 6.776563163698472891e+00
9.933079801549844490e-01 6.592585947073822616e+00
-8.696674110071633823e-03 6.206892290424836922e+00
-2.677509904212463931e-01 -6.112735418713007185e+00
-8.965587527144746050e-01 -5.988679747807353237e+00
-1.232652718067210884e+00 -5.917917064352522516e+00
-1.723119460974998907e+00 5.562507566558577921e+00
-2.158282517619916518e+00 5.587178502297478033e+00
-1.698315998061163512e+00 -5.849264703998651171e+00
2.754755172069654368e+00 -7.079171984417414798e+00
-1.681304233318591246e+00 -5.916373079964899695e+00
-1.661058728731968692e+00 -6.094865276484527250e+00
2.878165074977904414e+00 7.347757876403286481e+00
3.294196967988310742e+00 6.969864334774986681e+00
-4.766808499903399721e+00 2.294979070834124890e+00
-4.767779272546964542e+00 2.490255602177683603e+00
-4.583503646788506636e+00 2.736353172957924684e+00
-4.597629996693857635e+00 2.261234174870182745e+00
-4.490882848295033369e+00 2.275963331189240435e+00
-4.427718100733622819e+00 2.286576497357178717e+00
-4.494269387311716990e+00 2.310829220283469265e+00
-4.332845668290473462e+00 2.168139200651702847e+00
-4.238769824784807128e+00 2.487654274583895209e+00
-4.290414197433155330e+00 2.352456470036657699e+00
-4.223533871293179587e+00 2.274696393213225587e+00
-4.269677537798764355e+00 2.255221699942380642e+00
-4.721459220040874705e+00 1.883217117733933632e+00
-4.214415263687607549e+00 2.077662646900917398e+00
-4.200337844671103937e+00 2.131451539184376909e+00
-4.130022613547050803e+00 2.183895176745216826e+00
-4.106031434470248875e+00 1.178398728686546271e+00
-4.133282486639394904e+00 2.449019721840554720e+00
-4.113942045033724071e+00 2.062168263623220810e+00
-4.114167151821878754e+00 2.159053429539679492e+00
-4.380774985076617334e+00 2.425036210131213288e+00
-4.615076622716950183e+00 2.258916070207980020e+00
-4.476658961434997863e+00 2.086116714326432753e+00
-4.654295984581192869e+00 2.714776075355501916e+00
-4.749063391830771863e+00 2.519945326667186070e+00
-4.859411679440176712e+00 2.632892232922246833e+00
-4.764109282815259583e+00 2.303624664128817834e+00
-4.804661105926901321e+00 2.103674910824691491e+00
-4.915242149405141703e+00 2.534030394881860104e+00
-4.926167654774835647e+00 2.055455970360821727e+00
-4.814358122591779754e+00 2.082751782369966165e+00
-4.947633835416729298e+00 2.189818233619352128e+00
-4.995104210421463797e+00 2.267775376688033973e+00
-5.104678574128676871e+00 2.231934875461012435e+00
-4.575624599272150483e+00 2.573516179085316935e+00
-5.018188268733141832e+00 2.273744144535291944e+00
-5.118050076931849546e+00 2.474968940975925236e+00
-5.138302567294267931e+00 2.228215989205536651e+00
-5.077652759799901716e+00 2.325634727202563923e+00
-5.118465187122428262e+00 2.399931814960883258e+00
-5.078705314735326048e+00 2.448237246664510813e+00
-5.058751977025713664e+00 2.525236762732238738e+00
-5.019238945437870747e+00 2.566134472948355949e+00
-4.957744030092231746e+00 2.657860717902258862e+00
-4.840958582105361785e+00 2.624301200664291400e+00
-4.676435766769337476e+00 2.063044725590716055e+00
-4.762291279772129293e+00 2.671334118839839622e+00
-4.857269657908403815e+00 2.293682603757075444e+00
-4.660388013982077915e+00 2.548704698986591133e+00
-4.544581845615485172e+00 2.246355094000274555e+00
-4.384224949599217602e+00 2.639691092463413824e+00
-4.362287657301678223e+00 2.734087786006206056e+00
-4.428129497076905174e+00 2.001577561339328959e+00
-4.244083669434052908e+00 2.592698733683490353e+00
-4.201480330929744156e+00 1.808749718995883216e+00
-4.119459497661322800e+00 1.401013832147510296e+00
-4.508421352382094405e+00 2.755508467285127772e+00
-3.938522826944451882e+00 2.594125656381445211e+00
-3.819302328006228819e+00 2.595866022170263410e+00
-4.217148832200201980e+00 1.105111567026944241e+00
-3.962326687212851528e+00 2.691256740791260871e+00
-4.131413212876593022e+00 2.913391769020217126e+00
-3.974975582959508369e+00 2.821905977966298273e+00
-4.039952748720555320e+00 2.793555536444606968e+00
-4.303147381765467294e+00 1.307779640948104172e+00
-4.110262849764959370e+00 2.959438705871976882e+00
-4.192303554625639528e+00 2.724835824922707594e+00
-4.532276350139051502e+00 2.800193187961492747e+00
-4.430464435638945098e+00 2.980156866402798865e+00
-4.640983657414323282e+00 2.434847670358124549e+00
-4.618907923555998885e+00 1.828297049970030841e+00
-4.554057754126531243e+00 2.753980035519622227e+00
-2.655394177028163938e+00 -4.572076356418476983e+00
-2.494594290032165596e+00 -4.527439828149891987e+00
2.823268854382921855e+00 6.713741171516074857e+00
3.935711032409142440e+00 -6.164900722327278260e+00
4.769434194893471535e+00 5.354217076701238476e+00
5.166588278434733894e+00 4.583497897165511148e+00
5.424647027668635602e+00 3.881768145485228416e+00
5.932615910025626604e+00 3.392512736898235293e+00
6.805055724771200687e+00 1.798344485073945620e+00
6.626712951630969961e+00 1.672738660706562630e+00
7.021986913873941916e+00 1.161231709779534160e+00
6.259386327851687248e+00 3.105796632128528412e+00
-2.419586035371671606e+00 -4.518005841042183945e+00
5.664331999522567607e+00 3.661502932644115749e+00
5.347633702500198538e+00 4.165097989208306650e+00
4.920021063194297106e+00 4.783295899485033864e+00
5.935458085401502437e+00 -3.823095720055157631e+00
3.538163154186459991e+00 -6.227575254175187425e+00
2.156678225296343232e+00 -7.055748032556805605e+00
1.195826698063311211e+00 -7.432440817058133753e+00
-5.315678205877245599e-01 7.488177689034982265e+00
-1.410847217092117800e+00 7.445021983231298712e+00
-1.246969119215633803e+00 -7.119278873122868667e+00
-2.052318937247612496e+00 -5.661905970961549350e+00
-2.574804522580985466e+00 6.552592524770033400e+00
-2.930235343853036412e+00 6.113333691590289831e+00
-3.005006637707965833e+00 5.748383859260489892e+00
-2.648567013707073148e+00 -5.434886243849093468e+00
-3.084963856442535235e+00 5.135270298805247435e+00
-3.293600792706405933e+00 5.354075560807378231e+00
-2.820022869634638774e+00 -4.707127089181429191e+00
-2.984536864459481187e+00 -4.624455420671017336e+00
-3.250693695974931074e+00 4.638536915873068267e+00
-3.326567757668359882e+00 4.574137792323542229e+00
-1.801510120582433094e+00 -6.042281976398975019e+00
-3.415182930989445698e+00 5.181887123985413623e+00
-3.206398932519237022e+00 5.173131374413982186e+00
-3.144535799523866526e+00 5.492977855130553699e+00
-2.161713447014043332e+00 -6.216300843576737734e+00
-2.654233134436056130e+00 6.298504120206207979e+00
-1.122748720718633297e+00 -7.016073892448035920e+00
-9.965078180957681608e-01 7.193547670251518866e+00
8.263764629866119371e-01 -6.964261799885653303e+00
1.482889555912922708e+00 -6.322213150760669365e+00
4.319114067566500736e+00 -4.075280643285146276e+00
-1.829095245045988749e+00 6.273524262338763258e+00
3.759650118786676209e+00 3.997416380943924707e+00
4.345313627230751763e+00 3.314866365914272528e+00
5.417554010243351925e+00 -2.416899150239467664e-01
4.827667555791345322e+00 2.900858447071318125e+00
5.109398918897163355e+00 2.826947243085342176e+00
5.303212230223995682e+00 3.088618274571197198e+00
4.356046501692646622e+00 3.725390898313230448e+00
3.923597586905442025e+00 4.616793842830686501e+00
2.230976231017009592e+00 -6.191301943049033696e+00
3.118827555337573831e-01 -6.629783069586204114e+00
-1.544212474346507102e+00 6.248662034526694775e+00
-1.463650195218028971e+00 6.716233659810344037e+00
-2.524881277431383797e+00 5.916695584871384028e+00
-2.539235209559899786e+00 -5.779983646292500943e+00
-2.886093248174254278e+00 -5.261443578165176049e+00
-3.502195477024387493e+00 4.651105625796184917e+00
-3.083677942957688156e+00 -4.774769125974299477e+00
-3.107157774575877607e+00 3.033961599392912323e+00
-3.001560071406925712e+00 -3.221984875596177300e+00
-3.012859304898058976e+00 3.566113675922235604e+00
-2.801698908791754761e+00 -3.921454766406490933e+00
-1.137357241052442958e-01 -6.927010736054946882e+00
-2.879422382868691788e+00 3.327420786728448210e+00
-2.710040001074558891e+00 -4.117160200412065763e+00
4.851897274728008136e-01 -7.222384216351020569e+00
1.275145782978473141e+00 -7.109132487657286781e+00
-6.517509602612826747e+00 -1.319739708237317011e+00
-6.699949177958938407e+00 -6.066025476450319642e-01
-5.525922575515611612e+00 -2.469139765413945309e+00
-5.103869551022388151e+00 -2.892051906333307443e+00
-4.884483161765757586e+00 -1.212932287711891766e+00
-3.840535314477504514e+00 -2.824655506070772759e+00
-3.083918175915452586e+00 2.566719737567776161e+00
-2.099803497915792239e+00 2.488925533967998316e+00
-1.078773680630238374e+00 4.430600009592644106e+00
-6.618305461892681762e-01 -3.303876549433431453e+00
-1.105232660588060023e+00 -2.609569189828290448e+00
-1.804445186455338579e+00 -9.640209843935851897e-01
-6.584110292080971760e+00 -1.244066190480021872e+00
-2.255569677730446809e+00 2.581295201051611699e+00
-3.067299831384227016e+00 1.363330554289537089e+00
-4.065091682960025210e+00 -1.160477897282834903e+00
-4.989398611736739042e+00 5.298774699985508985e-01
-5.253132791952687342e+00 -1.112916647939337977e+00
-5.551624064289129024e+00 -9.901115136659279781e-01
-5.891085171443360302e+00 -2.696858329423423850e-01
-6.057956588777935636e+00 -6.601755707085547042e-01
-6.290426885948098956e+00 -3.941839220069635608e-01
-6.510609731559284796e+00 5.303925842412232639e-01
-6.389904125457575468e+00 -9.562006349113396642e-01
-6.759015040926287909e+00 4.215193219005526903e-01
-6.415503316260195987e+00 -3.668028859363620109e-02
-6.293462314784940226e+00 -3.643033420031768777e-01
-6.365943569789332734e+00 -5.612899530509777302e-01
-6.275535875069900626e+00 -8.404617405332578395e-01
-6.303981026376173524e+00 -1.493883797598187124e+00
-6.433200699656815402e+00 -8.918547594579170346e-01
-6.201126341692702937e+00 -1.645936726287256180e+00
-6.392583361642202533e+00 -1.718375953400056000e+00
-6.379081357431015675e+00 -1.852585903635867615e+00
-6.292666964529564311e+00 -1.055124209016890635e+00
-6.549487279389236249e+00 -1.178932181741672469e+00
-6.325618180161932003e+00 -2.004031156841459715e+00
-6.723247945068209219e+00 -8.344802542554228264e-01
-6.230438248682553137e+00 -1.917977616860512713e+00
-6.750922698876925310e+00 8.596724298208668902e-01
-5.697693048515613867e+00 -3.423928331843371975e+00
-6.425812193314892617e+00 2.498845959668371197e+00
-5.031622042607412304e+00 -4.165520132855154323e+00
-4.530579292948087478e+00 -3.642775377915397073e+00
-3.864810827198497112e+00 -4.146450556356340300e+00
-6.224312432845686693e+00 -8.729036492131174718e-01
-3.635811468703229909e+00 4.718779611020002207e+00
-1.920511396706595209e+00 4.354423495079896789e+00
2.537117527060059330e-01 -5.540937071278627890e+00
2.613557801421269922e+00 -4.911695321909742340e+00
6.908306567612561011e-01 -5.724117478835556660e+00
4.461421722751040542e-01 -5.480682732695561832e+00
-2.487033223877143318e+00 4.435270795941304911e+00
-3.262570526227004386e+00 3.788204376843674837e+00
-4.233831039630918447e+00 3.777894938120820889e+00
-5.526382329461299037e+00 1.409874490095580413e+00
-6.149573720907359764e+00 -1.027162604179089112e+00
-5.878281147662405282e+00 1.477051720665772283e+00
-6.216229066860448071e+00 1.393285106650310690e+00
-6.314434213785256489e+00 7.493044410495224295e-01
-6.523926186276487904e+00 7.867125090024573719e-01
-6.710200831317969516e+00 -7.665215752772496227e-01
-6.740391843607602240e+00 3.847485145386676519e-01
-6.853839016776134052e+00 -2.016514623622764624e-01
-6.723817460464168505e+00 1.256234140655091702e-01
-6.665379757699146701e+00 -1.684392849247492441e-01
-6.626182482534404450e+00 -4.014868019969843327e-01
-6.081481334905775249e+00 -6.945863663494237228e-01
-6.603583034395785312e+00 -6.567510984155578990e-01
-6.629260114472205423e+00 -9.720559007354617753e-01
-5.962805899289477018e+00 -9.905041942601812144e-01
-5.691939790443619529e+00 -1.898032420576022172e+00
4.700227679875980336e+00 4.341907052499963449e+00
5.899888914110909433e+00 -2.444926558354492574e+00
3.866031613456620164e+00 3.168448398259559262e+00
3.660260013244464705e+00 3.067505941156173144e+00
3.717793096676289544e+00 2.979878130731110630e+00
3.822776509902138464e+00 2.940361650786304182e+00
3.941210637176529641e+00 2.984993660260200077e+00
5.599952908276445207e+00 -1.191331682005303816e-01
5.646562293141036193e+00 -3.014073762696803938e-01
5.801359905587998078e+00 -3.704509351864017641e-01
6.006400608611899727e+00 -2.906867093024300686e-01
5.497045137694639649e+00 -3.072136286225642943e-01
5.786665239606702649e+00 -2.350497797459138560e+00
5.775463162601576883e+00 -2.367153697952249503e-01
5.627870192525134208e+00 2.632000038440132084e+00
6.003497662422723202e+00 -1.026589838859815057e-01
6.232259870869279794e+00 -2.982588394270496157e-01
6.555149278917841826e+00 -3.340606534284744633e-01
6.425437676768722461e+00 1.424427226533430790e+00
6.285477435977058214e+00 -6.468379455576880321e-01
6.512780325514150093e+00 -8.796405787712905378e-01
6.575371371585592151e+00 -9.734887913157973527e-01
6.360362000536497362e+00 1.972550804058480711e+00
5.679746260989913864e+00 -2.017918123265946218e+00
6.221298628361849659e+00 -1.158374360330791664e+00
6.150974320447920363e+00 -1.241779978998291956e+00
6.186151698739649873e+00 -1.382523773503993247e+00
6.175915191494956602e+00 -1.433855242014748788e+00
5.607454558676775669e+00 3.149926419597516514e+00
6.117921082705415792e+00 -1.414320810310345067e+00
5.295439461325837094e+00 3.139911179023397558e+00
6.116989478064028596e+00 -1.162609036852525035e+00
5.002026932572020357e+00 3.151435295438246964e+00
6.034161524706866508e+00 -9.065344718142522851e-01
5.517328773385871798e+00 -1.771172478642766723e+00
6.105586464450426298e+00 -5.699079133882331005e-01
6.064179678836898013e+00 -3.008694525502408901e-01
6.331150765297501870e+00 -5.092636437449807318e-02
6.184461363136410483e+00 4.146234861137090139e-02
6.344190260239909840e+00 3.074234534135159569e-01
6.387422493777293653e+00 4.423516474482183103e-01
6.391235728006920525e+00 2.600019856790036776e-01
6.336880862191875963e+00 2.087737199689319867e-01
6.144274547145061049e+00 2.162825953453311190e+00
6.463274057086767499e+00 -4.948751809108525163e-02
5.379025559814905044e+00 -1.452303326280491635e+00
6.540449793763885467e+00 -3.969437518707298329e-01
6.475653033287131599e+00 -2.789497624351515159e-01
6.358589789576858387e+00 -5.984858703428799220e-01
6.071523836772645843e+00 -4.776852603646767892e-01
4.876346430942914090e+00 3.482120567269210820e+00
6.069885017612510758e+00 -6.850192481755349450e-01
5.888979876705762173e+00 -8.007226804348268612e-01
4.688938397908405165e+00 3.477285797435586190e+00
5.554513818938914937e+00 -7.676308424058293500e-01
5.522022108666753581e+00 -8.776569184042646299e-01
5.376832315558050190e+00 -1.282480267533160800e+00
5.518388577771843551e+00 -1.133766052609961772e+00
3.811722824675459975e+00 3.470606421195182811e+00
3.958417188794317365e+00 3.582513712235527059e+00
5.120365013136628285e+00 -1.674847668490310193e+00
5.185679310606654546e+00 -2.107099233918536818e+00
5.361357549338181094e+00 -2.341477930221405046e+00
5.523043731059792627e+00 -2.409409214137399058e+00
5.612934525471623637e+00 -2.751898608314884864e+00
4.288256788753844972e+00 4.449151143474136205e+00
5.805773258052225216e+00 -2.854476006179413883e+00
5.364297048596305295e+00 -1.124456540206925537e+00
5.694319361047490702e+00 -2.754515011320029849e+00
5.965596360100382078e+00 -2.698008068787324909e+00
5.292945778454692274e+00 -6.753086212260894783e-01
5.184908125133144807e+00 -5.123119906451315542e-01
-6.658528326026035060e+00 2.120997111470355190e+00
-5.501115209895944602e+00 -3.376330930198156999e+00
-4.686827697700747919e+00 4.150616505377835885e+00
-3.909008005850922451e+00 -4.705126213873946028e+00
-3.115538425122248434e+00 -5.111103404794364202e+00
-1.998810303318913739e+00 -5.084640963518031853e+00
-7.488701300179013698e-01 6.364911506268872365e+00
3.539354310603751164e-01 -5.667018488610433558e+00
8.519568258005951744e-01 -4.629367210785775733e+00
3.595943735419617204e-01 -3.158732552311006803e+00
5.526173151633916314e-01 1.520190343091140539e+00
4.982193516186190357e-03 -3.056598789825505591e+00
-5.442743748866136322e+00 -3.199322666980171093e+00
-6.182692202707460449e-01 3.485521193349167657e+00
-1.167574916905057991e+00 -4.476636505232676200e+00
-2.387474426418793261e+00 -3.364818310840010263e+00
-3.278108576303359278e+00 3.384353472255439588e+00
-3.794359094712830061e+00 -2.243159096971330868e+00
-4.826705131779429614e+00 7.260856634624183181e-01
-4.735389308966791333e+00 -1.441580310456775038e+00
-5.030411216398317897e+00 -1.490614290539283182e+00
-5.165412997811659856e+00 -1.747243209586696544e+00
-5.272108691362435096e+00 -2.158429726718042563e+00
-5.402515373352986039e+00 -3.052057303931625665e+00
-5.194306719597808097e+00 -1.928915825078814539e+00
-5.262060089897166115e+00 -2.053659289594134130e+00
-5.560071650681294386e+00 3.940411032021791660e-01
-5.703990959619368972e+00 5.394970309731780267e-01
-5.419923395213792183e+00 1.887742837859275880e-01
-4.446293798239632444e+00 -1.918152101530824272e+00
-4.660027287978751431e+00 -2.472022739020670379e+00
-4.913996788297220419e+00 -2.482003287470551989e+00
-5.031402544104242480e+00 -2.469722925375719580e+00
-4.835773355565007314e+00 -1.898135817656672497e+00
-5.329272331352277625e+00 -2.904345418005452650e+00
-4.817566117033564410e+00 -1.716351689968344862e+00
-4.794434968941720498e+00 -1.779812245931964521e+00
-4.662128709564126616e+00 -2.036117376377759580e+00
-4.412757658836760299e+00 -2.312246969572592903e+00
-4.392171700364916553e+00 -2.518363981317548905e+00
-4.238632093597343165e+00 -2.770652665658401848e+00
-4.344260108794146369e+00 3.369386547070824189e+00
-3.512248494878481786e+00 -3.297114904794248957e+00
-3.281822881140071591e+00 -3.522890126416333700e+00
-2.261502288555428564e+00 3.131403430332076354e+00
-5.381301430858835388e+00 -3.139493652874066676e+00
-1.172919263294723846e+00 -3.561798193760806086e+00
-8.438114759096124740e-01 1.796727732060250160e+00
-8.834293558442247729e-01 1.423794817952526381e+00
-5.628725298708346925e-01 -2.257495268955497458e+00
-3.932347083950117339e-01 -2.750057606529031418e+00
-6.938554211678999994e-01 3.898157383943239296e+00
-5.099175520077408041e-01 -5.459944223534249907e+00
-1.893586005880150802e+00 -3.886621400872371179e+00
-2.980664432907097705e+00 3.488771708890126888e+00
-3.692808493005075299e+00 -2.442840804110933739e+00
-5.119129563522583304e+00 -3.297338190650244361e+00
-4.200491891830076874e+00 -2.069737582644056939e+00
-4.467616827966200077e+00 -2.172668608860571116e+00
-4.980417185832158644e+00 -2.545224310032624615e+00
-5.057994022241211418e+00 -2.271247542799612162e+00
-6.038753120633312044e+00 1.288076815891781246e+00
-6.395605325049703360e+00 1.780382230160688417e+00
-6.183107584473302332e+00 1.204345974193134383e+00
-6.388686361798971980e+00 1.350562174617313538e+00
-5.681279553804611027e+00 -3.134300909700927562e+00
-5.799585785547775707e+00 -3.196529800876397154e+00
-5.105346271795803581e+00 -3.616126615464774652e+00
-6.649768413660654964e+00 1.928345898890659216e+00
-6.001847408292722008e+00 -3.634324825193567143e+00
-4.950364673973005836e+00 -3.621536206372669486e+00
-4.596746127773068125e+00 -3.909071960987752448e+00
-7.029581851819876270e+00 -1.095880655159873873e+00
-7.045888863323118478e+00 -1.272336990148958513e+00
-6.437595824131974176e+00 1.086587170936403668e+00
-6.242657485410994411e+00 1.988723699153621238e+00
-4.901958372496918237e+00 -3.727880725050193522e+00
-5.073237303514046559e+00 3.919539637310724967e+00
-3.696081346856861849e+00 -4.266961088476371344e+00
-3.287151068449153613e+00 4.899702260447345914e+00
-1.504419819073632869e+00 -6.021454678161549445e+00
-7.861725415779189374e-01 7.419578193686342082e+00
-2.407121595780031820e-01 7.912195511612312160e+00
-1.821191672851507626e+00 -6.183903205933982683e+00
-7.070626772485324452e+00 -1.653515224522443594e+00
-2.793114804591058764e+00 -4.968764408842615055e+00
-3.902589158413990233e+00 4.305226202196913654e+00
-4.511817997566600624e+00 4.173715230528233455e+00
-5.773232183818790553e+00 2.525692820512710490e+00
-6.048750231301966984e+00 1.959830019387172495e+00
-5.774097340237679177e+00 -2.447945969190921556e+00
-6.479215201011537140e+00 1.230360264310801588e+00
-6.564679310991345496e+00 1.029432253806870312e+00
-6.587408507010741765e+00 8.467523703288571957e-01
-6.860836307562951042e+00 5.671617844169424272e-01
-6.781948349297437062e+00 -1.971084640969807511e+00
-6.997197420236458854e+00 3.536679207932234004e-01
-7.024255615233363947e+00 3.792132657350290037e-01
-7.036062182608166182e+00 1.536424258676011290e-01
-7.203557854872878252e+00 3.117164030705623090e-01
-7.234015706329111062e+00 -5.582934826047246668e-01
-7.138211531532651755e+00 -7.720040476606400137e-01
-7.124372084570962826e+00 -9.234692097814828360e-01
-6.932120680269444613e+00 -1.507553265081909455e+00
-7.067626740607844127e+00 -1.826211787575461543e+00
-6.928191621804274725e+00 -1.780755216545125696e+00
-6.891439641076633649e+00 -1.389433445376661247e+00
-6.897582172756847818e+00 -1.716994902658264266e+00
-6.688028806334008536e+00 -2.142848091088599638e+00
-7.227865784107029512e+00 -4.281347357276880095e-01
-6.448142425838893743e+00 -2.536812603826085422e+00
-6.426232991849441412e+00 -2.598254029096918494e+00
-6.309657030828484281e+00 -3.034019127336748056e+00
-6.881026387693028212e+00 1.578632489843848852e+00
-5.593097625970888664e+00 -3.736147359932471712e+00
-5.334121305672582025e+00 -4.180655064299831025e+00
-5.424716246214621229e+00 3.802214638063048824e+00
-7.063475532846455351e+00 -7.081769172867723450e-01
-4.271683951910980603e+00 -4.793882162365683541e+00
-4.006935831286630112e+00 5.281588445229103534e+00
-2.312129080142231174e+00 -6.210358334798191215e+00
-8.889696204838722915e-01 -8.373186167069883723e+00
-6.174695432085488545e-01 -8.391248908448858401e+00
-2.086835421355935694e+00 6.527687615648677166e+00
-3.691092967824070481e+00 5.279668501104612055e+00
-3.953714582775955666e+00 -4.953021146459129831e+00
-4.651687219877057800e+00 -4.178025550948434308e+00
-5.960030087838591228e+00 2.960509083968160482e+00
-7.009375306463379474e+00 -8.802950888994997003e-01
-6.276074171191531548e+00 2.201898150397776366e+00
-6.241815693980604429e+00 -2.412081835018341724e+00
-6.757335004524079203e+00 1.431043789033687563e+00
-6.844335028931825882e+00 1.178209758970551579e+00
-6.843564266810824748e+00 8.815549984128419059e-01
-7.048976261332701831e+00 8.809384303165074259e-01
-7.159862968976208109e+00 6.330385637772757423e-01
-7.143956360445755216e+00 1.182117050795535168e-01
-7.153571742066771044e+00 -2.316611902124075806e-01
-7.274042455355644421e+00 -1.130543359109776741e-01
-6.275838226938659226e+00 -2.525969841817035100e+00
-7.151193939668496036e+00 -5.245190193193006722e-01
-7.082053663515370800e+00 -8.592713410141828989e-01
-6.139322460436044793e+00 -2.838857817846734743e+00
-6.683130236568167959e+00 7.292884585856639346e-01
3.144784878571370790e+00 3.149607365358885414e+00
4.343156674750152213e+00 -9.693796232593189233e-01
1.589675712313923128e+00 2.166976040622549338e+00
1.429821773782240291e+00 1.546758658631720351e+00
1.383075198156515917e+00 1.593153471604835003e+00
1.540101642013985472e+00 1.528794357796647185e+00
1.392290579527276417e+00 1.350213605077792645e+00
1.838891119480943415e+00 1.676405406026122202e+00
2.183368809509049768e+00 1.928284177536375932e+00
2.669162695439203148e+00 2.552046487300750677e+00
4.417455520146578607e+00 -2.189747718055940595e+00
1.164766631966289712e+00 2.044853461938021422e+00
2.624053133346031963e+00 2.337656860402988368e+00
-1.239815278986053371e-01 -1.831747101795552890e+00
-4.755626455139058129e-01 -1.501970453959741825e+00
-7.889612657057282208e-01 1.437651220237653148e-02
-1.090614080394572305e+00 -1.489907271210108852e-01
-1.348188200761552880e+00 -3.179616356109644659e-01
-1.386292191939941132e+00 -3.367661927529233545e-01
-1.393216330197997177e+00 -2.575802097006483771e-01
-1.304512531878799120e+00 -2.279415390931043006e-01
-1.219966991525080369e+00 -2.591384277035818084e-01
-1.118133986441219196e+00 -2.472647708601946881e-01
2.038445301496150996e+00 1.408531184309314011e+00
-8.479367601070479932e-01 -2.465312901879817553e-01
-6.010792016117133540e-01 -2.221037050566263271e-01
6.779055559679060539e-02 -2.139647123506236703e-01
7.989303658188574575e-01 8.331239166599471724e-02
1.149468976473951631e+00 -4.571845867331512936e-02
1.317874238257483066e+00 3.643875635838479954e-01
1.436378825028203243e+00 4.146150901513492304e-01
1.632069984967233767e+00 6.109227138646352584e-01
1.743090642525364720e+00 6.481423256485431550e-02
1.664026647548382920e+00 6.169335124471886367e-01
1.672416108010780222e+00 1.425418632327275725e+00
1.777084603724626399e+00 9.122931584464090138e-01
1.916027058789130377e+00 9.966789642114055603e-01
1.858844956409924976e+00 1.097850177760043122e+00
1.461736813867551277e+00 1.018097027590154635e+00
9.719413568531957148e-01 9.688926216389514012e-01
6.216327321243825255e-01 8.753131963886056077e-01
1.986712425523792513e-01 5.578007381581865376e-01
1.049530092250624824e-01 5.430836055657871642e-01
-1.369447860426450947e-01 3.315670172566926865e-01
1.553080116771347607e-01 3.614054985486699900e-01
1.124073783524654591e+00 1.433725579603989164e+00
1.176116926120269607e-01 2.700052991417091208e-01
-1.510798422013916913e-03 1.159486430473046226e-01
-2.045100776106077989e-01 -2.889489153900725443e-02
7.340250833397687913e-02 -1.167901583590583159e-01
4.619090305050562728e-01 1.125317897128334521e-01
6.392209872559695416e-01 -1.126842195060282353e-01
4.183362594324569472e-01 -5.066534005644078853e-01
5.649925903749268563e-02 -5.239126142591952195e-01
-1.141528448478698471e-01 -6.610523142071785818e-01
-4.614468950865590613e-01 -7.715657429883053808e-01
1.116116394965610548e+00 1.500855516200467976e+00
-6.745433677650078952e-01 -8.270961510706300590e-01
-7.822763583268462773e-01 -9.921419006402644181e-01
-7.730884432393260175e-01 -1.108838198399600516e+00
-8.687439787770712130e-01 -1.258593341536681676e+00
-8.228764153712447849e-01 -1.142983403496891093e+00
-7.714204671340030295e-01 -1.257582718051968973e+00
-6.009903776865550551e-01 -9.979343885505672640e-01
-4.854027097731024587e-01 -1.458639899928540817e+00
1.434057172731602325e-01 4.199038651546692091e-01
1.021694909415865465e-01 -2.533241114259067395e+00
9.221134572817840658e-01 1.429195420937404037e+00
1.668149723466392786e-01 -1.829137654500846866e+00
7.352909682549813031e-01 -3.141469909861795529e+00
1.096298795160923545e+00 1.605467628979195593e+00
1.064558854483132366e+00 1.423483840447366644e+00
5.885426724409660082e+00 6.530144565294350167e-01
5.889134035916470999e+00 6.475402699720624877e-01
4.158725375916665357e+00 1.309261910980443977e+00
4.167685617056916314e+00 1.440438625400840778e+00
4.230363027590710701e+00 1.700259707002035769e+00
5.173672455079678656e+00 8.812834168818834968e-01
5.566407215791006280e+00 9.727234218188075543e-01
5.686159058174871106e+00 1.054450711781994565e+00
5.863695491251797343e+00 2.097984028630547115e+00
6.012110872415571627e+00 1.389253103147627399e+00
6.080566014415584419e+00 1.437876135097420294e+00
6.081669869234811898e+00 1.549566563126444585e+00
5.739150287697730057e+00 5.932175880225667441e-01
6.008521575069183385e+00 1.568534383772995255e+00
5.359701908599586950e+00 2.595804921184566627e+00
4.822072766252388121e+00 2.527412668997011114e+00
5.002105543951620881e+00 7.683910827730837667e-01
4.875792531898508031e+00 6.729593832661170394e-01
4.164340964939874823e+00 2.118539663189460853e+00
4.094906402933583323e+00 1.296667661587075582e+00
3.928913780167736736e+00 1.541252164173799510e+00
3.709751611280591277e+00 1.473914414621955826e+00
3.678924629470222030e+00 1.403784499950271325e+00
5.700893718596367954e+00 5.879670605978106757e-01
3.655537603494726895e+00 1.427957478811310299e+00
3.760643043957593967e+00 1.632425241601197063e+00
3.918015232303650563e+00 1.314207090321436011e+00
3.951438182162199997e+00 2.009396097655622881e+00
3.877453463538162559e+00 2.126177958107736465e+00
4.289738976831513284e+00 7.873061584236841215e-01
4.565269047222888510e+00 5.823545445952752475e-01
4.030217974380756019e+00 2.159290179797058506e+00
4.224321235777621197e+00 1.231832139050376362e+00
4.049810860242637034e+00 1.802844263767088284e+00
5.647782327268465075e+00 6.141144457840047588e-01
4.658508673596331029e+00 5.226213519870565039e-01
4.394537692258790429e+00 7.587098099588738265e-01
3.841151004947326530e+00 1.669298112026944558e+00
3.634673006336647028e+00 1.579543825298923565e+00
3.606834045225975949e+00 1.545281018902316728e+00
3.568641536178523310e+00 1.715822778966814344e+00
3.645594303984132978e+00 1.766329061768129316e+00
3.833301991588618840e+00 1.990617403084210979e+00
4.605697963228241321e+00 8.330185975925936681e-01
5.020629873253017905e+00 6.734690359713806362e-01
5.280392320559627706e+00 5.934095871848042991e-01
4.649626617202370582e+00 2.721972094444505164e+00
4.965121290196285564e+00 2.773665505923357255e+00
5.072367471228298008e+00 2.697736320787696318e+00
6.001940102739809824e+00 1.263262368494131982e+00
5.996344632398939112e+00 1.314813898342947818e+00
5.665956508939080649e+00 2.334733285388707724e+00
5.617016991959641992e+00 2.318326118196959662e+00
5.912617218152301568e+00 1.221130229134679279e+00
4.690369394394878100e+00 2.306088589257552002e+00
4.796161703359528516e+00 1.009103994022239492e+00
4.642961298367870526e+00 1.268118822572264603e+00
4.290005858630990154e+00 1.370780311926903750e+00
4.517848529693101689e+00 9.982651376482731820e-01
4.337525498569473115e+00 1.006976352038683853e+00
4.119402852985355246e+00 1.091938246100733867e+00
4.160596861804333635e+00 1.042629327478195700e+00
4.265822541137415769e+00 9.557341749994168190e-01
4.541632687551515168e+00 8.437885583218621699e-01
4.828656681321389144e+00 7.114071075408334721e-01
4.696536071882428054e+00 1.398247692158138600e+00
5.467173521897855437e+00 4.971127618429153627e-01
4.698241964037870311e+00 7.673699440181108722e-01
5.536624828141382793e+00 6.086321242334122861e-01
5.878302271215696706e+00 6.854615729982993511e-01
4.365060213109158482e+00 1.192781602094783899e+00
4.380460813401953146e+00 1.055682681734752215e+00
-4.223506130051789320e+00 -5.075780656408818814e+00
-4.193942614024957827e+00 -4.375707621343292608e+00
-2.945099534872875235e+00 3.011334115269612699e+00
-2.585672930862448649e+00 -4.094991587754037710e+00
-2.079876440159791784e+00 -4.460003708501864672e+00
-1.120473910513192894e+00 5.630929988535243957e+00
-2.176487648597086877e-01 -4.974208512018488015e+00
1.074073666294443674e+00 -5.771669128171531327e+00
2.437548070224035079e+00 5.794313827927472182e+00
3.170505985802662074e+00 -4.544988300972021555e+00
2.676661005805106797e+00 -4.511900368726867505e+00
1.612701746497030353e+00 4.325173243946992763e+00
-4.429833301915915733e+00 -4.318940567021455124e+00
1.305668500531184106e-01 -4.890342109821030903e+00
-7.275971057055796720e-01 5.368945984504541968e+00
-1.868228512294439536e+00 5.665104408965913940e+00
-2.381318393356695928e+00 -5.923869107993676941e+00
-2.982790005946299061e+00 -5.081915392194395587e+00
-3.455921193307336381e+00 -4.438298899744835602e+00
-3.701051003920157623e+00 -3.675079866450193133e+00
-3.723593808538194327e+00 -3.455637422636120615e+00
-3.924636086673417346e+00 -3.482227940947029587e+00
-4.299976212457082170e+00 3.449817785458068276e+00
-4.955150866242063579e+00 3.598135751447583353e+00
-4.026797852845338532e+00 -3.357987888568609858e+00
-3.896880518839946461e+00 -3.058371540093264951e+00
-4.003665180985428229e+00 3.314587136614228768e+00
-3.957359076591795422e+00 -3.979467688025533523e+00
-4.790312794322244550e+00 4.414507266045951006e+00
-3.578038090399459303e+00 -5.116118606091404786e+00
-4.756450689437582646e+00 4.554470775141782113e+00
-3.987396619194071956e+00 -4.542977420859021009e+00
-3.976081121782025551e+00 -4.145763661375805320e+00
-4.680356814505697294e+00 1.337749746606280654e+00
-4.556961333644138357e+00 3.643080309626435032e+00
-3.796821735407851950e+00 -3.288821507917142561e+00
-3.732390479375694792e+00 3.288781174542108054e+00
-3.419980724269095607e+00 2.140664350228643986e+00
-3.318757150968893122e+00 1.768774066350636831e+00
-3.193579495572113736e+00 -2.776870012168820789e+00
-3.119242187851015036e+00 -3.149622788222731451e+00
-2.930265821098120949e+00 -3.371308677560380218e+00
-2.427325607832988119e+00 3.731804468631002791e+00
-2.379080607737475983e+00 5.106767401077214608e+00
-1.371265959664836442e+00 3.831613521585416571e+00
-4.437434152023555178e+00 3.532457916613944260e+00
-8.417570291094187418e-01 4.708564469275041020e+00
-3.115658875075102974e-01 4.452301736918282238e+00
2.274767315530209222e-01 4.438840866500847859e+00
2.161957994560610885e+00 3.793581976857961724e+00
3.595343952794671338e+00 -5.064368049413447537e+00
4.307710669965982397e+00 -5.338382279362994254e+00
3.370762774530906558e+00 -5.609761269478219958e+00
1.609756776737897965e+00 -6.365919525748662267e+00
-9.965220336568827442e-01 6.148578675781788405e+00
-2.657004447419585524e+00 5.319880897742976344e+00
-4.013430812917215817e+00 -3.254838462466053350e+00
-3.048222941805437625e+00 4.136766484596171800e+00
-3.262372832645678233e+00 -3.824908851455556480e+00
-3.509639372808583513e+00 1.690526436414312439e+00
-3.770413483456678705e+00 -2.600988574624573335e+00
-4.682152367536434490e+00 1.092967881283300136e+00
-4.711883018639995591e+00 3.522985639360104670e+00
-4.786682128562377514e+00 3.466588219261267589e+00
-4.522285433848248104e+00 3.265944375019539603e+00
-4.918752106767454890e+00 9.976873839923877663e-01
-4.159520813679367102e+00 -3.693370886131737141e+00
-3.885553406909968199e+00 1.326155863757689346e+00
-4.766985020167341602e+00 4.200813294869825576e+00
-4.467629579021636488e+00 4.506959292702582331e+00
-3.661166871939599332e+00 1.160572303408517802e+00
-3.350767988915266837e+00 2.834024567243570658e+00
