1.034641000000000000e+06
1.002488999909724807e+06
9.714947348119578091e+05
9.416582047066991217e+05
9.129794095939495601e+05
8.854583494737071451e+05
8.590950243459742051e+05
8.338894342107495759e+05
8.098415790680339560e+05
7.869514589178261813e+05
7.652190737601264846e+05
7.446444235949361464e+05
7.252275084222536534e+05
7.069683282420801697e+05
6.898668830544153461e+05
6.739231728592583677e+05
6.591371976566098165e+05
6.455089574464700418e+05
6.330384522288389271e+05
6.217256820037158905e+05
6.115706467711013975e+05
6.025733465309952153e+05
5.947337812833980424e+05
5.880519510283087147e+05
5.825278557657282799e+05
5.781614954956567381e+05
5.749528702180928085e+05
5.729019799330378883e+05
5.720088246404911624e+05
5.722734043404530967e+05
5.736957190329232253e+05
5.762757687179021304e+05
5.800135533953894628e+05
5.849090730653851060e+05
5.909623277278897585e+05
5.981733173829021398e+05
6.065420420304236468e+05
6.160685016704529990e+05
6.267526963029913604e+05
6.385946259280380327e+05
6.515942905455930158e+05
6.657516901556565426e+05
6.810668247582286131e+05
6.975396943533089943e+05
7.151702989408980357e+05
7.339586385209956206e+05
7.539047130936012836e+05
7.750085226587156067e+05
7.972700672163387062e+05
8.206893467664698837e+05
8.452663613091097213e+05
8.710011108442582190e+05
8.978935953719154932e+05
9.259438148920803796e+05
9.551517694047538098e+05
9.855174589099368313e+05
1.017040883407627116e+06
1.049722042897826526e+06
1.083560937380534131e+06
1.118557566855750512e+06
1.154711931323474739e+06
1.192024030783707043e+06
1.230493865236449055e+06
1.270121434681699378e+06
1.310906739119457081e+06
1.352849778549724724e+06
1.395950552972500212e+06
1.440209062387784012e+06
1.485625306795576587e+06
1.532199286195878172e+06
1.579931000588687602e+06
1.628820449974004878e+06
1.678867634351831395e+06
1.730072553722165758e+06
1.782435208085008897e+06
1.835955597440360812e+06
1.890633721788219875e+06
1.946469581128589343e+06
2.003463175461466890e+06
2.061614504786852747e+06
2.120923569104746450e+06
2.181390368415149394e+06
2.243014902718061116e+06
2.305797172013479285e+06
2.369737176301407162e+06
2.434834915581844281e+06
2.501090389854788315e+06
2.568503599120243452e+06
2.637074543378204573e+06
2.706803222628674470e+06
2.777689636871653143e+06
2.849733786107140593e+06
2.922935670335135888e+06
2.997295289555640426e+06
3.072812643768653739e+06
3.149487732974176295e+06
3.227320557172203436e+06
3.306311116362742148e+06
3.386459410545791034e+06
3.467765439721344505e+06
3.550229203889406752e+06
3.633850703049980570e+06
3.718629937203059439e+06
3.804566906348649412e+06
3.891661610486747231e+06
3.979914049617353827e+06
4.069324223740467802e+06
4.159892132856089156e+06
4.251617776964223944e+06
4.344501156064863317e+06
4.438542270158011466e+06
4.533741119243667461e+06
4.630097703321831301e+06
4.727612022392506711e+06
4.826284076455689035e+06
4.926113865511380136e+06
5.027101389559577219e+06
5.129246648600284941e+06
5.232549642633505166e+06
5.337010371659228578e+06
5.442628835677463561e+06
5.549405034688201733e+06
5.657338968691451475e+06
5.766430637687209994e+06
5.876680041675480083e+06
5.988087180656257086e+06
6.100652054629539140e+06
6.214374663595330901e+06
6.329255007553631440e+06
6.445293086504440755e+06
6.562488900447762571e+06
6.680842449383582920e+06
6.800353733311916701e+06
6.921022752232761122e+06
7.042849506146116182e+06
7.165833995051978156e+06
7.289976218950338662e+06
7.415276177841213532e+06
7.541733871724604629e+06
7.669349300600502640e+06
7.798122464468906634e+06
7.928053363329810090e+06
8.059141997183234431e+06
8.191388366029163823e+06
8.324792469867597334e+06
8.459354308698548004e+06
8.595073882521996275e+06
8.731951191337957978e+06
8.869986235146431252e+06
9.009179013947410509e+06
9.149529527740893885e+06
9.291037776526890695e+06
9.433703760305395350e+06
9.577527479076407850e+06
9.722508932839933783e+06
9.868648121595963836e+06
1.001594504534450173e+07
1.016439970408554561e+07
1.031401209781909920e+07
1.046478222654516064e+07
1.061671009026373923e+07
1.076979568897481821e+07
1.092403902267840505e+07
1.107944009137450345e+07
1.123599889506310597e+07
1.139371543374422006e+07
1.155258970741784759e+07
1.171262171608397923e+07
1.187381145974261686e+07
1.203615893839377165e+07
1.219966415203743055e+07
1.236432710067359917e+07
1.253014778430225886e+07
1.269712620292345062e+07
1.286526235653713532e+07
1.303455624514333159e+07
1.320500786874205247e+07
1.337661722733325511e+07
1.354938432091698423e+07
1.372330914949322119e+07
1.389839171306196414e+07
1.407463201162320189e+07
1.425203004517696425e+07
1.443058581372323632e+07
1.461029931726201624e+07
1.479117055579329282e+07
1.497319952931709588e+07
1.515638623783339001e+07
1.534073068134219758e+07
1.552623285984351858e+07
1.571289277333734557e+07
1.590071042182368040e+07
1.608968580530252121e+07
1.627981892377386801e+07
1.647110977723773383e+07
1.666355836569410190e+07
1.685716468914297968e+07
1.705192874758437276e+07
1.724785054101825878e+07
1.744493006944466755e+07
