7.959879771481080946e-01 3.466915140604646117e-01
3.205087859734252476e-01 8.884556678198040069e-01
3.699002999716741735e-01 6.147886223672457406e-01
2.619120515371609059e-03 9.734655684817002941e-01
8.683040625220481701e-01 3.510305289743522739e-01
9.012559487364849575e-01 7.840397145320400218e-01
8.251248637255261809e-01 2.986090693004350705e-02
7.188412772505822224e-01 5.219056898203320305e-01
2.777248943492469646e-01 1.909472973378889549e-01
3.443928685299367798e-01 3.980434214537955651e-01
2.313081495841958768e-01 7.865486203100277018e-01
2.887063355116548102e-02 1.625565815967460193e-01
9.031716130177750435e-01 1.281681570471171483e-01
4.820763242252958936e-01 2.394779323300014751e-01
2.035910484040649449e-01 2.308406079995887206e-01
8.633575736250204136e-01 8.057015627046748563e-03
8.403864329622191542e-01 3.528628457567640764e-01
4.711779871038868084e-01 6.154640045825408023e-01
7.445868047927665101e-01 5.288779752988506111e-01
4.468767961054034288e-01 3.864118920929076051e-01
3.382990825820231251e-02 2.622001099585515860e-01
7.314609360865306220e-01 8.659510871920048647e-01
4.257345781691569409e-01 8.837898617904493825e-01
6.392499877920634344e-01 4.216846507825611212e-02
4.319223374536668159e-01 8.384765020870738050e-01
9.256717865333776718e-01 4.633932866690455565e-01
4.320970104103680764e-01 6.504752945715335244e-01
6.550831085972850243e-01 7.208308736988467968e-01
4.920010570924790994e-01 2.019291884586011943e-01
5.300339610056429285e-01 9.843905918818868228e-01
9.532543042935017752e-01 6.518197615296006386e-02
5.408521528024023972e-01 7.387337177098827201e-01
1.335553308818915319e-01 5.128364528678074352e-01
3.507955359525942729e-01 4.477432807377523805e-02
4.300035336744699732e-01 8.210239129101289945e-01
4.609320429760366267e-05 2.884037959934971918e-01
8.730135591868081191e-01 5.756093954775337584e-01
1.949283471684055691e-01 7.143523276919889753e-01
1.457190298369857029e-01 7.733148069289331739e-01
6.626297751291891913e-01 8.834519322295623089e-01
1.966373961055268849e-01 6.315395320434926685e-01
6.343457954347517802e-01 3.705486312343402311e-01
6.939060590083000468e-01 3.194701952068221829e-01
3.014960490327158738e-01 4.551961107449098431e-02
7.610749839319889132e-01 3.544528817288805644e-02
4.655708431518357227e-01 2.603680604691930300e-01
2.724763474679006148e-01 3.171238099059076054e-01
1.078445923964127529e-01 1.777351705066133603e-01
7.121059082836532772e-01 3.097170096562225083e-01
2.245608825394681540e-01 8.601622133932131931e-01
4.756847020386834046e-02 2.800926736633579939e-01
8.993274078057480470e-01 6.604980247332581378e-03
1.577894019894640065e-01 4.102547933451942130e-01
1.885451617815091518e-01 1.581447944289022800e-01
9.509173213747249553e-01 1.728683885694217715e-01
6.301481385297363902e-01 1.874840388064999974e-01
3.996784645432223115e-01 9.733074987664658284e-01
9.087046083699223953e-02 6.346101728080437709e-01
5.202311510305749342e-01 5.786006839443302852e-03
3.718813856144815855e-01 1.154170566074755877e-01
6.397432672390421793e-01 1.000247461805651161e-01
2.005438918545734417e-01 4.087475921440277826e-01
8.439501292658259102e-01 4.227162245139195473e-01
4.378630850149778375e-03 7.283611024703356973e-01
1.528431016688498456e-01 6.989278465598335321e-01
9.352545044791228390e-01 7.175202672120351011e-02
9.049586072892447097e-01 5.261925200351535992e-02
3.770795166114735419e-01 2.913181496636507717e-02
2.233215041636887888e-01 1.512780968439603191e-01
3.845536749702775925e-01 1.975543211545087718e-01
1.120500513239717222e-01 1.189417194633002328e-02
7.932189851037823036e-01 6.960496391427813956e-01
1.650284100663984566e-01 9.086808963908299397e-02
4.795103914782957721e-01 2.409253850812088649e-01
9.973065067032806930e-01 7.279959694977700124e-01
2.083173849653596754e-01 6.814490550267039426e-01
1.137281727421755040e-01 6.418226815883066871e-01
5.136588859410342600e-01 8.222291899603646481e-01
6.053780186068095093e-01 3.348845508253531777e-01
5.733246645051119916e-01 5.622877423688497078e-01
1.234144711076051726e-01 8.116898672911684320e-01
8.617257203674332233e-01 3.885824234866768201e-01
1.062477390644405162e-01 7.698979576033329053e-01
7.451228751963743235e-01 4.108422992323762513e-01
4.733385914115937343e-01 7.933191007055400146e-01
1.124235990718641665e-01 6.706546011523084605e-02
7.301003935739157624e-01 7.442641109074010775e-02
8.787456384057441561e-01 4.303567036433808557e-02
5.133377964697154461e-01 4.627420089365080758e-01
4.778145137997646952e-02 2.757307726821318639e-01
6.010489775777165811e-01 2.063350476890999374e-01
6.992213066644923369e-01 3.833344381766903286e-01
2.739776449970254824e-02 2.705713367538462588e-01
5.843335286603802414e-01 2.544715015626075605e-02
8.762649245998819225e-01 4.792951035119112912e-01
7.630235402916475396e-01 5.089961576611198302e-01
3.489017697429547260e-01 2.470237404624613387e-01
8.174700083322740118e-01 2.414013386580007303e-01
6.161828948645639015e-01 4.463757497738595204e-01
3.889965770108472221e-03 2.732537779081880558e-01
2.340817262531939003e-01 6.519583035148227568e-01
9.928869384445665469e-01 1.147457772420713562e-01
4.329571149249020756e-01 2.096346195916545252e-01
1.974154163719421540e-02 3.348762979250425875e-01
3.128570711813237759e-01 4.611494449501188919e-01
2.408219902437542803e-01 4.958487681789740531e-01
5.075440873598310310e-01 9.546492903201635460e-01
7.360382174341252304e-01 7.090039131105133619e-01
9.489470218631448351e-01 8.152935923250198558e-01
8.447359705267549757e-01 8.448334328655401348e-01
2.785396318302869600e-01 3.329353271365109723e-02
2.586263559553432234e-01 7.187206639456182877e-01
9.102877971056383410e-01 8.977853459014752957e-01
8.061628674099299285e-01 4.350959141455923440e-01
3.365033708606689489e-01 7.788753603970794970e-01
6.892710495929477155e-01 8.280257835773917607e-01
5.750937231440959030e-01 6.567529926668942419e-01
3.613062446015138374e-01 8.577242668349868149e-01
7.824133902181861222e-01 6.042227958932203657e-01
7.249022424896036654e-01 6.751217981494319620e-01
8.585197321825338568e-01 6.612620299925445755e-01
9.215945764447007749e-01 5.298096728506554998e-01
5.526788187858833190e-02 3.817572616962983112e-01
5.099051029271965962e-01 1.604090305264623817e-01
3.778099140587439786e-01 6.652111591683904646e-01
2.785741838953187388e-01 3.003705264027960453e-01
3.519879369307160610e-01 6.214172821326948704e-01
2.320259691746692221e-01 5.601360450412156133e-01
4.917220293843216350e-01 2.574594089731628843e-01
2.103898126329188933e-01 4.484856579388327713e-01
1.845915934027927419e-01 1.516982764446643817e-01
6.863997171327154145e-01 7.237988640247910999e-01
3.711751496947602869e-01 3.314376094583671994e-01
7.772463601374937081e-01 4.226832830066963309e-01
7.383468268192319162e-01 9.692948475433247335e-01
1.555215932655662492e-02 3.997784524261593919e-01
7.747204906507820787e-02 2.710464001919965504e-01
4.175928121031271534e-01 5.857236972851358470e-01
1.315996385713827932e-01 4.534157798743095880e-01
8.634865181508717402e-01 1.771230202183965430e-01
7.553794415656689409e-01 7.914220755923001560e-01
6.733776280606819098e-01 5.345850903136529775e-01
1.651050365509155737e-01 1.674126340205699393e-01
1.750384074649480315e-01 1.077692886093928326e-01
5.589362293011074234e-01 6.846113419347681361e-01
9.334939408451767839e-01 7.553899969181486762e-01
7.847857009890852886e-01 1.689640711659002870e-01
5.642212980045754334e-01 6.512290695990999856e-01
5.916577276237284799e-01 4.927245100954280588e-02
8.582884779050099500e-01 7.737688147585475296e-02
5.651952479950055341e-01 3.393959438232122539e-01
7.621993562583869730e-01 5.721972133968190599e-01
1.743295366650821077e-02 7.086787257136533125e-01
1.705967420468996742e-01 2.278154370741376500e-01
1.932618816938463935e-01 6.633108685430905149e-01
6.961398531022691127e-01 8.474604752134216046e-01
3.923626496311545253e-01 6.795022307171993958e-03
7.997419493230567555e-01 7.241136557338436752e-01
1.674447947736035225e-02 3.509408936885346497e-01
3.854490241643648840e-01 2.404287619175344837e-01
2.771517909580281103e-01 9.151092741872413061e-01
5.129641668474080873e-01 7.580390843593154404e-01
9.630505609324223615e-01 1.036089929650463315e-01
1.490866851199392773e-01 2.958131371577960023e-01
4.186853496826965504e-01 6.714647143119588657e-01
1.907468508927379069e-02 2.056815114430898817e-02
8.086515720469358293e-01 3.013867572120582095e-01
2.333049357312850791e-01 3.431122972854516728e-02
7.304121188896036676e-01 9.340209052559833580e-02
2.668249325466653943e-01 6.701881265589352266e-01
9.359100195210067197e-01 3.120569448677024127e-02
1.018784985654269670e-01 1.400640906871625235e-01
6.344119083571411188e-01 6.689121068223908839e-01
3.048429036747392074e-01 8.720319495242915275e-01
5.158443768418710107e-01 3.484315081105209266e-01
1.333219182760184696e-01 6.073105368814417648e-01
2.748953053131404367e-01 1.959714928316761418e-01
4.483200653188224027e-02 6.446560291237040108e-01
3.441527938694961541e-01 9.188127365108225142e-01
3.137289561731854137e-01 7.225325542789839961e-01
8.982507916421589300e-02 9.385426271362863337e-01
4.935573966525659273e-01 9.057883490212407240e-01
2.907058973011583669e-01 4.678166054136959628e-01
8.611873048649171247e-01 3.980881659144425155e-01
9.788127322172394118e-01 5.073478506917649122e-01
3.030992066955245923e-01 3.201871055584984971e-01
8.638991607198057698e-01 6.761256095140310007e-01
9.829168769624297974e-01 2.347686231299367376e-01
7.623046689594539238e-01 7.239571461990916834e-01
6.124855921045979645e-01 3.851916496615304109e-01
2.172563677121559511e-01 8.539157367632346229e-01
2.415873422659409187e-01 9.776509200327270221e-01
9.443723802768420050e-01 8.632544624987898985e-01
7.325944270274595826e-01 3.883014516940893612e-01
7.919841590272784781e-01 1.139642926723947181e-01
6.937571036443797023e-01 7.079365788226638090e-01
8.537717239094144706e-02 2.741053554709266260e-01
5.630432183104439048e-02 8.114697814451302671e-01
3.380172317422545092e-01 9.822794983551318415e-01
8.045620971458979920e-01 4.065374473125469290e-01
1.305789134971803156e-01 7.591106244420776639e-01
2.227863008727426486e-01 1.615936111741514969e-01
7.264956070741116489e-01 8.670481506244916980e-01
4.115376284103294813e-01 6.328857480973441030e-01
5.129503176390211028e-01 2.006736058533862277e-01
7.878345377341611222e-02 8.126697832474465422e-01
1.352193697443054843e-01 7.277044668958466689e-01
7.782740848594694727e-01 5.945990980024060679e-01
7.006305018645709870e-01 7.619352678736245332e-01
7.357912684976425366e-01 8.717903203257961753e-01
4.518244756159002229e-01 4.479749465106520612e-01
5.097771700437326858e-01 5.231017765917610474e-01
8.972108183167616380e-01 1.412836835049423589e-01
4.311743766861385607e-01 6.734132855280328123e-01
1.308012452784098612e-01 5.908864651359875264e-01
3.563133999739698243e-01 2.547537729627776804e-01
9.825412488555617108e-01 6.649785617504406776e-01
9.231161476000676602e-01 4.915178040650420854e-01
8.510241922641174073e-01 1.246529629414163676e-01
5.645039831965097399e-01 3.299020011642376238e-01
6.855500438259191087e-01 5.135975384514450681e-01
6.972759432356557818e-01 2.663102099557954627e-01
4.540063239783587168e-01 7.157795808907617685e-01
7.387183815399878117e-01 1.210746127556644458e-01
1.724383928373675046e-01 3.897860054636651528e-01
4.579949132558034375e-01 1.336117254232759288e-01
2.812504001623561400e-01 5.672293789653131135e-01
4.857512622570141492e-01 2.420197829704147097e-01
6.044617873390423224e-01 4.370863082703184688e-01
3.878194404750578972e-01 6.798930289423018580e-01
9.840241940013619848e-01 3.326718169267531833e-01
2.453280499634629130e-01 1.886062751573225338e-02
7.287676179022668510e-01 1.902845020845292945e-01
6.187842431168203428e-01 3.075799323501646754e-01
9.354444672046496878e-01 8.679328464259723486e-01
8.571731052322585365e-01 2.352696004149362752e-01
4.819302659674420397e-01 6.275723001245586685e-01
2.090002601795241111e-01 6.982603953107902051e-03
9.676736916799322241e-01 1.716107222287436285e-01
5.842990489795819586e-01 4.970241214832449295e-01
9.522111114590717795e-01 8.933019838880813523e-01
6.760621201863938889e-01 6.567233089852811956e-01
4.765884987722749377e-01 6.545259357407768874e-01
9.740990308641058748e-01 7.900859926006879030e-01
4.507285816935746592e-02 2.955579455020970192e-01
1.138356371119434440e-01 4.609873535052155802e-03
4.708023227159463531e-01 8.448680148101180842e-01
3.742740221591757122e-01 7.815464102475557784e-01
3.753007633523830489e-02 7.690264938673793127e-01
4.931521496898190193e-01 2.320016364886345883e-01
2.489219948269613125e-01 6.144924014348112085e-01
9.167869548138991576e-01 1.053894777727282239e-01
5.968943863777658176e-01 6.964911296491419490e-01
9.106282203009983256e-01 7.915350169071093678e-01
4.178789628135288758e-01 1.401675732817918574e-01
3.053727450394864151e-01 1.329338271749711531e-01
1.223827376069797079e-02 5.205267305154861468e-01
8.715893812306605426e-01 8.386468709465539906e-01
5.314769674114971920e-01 5.604190230035241971e-01
1.936345321841933531e-01 6.768229153003508802e-01
9.783540873954865713e-01 5.567877974345522007e-01
5.842952371851096727e-01 7.066347917251639688e-01
9.304860077538492646e-01 5.853064079311115497e-01
3.791486625604630900e-01 3.267962921127856024e-01
4.561351189416825713e-01 4.485747925491179178e-01
5.402949167720042523e-01 9.561651920355516143e-01
2.092240556575821753e-01 9.707646326945218451e-01
5.505579097695877389e-01 7.530991671097461149e-01
9.239272736068728786e-01 6.630240439008350251e-01
1.063785042242981760e-01 1.493665480808452628e-01
3.239094611338244611e-02 6.622192687576308190e-01
4.376626625890376321e-01 1.719202932357207780e-01
6.631266670778016570e-01 4.357273487160100434e-01
4.056653627675914642e-01 6.164498409549954427e-01
4.527078915726812092e-02 8.690059550808693078e-02
2.507244673076579611e-01 3.608925230442603382e-01
9.321098155831101240e-01 4.430209095629165095e-01
8.603410302079184113e-01 4.768177333952999808e-01
5.219905883887798748e-02 4.700613442496989203e-01
1.687360178233509034e-01 8.643915974606303232e-01
9.083277488577390368e-01 3.504099994636742377e-01
1.175225829909715136e-01 5.694967199029059568e-01
4.175689103056973162e-01 6.167191518883814449e-01
5.474999033612435451e-01 5.549794207481499875e-01
7.125221625960055372e-01 7.532912182870393769e-01
9.689739780215096410e-01 9.035045141529945978e-01
6.855279732342105525e-01 5.983914549203267486e-01
6.355295070344575414e-01 8.041470669884868139e-01
2.130166802074766608e-01 2.448908534036083884e-01
4.561250949911330732e-01 7.241537796859477405e-01
9.180467792485800249e-01 7.612010178797089521e-01
9.264018443154565796e-01 2.464498302205793134e-01
1.902929019734558302e-01 1.099405309543440845e-01
9.573893814888621012e-01 8.355274228531286429e-01
6.221669598794765665e-02 6.688859864817704448e-01
3.425949196644374473e-01 9.904566509725223344e-01
8.893143024972601784e-01 8.063943106935583804e-01
2.496872509681647978e-01 3.740156165127473953e-01
2.590300723428262675e-02 5.027191682455421917e-01
4.039213065834315053e-01 1.817818033999163418e-03
8.579221197992438208e-01 5.955610023316381119e-01
3.368896463614051706e-01 8.800683092672711982e-01
2.190251144444640419e-01 8.292060767600751836e-01
4.002901890185408540e-01 8.867619858617910023e-01
3.307092654403862575e-01 7.382587211267693794e-01
6.449075804063457706e-01 5.354558092192822638e-01
9.865779047118207190e-01 1.664594379060814200e-01
6.630217776308467981e-01 2.470505718033820797e-01
4.959509568716968797e-02 2.858460782734737471e-01
5.233515859066443232e-01 5.243782070092350978e-02
8.079797864943485397e-01 6.539978121542888712e-02
4.230351035575341534e-02 1.275893638393752472e-01
8.975463979492259714e-01 6.664879916865862342e-01
8.148774008599785068e-01 4.720901694378375479e-01
5.573380466038813097e-01 6.045195345257304842e-01
4.393260262974009178e-01 3.163114758588247977e-02
8.931240377744740222e-01 6.999865237009241792e-01
9.207608752624678594e-01 2.746827630221161387e-01
8.501062700909294279e-01 2.576189300389377657e-01
7.259765857167661540e-01 3.142829446354141743e-01
5.215716132885940270e-01 6.994970366982018461e-01
1.996850770552054399e-01 2.564457987269304073e-01
3.594136995004992841e-03 3.538724944083806445e-01
9.415389035901279291e-01 8.536069526469411972e-01
2.472209851700047922e-01 4.574007242830421260e-01
8.982648874152472374e-01 9.016491612133035183e-01
4.500158121668411670e-01 4.073928699769742146e-01
3.492047585235594775e-01 5.596845706099180529e-01
8.903543640691304883e-01 8.768064019304009360e-01
5.857311665447598736e-01 5.244451240919059121e-01
6.899477580476580663e-01 4.505425467812667062e-01
4.863429118447285537e-01 3.361705393513477746e-01
8.623759367106620388e-02 6.217784068220998384e-01
5.861843553250474237e-01 8.603191102099578824e-01
1.682552545207147698e-01 6.386199893842433584e-01
8.276554386387562356e-01 3.582195579778768568e-01
9.815340422209344329e-01 9.947258511148396876e-01
1.921961129184980299e-01 8.568568488515923010e-01
3.938884741424545366e-01 3.070146199225171069e-01
8.943777748962100649e-02 4.129291894701450083e-01
5.788548874999009941e-01 4.641062338669742493e-01
9.298091798937864194e-01 8.855903721615711044e-01
1.917500717809611510e-01 4.978061831650748559e-02
7.003977599721268321e-01 8.776348937280948892e-01
3.409033493060930065e-01 2.447122767285325740e-01
9.641752668551062389e-01 4.351557285376220774e-01
3.569948498401245285e-01 3.202706043983380990e-01
3.980480491783682240e-01 9.304681303936945813e-01
5.272953995175888586e-02 8.404216210521324726e-01
9.667688961059724972e-01 1.158476676408443096e-01
3.508529016524575272e-02 4.022112063428612272e-01
4.017242052145654219e-01 8.811511196315224836e-02
8.268889647273585108e-01 9.013749313145401620e-01
9.414100889245012871e-01 2.582713511585490451e-01
3.882432691556993998e-01 8.926241528433823680e-01
7.438103703311504944e-02 5.247950815041065864e-01
5.989187289317777774e-01 5.180509260600507648e-01
4.293168819196412356e-01 6.191614544104550033e-01
5.722279163836638816e-01 9.598200143071587975e-01
1.996290917959309130e-02 1.537919316024238814e-02
6.302368888154370463e-01 8.133539197719021896e-01
1.745986259468226276e-01 3.519570550122006480e-01
8.058662092640339614e-01 7.408797667238348206e-01
2.847994002456124552e-01 6.226252011502112493e-01
1.566146915781326809e-01 1.365224356538619066e-01
9.446322566826278466e-01 4.596467496535442399e-01
5.198321159187319074e-01 2.718321523969002840e-04
4.256559009293329199e-01 3.638550763293499912e-01
5.921440831106805636e-01 9.411828320488716537e-01
9.806697002459183743e-01 7.592775559619518999e-01
8.952582196854944607e-01 4.722235559083687306e-01
5.474774954761230106e-01 8.887413186928712072e-01
9.678549551758748315e-01 4.588193716669508593e-02
7.687323147993342376e-01 9.424625769056135249e-01
3.162030144916416763e-02 5.382333218870561931e-01
6.870719145960368923e-02 4.239516012139151746e-01
7.860313689115543401e-01 5.495600341175266301e-01
7.479177515302125601e-01 2.567759135613622012e-01
7.373341234033995439e-01 5.277447715849433729e-01
6.601343763141853671e-02 7.428651310150019560e-01
2.085938910911772082e-01 4.244108540047307754e-01
7.287138250330907896e-01 2.877012198978883273e-01
4.405176027232586833e-01 3.889015815353777938e-01
7.095454461578993843e-01 7.783270325665025968e-01
4.806405093080663438e-01 8.339021654406281181e-01
8.369728916604181057e-01 6.889945147462571695e-01
4.189107957097671919e-01 9.497236008742869773e-01
2.736285785030669881e-01 6.204326150024256359e-01
1.190259471359200738e-03 2.249786302801645155e-01
4.461447310986521586e-01 1.349262886407870399e-01
4.270421863201286916e-01 9.143910052647279407e-01
2.027395233295012922e-01 4.192157969024633557e-01
8.815067728459341501e-01 5.341031115144441177e-01
4.454152159321848048e-01 2.098201323210628910e-01
9.833338908704783998e-01 3.379200466765208688e-03
8.871416416619837264e-01 1.009711882136311578e-01
1.593257142932764658e-01 8.511013462111481909e-01
9.246554668419750822e-01 3.614810701359332246e-01
1.273297977039172801e-01 6.805144517856764885e-02
1.265965379689463211e-01 3.762040542808519072e-01
9.957385827403626433e-01 4.371755327525207457e-01
9.792951928397510830e-01 8.641272150613706904e-01
2.724528951158914358e-01 9.687957486234372029e-01
5.172483361128417112e-01 8.508093985299919337e-01
3.733786659805815589e-02 1.376563659958582875e-01
5.266082833417614628e-01 6.816368794193249370e-01
4.284985827242085987e-01 7.703445871527478950e-01
4.988619535971687835e-01 2.383515029837639521e-01
8.443824979512954965e-01 8.007869501409824453e-01
2.670926292127083768e-01 9.993303123378474151e-01
5.294518086283879210e-01 9.712077062026511776e-01
2.830544167628079588e-01 6.784011092324226944e-02
1.590596393931141828e-01 6.491735219798976386e-01
6.061389532105951883e-01 4.289801998574613862e-01
6.108682901196338388e-02 9.623780179092230602e-01
4.278245205247266369e-02 5.285329340599321801e-01
6.365688568731673325e-01 3.188785001718494883e-01
5.554080690456624225e-01 1.100239298235550223e-03
1.381570541501343508e-01 3.388881623871485838e-01
3.896150148897896681e-01 2.442927399861111182e-01
2.554262778803174649e-01 1.456541521066992972e-01
7.110451129302355344e-01 4.173244951572790962e-01
4.027612562238348515e-01 2.335951079628295624e-02
5.490462025477871322e-03 7.131519449514864828e-01
8.195638983510210585e-01 8.013311324888083842e-02
6.700904251496861974e-01 5.850467086685352536e-01
5.641970862874622350e-01 2.385323416618514436e-01
1.895510486190292720e-01 2.213175626659913409e-01
1.639487073887820889e-01 9.830610886626403033e-01
9.788352474640239498e-01 1.044918555688288953e-01
5.765163156008752399e-01 4.346101163797347899e-01
6.755571884368928304e-01 6.120095038484689720e-01
7.445446833012711041e-01 8.232408385563132480e-01
3.634747205549668791e-01 4.475482172079559007e-02
8.410163160449388720e-01 4.211135268940555676e-01
8.142118015079390370e-01 7.651209181350059341e-01
2.276115680359214188e-02 4.665168815141341740e-01
1.888888001526672911e-01 4.539030987529526495e-01
3.163677951389451959e-01 8.427809160677728340e-01
3.579833869227218024e-01 5.355620706213171101e-01
7.909835405324638913e-02 8.119536416231021292e-02
4.838788363766709510e-01 7.070450548203033314e-02
7.543095866365767677e-02 6.233804457481179062e-01
1.621749287075630042e-01 7.793983712546277420e-01
7.983959378050944355e-01 2.446708896638203345e-01
8.608404271700264010e-01 5.316513910474428561e-01
8.760256930902303729e-01 9.018508433737260077e-01
5.742098063110759876e-01 5.773492712464272092e-01
6.646659745835721278e-01 5.798411541748412779e-01
1.984557334098969728e-01 8.663979814984823502e-02
1.678808918852549015e-01 3.201448947488282348e-01
3.328431007439394129e-01 7.873062045295614597e-01
1.125778627199388593e-01 1.211891340416415552e-02
6.353064964623672539e-01 5.528151125815247147e-01
2.223824104758986842e-01 2.652096820632743324e-01
9.021361865784309764e-01 1.887911267657379488e-01
8.110720926178593970e-03 7.448547896280199865e-01
1.791003903961658761e-01 9.033652399748746120e-01
6.122519284377760940e-01 1.999985005526017101e-02
5.593760041378141867e-01 7.021426520913610636e-01
9.718501681304991813e-01 6.624478489539198378e-01
2.981510324651315269e-02 6.525443724747863605e-01
3.616183405504288517e-01 1.164375551737345527e-01
5.422363098721902919e-01 2.849670499363619047e-01
4.033659451777570348e-01 4.435610075636358118e-01
4.136030495988667344e-01 7.523858624346100310e-01
5.938831978082571572e-01 7.703631501652313807e-01
3.821460628251055480e-01 5.241810346796533793e-01
6.950161150442037972e-01 8.877015533386362067e-01
5.299612002579116021e-01 9.690157440381357290e-01
1.342961265773234825e-02 5.030500786905416355e-01
5.632010252920677251e-01 7.068606883450885281e-01
7.346410398018151655e-01 5.051693962949064254e-01
6.256709701484137742e-01 1.271302883964474661e-01
6.665559402478382633e-02 5.912035194067755128e-02
8.563713070443788045e-01 1.017976442892809530e-03
4.143357508303330272e-01 8.974029512038002032e-01
6.734080613887947209e-01 5.487289069122108787e-01
7.791157467694501682e-01 2.065633694378943286e-02
3.366892471159954603e-02 9.833143007319964379e-01
9.587817618566198963e-01 9.114931756872842739e-01
6.281229054273800294e-01 3.815091956348415358e-01
6.172945662214914808e-01 3.686779666654681487e-01
1.203030057777829676e-01 1.727661016299175678e-03
9.988473635111908555e-01 9.121018668018887610e-02
3.146308886831767904e-01 1.718169982192347955e-01
6.494281686577587642e-01 9.466590029673708218e-01
7.682957772079692660e-01 6.127629313132455513e-01
7.149489902247369022e-01 6.823528852125131383e-01
5.182299220081336699e-01 6.028635674568882941e-01
2.020325080800788875e-02 2.914370207605190277e-01
7.140512554555958902e-01 5.242047528409797819e-01
3.395994110605099481e-01 9.632393132054051232e-02
1.020147313421626567e-01 7.895186941461075358e-01
5.172345039062369310e-01 2.128062544438286130e-01
5.742445595676010095e-01 9.912521355153236513e-01
4.203284293330662447e-01 5.298610204025433479e-01
7.205927157800973148e-01 1.655666742735635300e-01
5.349012413510645381e-02 1.109229917258003351e-02
3.565586979145015656e-01 1.972678185134250084e-01
1.162219689387711252e-01 5.379458611222158737e-01
1.695888080750994620e-01 4.666839805002402919e-01
2.352433626031680269e-02 5.708008059217127839e-01
1.847010290447660408e-01 7.346116622512908201e-01
8.951308394264412271e-01 2.016472978080885436e-01
3.407253218071467638e-01 4.857307684044332996e-01
6.954707008235243570e-01 2.331076442715670494e-01
6.333655832565627808e-01 2.298760668859866074e-01
5.586466484391665599e-01 5.287302044113401100e-01
3.597625453181960697e-01 6.827307518502977457e-01
1.275295610485439601e-01 3.714827966691086614e-01
7.401860003111612185e-01 7.744788577797652174e-01
3.075307213423863484e-01 9.932722328232934661e-02
2.827790618035108672e-01 3.879271670432320462e-01
9.864873448555587787e-01 4.723337079483324041e-01
3.686751383327830922e-01 2.024589735616508790e-01
5.493122413135463900e-01 8.766847423734575040e-01
3.265809476568247716e-01 1.319974977075699663e-02
8.253043632047262212e-01 7.385812816065969733e-01
4.855971861402318401e-01 3.443068242491804654e-01
8.153197160549755518e-01 8.153167194188148947e-02
2.950917101386376640e-01 3.146386221931862792e-03
3.398540989002759583e-01 3.346376741464021087e-01
1.978341070094613574e-01 2.833771915477325543e-01
3.031185381457167649e-01 2.334179560141736998e-01
5.728821197094446926e-01 7.187695078213215405e-01
4.361544956751013391e-01 5.620367475025015436e-01
4.945948886677625778e-01 4.575428651695243598e-01
7.695649259384489405e-01 8.782118360112490807e-01
9.632522285141380536e-01 1.966807591114531073e-01
8.124876222405441606e-01 4.403165777471805820e-01
7.278012248460090650e-01 1.707430775251930211e-01
3.898637359271213132e-01 7.976543092975060256e-01
8.028019084169885078e-01 5.743766691857055129e-03
1.648411652629577784e-02 7.811915559115722996e-01
7.182735752072839652e-01 3.229978909952424537e-01
3.494863541972703658e-02 9.486447533020363476e-01
7.930957668606519739e-03 9.174342956248014991e-01
2.520588967272868741e-01 7.488183543220283678e-02
8.068737418809676099e-01 7.057032947645653920e-01
9.923677887137516418e-02 1.458303372969808054e-01
8.135856367138218914e-01 1.103748748774184829e-01
2.609963623322096860e-01 7.228520584081165046e-01
8.515173148725483365e-01 8.141464502150018712e-01
2.072339385063436401e-01 9.510057300481933318e-03
2.224037053017248189e-01 5.730494007481301555e-02
8.662340743263511333e-01 2.453279459494248638e-01
9.588712826382808085e-01 6.468694793342750771e-01
5.298736541822407498e-01 3.305867567740972124e-01
5.261513849093341078e-01 7.514740878470999030e-01
4.712004359851373891e-01 9.131479540187240618e-01
8.215375258631352207e-02 4.512589802876608713e-01
8.318898431118810777e-01 8.451105302885990600e-01
7.156682550341654236e-01 9.294520249082948160e-01
6.035846664560966524e-01 5.256988784655605151e-01
7.936401603647786906e-01 9.272298781616931107e-01
9.415312695036662793e-01 3.965088641486469445e-02
4.673070648596366894e-02 9.241423485649103986e-01
3.293666126811265471e-01 5.483779962954070664e-01
2.927282115845171173e-01 2.558626638108789653e-01
8.338704722949824566e-01 4.918344316560252505e-02
6.018062999346761588e-01 4.570767460462407117e-01
9.520744934606742982e-01 2.083948404264688303e-01
2.990983955801231886e-01 4.201883593138734385e-01
4.716730201904322239e-01 1.397066544412663980e-01
5.194505132221025612e-01 9.675380422332079400e-01
4.755426510684751529e-01 2.914258175462074441e-01
2.317134797468922702e-02 5.601418735700757212e-01
3.170169075228457256e-01 4.041940397922031414e-01
1.119599095298584590e-02 6.783273682055843690e-01
6.724691458864330285e-01 4.225160990003340444e-01
6.715344461653193209e-01 6.149500211070211275e-01
9.549544175687277869e-01 1.501425140735623831e-01
1.480393044152708004e-01 4.376801397707106300e-01
3.356092125902954137e-02 6.232485343503700870e-01
1.335431042914724253e-01 4.002086652522246490e-01
3.479563811020450759e-01 4.137907206487193568e-01
2.487268478263363614e-01 5.691433286148327442e-01
6.342286648924257975e-01 3.430503398040605223e-01
1.064981312413615377e-02 3.393702390268449332e-02
1.694201121753211581e-01 9.260152743610130521e-01
7.279075420372294047e-02 9.291745310363499488e-01
7.316315975234692903e-01 1.264473445151034214e-01
2.050233954394794500e-01 7.909295496781059143e-01
8.929309657674663336e-01 4.176006469212601990e-01
5.828886976935798714e-02 2.011936403635254944e-01
9.834681904186209911e-01 3.848003311064669418e-01
5.934968392071122700e-01 6.623728099884413911e-01
3.957123005061989884e-01 5.781555069647003053e-01
1.430410692160000163e-01 6.857983814760174601e-01
7.177739398115696723e-01 6.088282136273851508e-01
8.935555806161352699e-01 1.305278212388799597e-01
6.266333552358122061e-01 5.985964649318937791e-01
3.864013815469499180e-01 1.741931980228095256e-01
3.652189323632870632e-01 1.324400346372267556e-02
1.470583323380069141e-01 7.531142085465714064e-02
8.129338081650795411e-01 6.963605214638510787e-01
4.512898469825893377e-01 7.517479518067153865e-01
4.943479485164075093e-01 4.980873693316602013e-01
8.208655079692883660e-01 7.934606534299725178e-01
1.475038333952419789e-01 1.689609687626176804e-01
7.270562641042003227e-01 7.936515775835359943e-01
2.963988645584428872e-01 8.842439728294613221e-01
4.327037973348699662e-01 7.988362525956471671e-02
7.760041112256532703e-01 8.638650993058237804e-01
2.446399851245617540e-01 7.744992683679584600e-01
9.555984124968813775e-01 7.179152005288335081e-01
4.388691997662045319e-01 8.949647643895339844e-01
7.805582458553140812e-01 9.801653023909948637e-01
4.136514550983521055e-01 8.370737540603451210e-01
5.943414131186319782e-02 9.810334122274345647e-01
2.355008124106918732e-01 5.166938755847290121e-01
3.598871981519471408e-01 6.641389324910407232e-01
9.543841327022450916e-02 5.923737117480593062e-01
9.779659859086530238e-01 5.742388035571911464e-01
3.651221143254170798e-01 3.819537023026037259e-01
9.845122233653017529e-01 7.603916506045809154e-01
4.176690233666646712e-01 6.813863352583220401e-01
4.842985053946712304e-01 7.376110355597377266e-01
9.388931509497533412e-01 5.816507787125246853e-01
3.845249231718489424e-01 6.024661437504414963e-01
7.793730692952847150e-01 7.518780260122757131e-01
5.805245221675532363e-01 9.755562644722512999e-01
1.160924809541039604e-01 7.796761102783199560e-01
8.738327987699001653e-02 3.109139588706298918e-01
8.517131730817650848e-01 4.910300130776246164e-01
4.622454799043020923e-01 1.790895101019726043e-01
2.506452041686800802e-01 5.298439350649686297e-01
6.892087712177440428e-01 4.555783731730729258e-01
3.238167484424181453e-03 8.259091014546676712e-01
1.864210101771516248e-01 6.649951695332239066e-01
2.721698667737100230e-01 8.685724301827744132e-01
7.877462555029415281e-01 5.387737210554481848e-01
5.547830807264180208e-01 6.326780127966749045e-01
5.916543911105666131e-01 7.337098066159732923e-01
4.803356795810891366e-01 7.684973149609873877e-01
3.235389343986205812e-02 5.871773991145057270e-02
6.029900355620420038e-01 7.694631803249688540e-01
3.490468177412445749e-01 4.353611736705531587e-01
1.379427487663702490e-01 4.528624351773503642e-01
4.868022485699770030e-01 4.338953294280794015e-01
7.071785712940845681e-01 8.192349260689401058e-01
3.036188418180612025e-01 9.721533652919358559e-01
8.448645839785959843e-01 7.815668310439630728e-01
7.127801366630115432e-01 4.866161239683577389e-01
7.755060236680122454e-01 6.172381844250910410e-01
4.118057812306408216e-02 5.936425102789496533e-01
3.813015192267177333e-03 1.125586285866810865e-01
8.009136684409934315e-02 8.580574709575605752e-02
6.596296415385900502e-01 8.182010938149815171e-01
5.395026110742140446e-02 4.557848560568467100e-01
5.524410092523712734e-01 1.891182445933600187e-01
5.333087379620533586e-01 2.159159459755851662e-01
6.055562783976328189e-01 8.479046973498729489e-01
4.952542342428227773e-01 3.056958295737685072e-01
7.549828356305480215e-01 9.495165835518734054e-01
4.521504688934905314e-01 5.828409085881051110e-01
3.668022378122552940e-01 6.052610920455498977e-01
8.630634764229283551e-01 3.265363483073702167e-02
7.643585075217393943e-01 6.119064668674655261e-01
7.999958613538713514e-01 9.289781583990615044e-01
2.974909765950700669e-01 2.937918634590459543e-01
5.833341537904108698e-01 2.328858195938071640e-01
9.699842402071655600e-01 2.872225377406146807e-01
8.833795062750466887e-01 5.896104624810146744e-01
3.428903610675460012e-01 9.492493628780515058e-01
6.410008854842145221e-01 9.816168236217259757e-02
7.899660514423324509e-01 1.846703676982358600e-01
4.442463434255644605e-01 7.880507283638279459e-01
6.596558381541219873e-01 2.116157132171133659e-01
2.769955096611725898e-01 1.147327078603217476e-01
9.144780462178414560e-02 7.638662659292450030e-02
3.319441173802131217e-01 1.695170586830057058e-01
5.399165830740554339e-01 3.604009785358837092e-01
1.273396393782300073e-01 5.666595311823091619e-01
5.511405781627984890e-01 3.902531574067069631e-01
5.680495670688991972e-01 6.202935465792219771e-01
8.571207948163277468e-01 6.171456245344293379e-01
5.259034429462940974e-01 3.361705689958205401e-02
7.048908301210787819e-01 7.018428221097873232e-01
1.715539756057535836e-01 2.781045028819421061e-01
3.501778792733882817e-01 2.557089494252418049e-01
8.461242368863326480e-01 5.828909462105236194e-01
5.531369069865303967e-01 3.563470274981839214e-02
6.871015018637971483e-02 9.022179613492997685e-01
9.507452794924192707e-01 5.243185627147277650e-01
1.054004161857816646e-01 4.615900160757716586e-01
8.246266906467731861e-01 6.557744370211613383e-01
8.498240634545348726e-01 8.436420283873619086e-01
3.221638015181607084e-01 9.491602067994954206e-01
9.524316565410869684e-01 2.433221257217063060e-01
5.560776547758261579e-02 9.778306478528300261e-01
1.057917599833534394e-01 2.091647359432943221e-01
4.729230886993985861e-01 2.000382861609860674e-01
6.407828905492529703e-02 7.148778506491315632e-03
2.530175584615615980e-01 9.581709043983536178e-01
9.093139485128595156e-01 4.525994305589727817e-01
7.771634233083661858e-01 7.473931210189244112e-02
5.234494711427788438e-01 8.198029179007129130e-01
6.318380929627657183e-01 9.699151707591362470e-01
5.978878464694759032e-02 8.876078335039389033e-01
8.862212812919100235e-01 3.759508237081821136e-01
9.777621305705093135e-01 5.171367495270121628e-01
6.232852039121481447e-01 2.261993423674826253e-01
3.120027245990781850e-01 4.015452158828336504e-02
3.837660752804559205e-01 1.042303426204003181e-01
7.278448064205776946e-01 9.024977665926403603e-02
6.460192088697903623e-01 7.645018893778700031e-01
3.399854081775549597e-01 2.572780481048952961e-02
7.197183194830094610e-01 4.005915783653734019e-01
8.203203445829948537e-01 6.995845773843516469e-01
1.600462669998297116e-01 7.319266211232133834e-01
4.556134086924004123e-01 6.236442767025079936e-01
1.345724616166666943e-01 5.979489084129379073e-01
3.882399022323447246e-01 8.256650472366832139e-01
4.786831088011546109e-01 7.247400507604246922e-01
7.976801417935720506e-01 8.216230102860544449e-01
7.154597047449196001e-01 7.852297269851449268e-02
3.639595495656470225e-01 2.799435914622515620e-01
8.924938621814925144e-01 7.324157542737810278e-01
5.545160782378930620e-01 5.548785067700734430e-01
6.139116769414976194e-02 2.556550619844198957e-01
5.226294296734562694e-01 6.188302192727656026e-01
3.418220730886268877e-01 4.316880223317919318e-01
8.376200140521049553e-01 2.797689719795488639e-01
7.901786904399595857e-01 4.250231778426205587e-03
4.716412825371569806e-01 3.458116731205630456e-01
9.598974433780338433e-02 6.473167528785928049e-02
5.309187026328956449e-01 1.574884767322324297e-01
9.988190681867293863e-01 5.017013062318450567e-01
6.656915319516121254e-02 6.633394644429673193e-01
7.249401518058991023e-01 9.376594756581625445e-01
2.114043240312242222e-01 8.175824715696520251e-01
2.653940198046055299e-01 2.834545095326550523e-01
7.652069899718759727e-01 3.850107794775448067e-02
2.366713336512913379e-01 9.766144368115090568e-01
2.721117177689894584e-01 2.813143624397558273e-01
7.093047417707607494e-01 1.264385700824032233e-01
8.688729525294165423e-01 9.329426116103660682e-01
4.610703277477068429e-02 1.315666930157713965e-01
5.232944073212199010e-01 6.871042245104140855e-01
2.898838751729166940e-01 1.796680111160154913e-01
5.514909495632788206e-01 6.628687380178113209e-01
8.630483354590695599e-01 9.846137582725638104e-01
7.724905675766096103e-01 9.168459093533860571e-01
6.226248568111480974e-02 7.634436722925351804e-01
7.062537447700265592e-01 7.457597376942384226e-01
4.948646428939851294e-01 9.777763962875583026e-01
2.525326645129566394e-02 4.747395332892426767e-01
9.930316134882208878e-01 9.185009511055122200e-01
9.609047684098196429e-01 6.575992702591326733e-01
1.488201299468029370e-01 2.505661194531106917e-01
7.353040244742184983e-01 8.385477841019799428e-01
8.695619046964757626e-01 5.497081205084455302e-01
5.884553886998569183e-01 5.878432375622704154e-01
1.704929672446997557e-01 6.330516108106827300e-01
9.378078862028162987e-01 8.322803442949819885e-01
3.035108511790648445e-01 8.597228965768695108e-01
1.789535186699603431e-01 9.231729639641796936e-01
2.026561065530685379e-02 9.420410423213203543e-01
8.270834296324879320e-01 8.557838225582555802e-01
9.625745027972980594e-01 5.578594251206752119e-01
1.253601518376123991e-01 5.103515314561334337e-01
6.345836164183131789e-01 8.526949705936334167e-01
5.941039311096222297e-01 9.866804590574604905e-01
1.320080087714236017e-01 9.282198436499133898e-03
8.887652503445802044e-01 9.871665567913654460e-01
3.379148921025587615e-02 1.695711180595855794e-01
3.684791865069949601e-01 1.596688703729789438e-01
4.522221667897318165e-01 8.174738017259580714e-01
8.173278283029793423e-01 7.668784944048138152e-01
2.901220995257054458e-01 9.795788938778412502e-01
2.802043342918770774e-01 3.743575848239156789e-01
9.425925404428422416e-01 5.877892899798337067e-01
3.390366250921674762e-01 3.215589248139453238e-01
6.403792403270303080e-02 9.305196093503121935e-01
8.772324048758224357e-01 7.067859580965829558e-02
3.105646312074114013e-01 6.348507006527092100e-01
4.258559159462286248e-01 6.059916520659281991e-01
8.606407880801586474e-01 5.418020920374704286e-01
7.738522918456702815e-02 8.029777526135639665e-02
9.679520947303554834e-01 6.882347864273863358e-02
7.804082868202856238e-01 9.348877980054071113e-02
4.790616760612553815e-01 6.641925198145858245e-01
8.474594687674666948e-01 2.699500790362073799e-01
7.532361412493039365e-01 3.876844516995557877e-01
6.772558262367051052e-01 1.795250953102008884e-01
9.472612583693047483e-01 6.048895236732410030e-01
7.520372289404044785e-01 9.687350846074115340e-01
2.924345037621368659e-01 5.303978943748645092e-01
2.104000452068232052e-01 5.896365663038818372e-01
4.850036121155467672e-01 9.912703109418378178e-01
8.086156766336063395e-01 2.990912941753630649e-01
8.129551740997783549e-01 6.709909592253630040e-01
5.499271890787282846e-01 5.154823746899032111e-01
9.938244721572544460e-01 6.798644988615154539e-01
3.871581456708522717e-01 2.744622454667090539e-01
5.963394290775049233e-01 5.458563343773286114e-01
9.552629818328013389e-01 4.876090377709408896e-01
7.930601004378644570e-01 9.733750227334618810e-01
7.802621744298169348e-01 2.132868888880370406e-01
4.024237337727367692e-01 3.715496600313272779e-02
7.746502093912621678e-02 5.206740907003979402e-01
2.005553021805155378e-01 8.787138758137489347e-01
2.143348926548359623e-01 2.745464383905996675e-01
7.915884065876355180e-02 9.404460391436387789e-01
1.797153799738812063e-01 8.262028107549368450e-02
6.256167621213272190e-01 7.172355226822576535e-01
9.408767006169185265e-01 3.387710194977200384e-02
3.270454266657658593e-01 5.741422525897847962e-01
6.636293133709798564e-01 1.665882517091027415e-01
9.593502479045904474e-01 3.366320772154575147e-01
9.239451385329650046e-01 9.569009764903924076e-01
2.316376790400598296e-02 4.142592761382212219e-01
3.187701985011162087e-01 2.802608899797554010e-02
9.694907083713114604e-01 6.108334619606640148e-01
8.019909379258146620e-01 5.180424120236436503e-01
3.035967671010136870e-01 7.891783085158508015e-01
9.851767839586875741e-01 7.169960123077849801e-01
2.253571033588566142e-01 1.708820304967770820e-01
1.493071098203500036e-01 9.740835586517464506e-01
2.643397160371352417e-01 3.370490555838612234e-02
1.225779462191370905e-01 6.545730694619926737e-01
6.973018045294139267e-01 3.578630522832190186e-01
4.278750339538810454e-01 8.598124577242808320e-01
6.288113690089061070e-01 8.793745437244891994e-01
3.965630864166411751e-01 1.288156287849692161e-01
6.484180823627146983e-01 8.905856122667488162e-02
5.540165617447907476e-01 1.946238754370528401e-01
9.501922460103165990e-01 2.063995124284700999e-02
9.901871483001145613e-03 3.697431860740255649e-01
3.964274028635577096e-01 7.800361026220117289e-01
8.658856397825975826e-02 6.216956678304610406e-01
2.536237281944165867e-01 8.000547104424987621e-01
1.380137539863700580e-01 5.996546369460868942e-01
4.016505301777568704e-01 2.287749584633440580e-01
5.624800870327308910e-01 2.505109579412077014e-01
9.536628271139734325e-01 5.693088616958498216e-01
6.573893837295052833e-01 8.757069228910173697e-01
9.261635213153941448e-01 4.173569791759007552e-01
8.833958028273506402e-01 2.857119702052627330e-01
6.993142586350487022e-01 5.369761624196307537e-01
1.999900541016887967e-01 3.393126866646075657e-01
2.902592431668311601e-01 4.036939843824487451e-01
7.534612800107968189e-01 6.281043239501321596e-01
8.728823962549907556e-01 1.138587127586673242e-01
9.517723074439784492e-01 5.369493344603593066e-01
8.941599066171616039e-01 9.270227982152564605e-01
3.768762525955897669e-01 2.032020630418743812e-01
8.375780840415941730e-01 2.351440248089321505e-01
4.078847628108300816e-01 9.839541067347865599e-01
2.080759482547153150e-01 3.044233112243350803e-01
6.783643892469347625e-01 1.813962722853008636e-01
3.724655127024935064e-01 7.857961641071044001e-01
8.558002349115362284e-01 5.001219193562855825e-01
7.854493596456452176e-01 1.135776203533659379e-01
8.213326613140311538e-01 9.785524949920334503e-01
9.612697685381491608e-01 7.963450931404497668e-01
2.123623664593857763e-01 6.773003089651363773e-02
9.992727221020416550e-01 8.799131141584246585e-01
5.198525394314608139e-01 5.844297221263318187e-01
3.457262037812708355e-01 1.615227439684324695e-01
2.465403246967839967e-01 6.290785674120790150e-01
3.110105743038658055e-01 2.209147387003951302e-01
9.286632884117351772e-01 6.515344085751967329e-01
8.493034969529311695e-02 1.576076888630946193e-01
4.823944062674666577e-01 9.779974268930998749e-01
9.922416699953441332e-01 7.732026053260007137e-01
1.143440172157038637e-01 8.959303646338008242e-01
2.153012885980369884e-01 7.185167380725023811e-01
1.410337801023220372e-01 7.131081288216503111e-01
1.623761126925301612e-01 7.370054173902246264e-01
7.578334402810076309e-01 1.259393937996238222e-01
3.453603837694899648e-01 5.055345812396117022e-01
7.644941392915340916e-01 2.973495639904343291e-01
9.048459324522352132e-01 7.642869678140956635e-01
8.889590202401482788e-01 6.985113744374022993e-01
3.351402060438806174e-01 8.023402379879809310e-01
2.764291881355387392e-01 6.894722833542606955e-01
3.965051901531656542e-01 7.750711877365888958e-01
4.829104256720249122e-01 8.038600898651461213e-01
5.107932355220421439e-01 1.816980022228877889e-01
1.473691868424720219e-03 1.547463859761356586e-01
1.233292458543369108e-01 8.069313144330297893e-01
2.380861762348939203e-01 3.941873703338605317e-02
4.683529963803260143e-01 5.032059505618033945e-01
6.304325095292598879e-01 7.258238129593935772e-01
9.115962033115722063e-01 7.799421720758655807e-01
6.880739681260441554e-01 7.640190604912329153e-01
5.585834985909114980e-01 9.194286653646382979e-01
8.876130095457049896e-01 8.779051562683304333e-01
2.474274835740101208e-01 9.519571405233506756e-02
4.340236870325184793e-01 8.809430248128723440e-01
1.153515423817731422e-01 4.476674027526815758e-01
5.090439977649805492e-01 9.733155377559810084e-01
2.581126376042609527e-01 6.318224449218603489e-01
2.176133796740330473e-01 1.714407096566056277e-01
3.104233328959884464e-01 2.262615733590594980e-01
2.568815708849802038e-01 9.136932725137476563e-01
3.446399511887879852e-01 1.724760719839080192e-02
6.924024702342491677e-01 8.286349033348593407e-01
7.213097760358578858e-01 9.092790723845218803e-01
1.366372878667632129e-01 2.834267581156239002e-01
8.397167326451194791e-01 7.319255533126544089e-01
2.753552670261280033e-01 3.750533186733356894e-01
4.827842063076681622e-02 2.524143693771994101e-01
1.309944425951716784e-01 2.633071402697739760e-01
9.913553771924956681e-01 7.282259998241469301e-01
1.974249486466724823e-01 6.456174588475311893e-01
8.866568005655509621e-01 2.492819450675871629e-01
7.901179654936422159e-01 9.683704462037312499e-02
6.383457422381657587e-01 7.351073018675854387e-01
7.306343924072130624e-01 6.750962417977379726e-02
9.194700829839991263e-01 5.907662640138562349e-01
3.616447726735094736e-01 8.871749713838312790e-01
7.523200246108796563e-01 7.389045961340569013e-01
3.243951306519020639e-01 4.040255717337649655e-01
3.231114921783724281e-01 3.494487386540719998e-01
8.178384477105160588e-01 6.110118950540118776e-01
8.129859714815896865e-01 1.956465950713366375e-01
7.796159795091872624e-02 8.540749880387921156e-01
2.398797731180414283e-01 9.855780199923329654e-01
1.864613447108983690e-01 3.220062933868371724e-01
9.835587298741477191e-02 8.289326552208815535e-01
6.722095356184487613e-01 8.657544787734879899e-01
5.864570259288337528e-01 4.070088344512323708e-01
6.108956718396758578e-01 8.184864779792639933e-01
7.809090009635936136e-01 5.608099867171556507e-02
5.251365572268154036e-01 1.487267145120918510e-01
8.516578762609228193e-01 8.602061758213594977e-01
6.102814240042496730e-01 8.347841915670629609e-01
5.721531100517152080e-02 8.687603194736461809e-01
4.812873359022806774e-02 1.679174083692871466e-01
8.146186670063514379e-01 4.416795168161478102e-01
6.821444622671466451e-01 3.141686821049644029e-01
3.157348671198069168e-01 3.856567874710715715e-01
7.990122524923759517e-01 9.803844710054090417e-01
5.435644229802218952e-01 8.035578849268990576e-01
2.364688273442769884e-01 1.511332886338879744e-01
9.928818613189260844e-02 6.980278701814868203e-02
6.037957648633299756e-01 1.691368047842659594e-01
2.348204537440214956e-01 2.040462889328036322e-01
9.267462124459749928e-01 2.481132798478989931e-01
4.785045703691018781e-01 5.197518479310444528e-01
4.361640799344486119e-01 5.977238254038087506e-01
5.472852108600222421e-01 7.776052983920478390e-02
3.810588649232592440e-01 2.237771879064706093e-01
4.335371867602904050e-01 4.704676897688431225e-02
7.757444739844231441e-01 3.613947550261542574e-02
5.122161466721197876e-02 5.570778622488140597e-01
8.994017533395565200e-01 1.937918515528492813e-01
8.592005998297951308e-01 6.703474933644544276e-01
5.030840554363724682e-02 2.194344116800192035e-01
6.349946817183066416e-01 5.821272689920430343e-01
4.997939294329193372e-01 3.074148279158613883e-01
5.849970474778010132e-02 8.882530333311342563e-01
5.084335856217592209e-01 1.488461236226459317e-01
3.896207074469628662e-01 4.817476805038791721e-01
8.755165453223061611e-01 7.276138677789723008e-02
4.824242549985996442e-01 3.879328670433755955e-01
8.955345389072554285e-01 2.402964685200937867e-01
2.347490344305850352e-01 7.944369059256471965e-01
8.526526906350957447e-01 6.102440537113521524e-01
2.519321837143428944e-01 5.485495255858705566e-01
4.704640908642722108e-01 6.835130140100637020e-01
5.958193888591589715e-01 8.223332190097897287e-01
1.484016579229615607e-01 6.984282525587902635e-01
4.906154115258626325e-01 1.608867129995424916e-01
4.163870619306855314e-01 3.887010722711664590e-01
5.341088474461062052e-01 6.072641860301999372e-01
4.077833525237894996e-01 8.206251502105248452e-01
8.208612201034359845e-02 8.211423857922729441e-01
6.196037464667463190e-01 2.793004131232412757e-02
8.321805427930492050e-01 8.425076719549828841e-02
8.989738630173909062e-01 1.606132304723975057e-01
2.259904529063280210e-01 5.948395177678919010e-01
9.460203603381373005e-01 9.110743231017950361e-01
8.126556149438681764e-01 5.267844639405283580e-01
1.368755000016594892e-01 4.917929500632928219e-01
4.535829298200785287e-01 2.606962319572819764e-01
3.729516030156678763e-01 6.934518798811761808e-01
5.989810150270389322e-01 3.998891623574365450e-01
6.632422700561027007e-01 2.280574369335968132e-01
6.350510878771079559e-01 1.040730828458888979e-01
4.879826456291163073e-01 4.797371910765751979e-01
6.133263553919249267e-01 9.147119473095255415e-01
4.707906510744882533e-01 7.966129501168249805e-01
4.953413746443291465e-01 3.759289097471474328e-01
7.996638981838991578e-01 2.263422913953693216e-01
9.822441955172964700e-01 4.007701608879158384e-01
6.284816601440046391e-02 4.195035830319220338e-01
6.220683894316534346e-01 7.748728247218805709e-02
7.687664205347886082e-01 1.481407095368142413e-01
3.464581498217174094e-01 3.741706889008101777e-01
9.540724858345360770e-01 2.017119322918795588e-01
2.664872932754737134e-01 2.851551455994719708e-01
9.404410928636910416e-01 9.433209296908710018e-01
9.759520774157021128e-01 3.796059764005491610e-01
4.607275411801037279e-01 8.646570568432599968e-01
4.977452105352453415e-02 2.662029639107074130e-01
4.948433538394958475e-02 1.485251952502003592e-01
3.354026904619531457e-01 1.593186165795210663e-01
6.042642118199822443e-01 3.622801852802556288e-01
4.321765053035943049e-01 1.296990874818677586e-01
5.009776173363085228e-01 6.911967096303239799e-01
2.843447388825087740e-01 6.960160417076588502e-01
4.851595999320595931e-01 3.773577398840417541e-01
2.206260016876980812e-01 3.877334260719395020e-01
9.861416634350256283e-01 9.897820792906860676e-01
3.143651763378426667e-01 2.887254820769316055e-01
2.756566603684205141e-01 3.566609219520134877e-01
2.096715381690477109e-01 3.485622716981426894e-01
5.002140796843268511e-01 5.586464052326062246e-01
3.826262234060892053e-01 6.213061486105000419e-01
6.234545906953680161e-01 1.012007789527499257e-01
7.052812232979784879e-01 9.859136485863476684e-01
4.589464610978497561e-01 1.475803027688343816e-01
7.593958380222957105e-01 3.242665192946847519e-01
5.319726956768244808e-02 5.431594631399525586e-01
3.973107866480777295e-01 6.083820712713868817e-01
7.714980142319666223e-01 7.052690464241440083e-02
8.587080095659554990e-01 8.489442860844618188e-01
5.852357530054149715e-01 1.810752581986782017e-01
4.622349794026996417e-01 2.730388061246076248e-01
9.956156479211069055e-01 9.855152745808393178e-01
1.031228805619824884e-01 2.038024941230287546e-03
7.454048036918756726e-01 2.721666287686327346e-01
1.519274962788962346e-01 7.569474046401380996e-02
7.971116681109887692e-01 2.042571147578476909e-01
8.905498515460802400e-01 7.845412393231200321e-01
2.559911398604749477e-01 6.801237915433272496e-01
9.602761266449441058e-01 1.729485364083178656e-01
2.237347877046613753e-02 3.066542643221352726e-01
1.494390056222649754e-02 7.031051838812855115e-01
7.394301525304504130e-01 6.366961297199166259e-01
6.176307676450814022e-01 8.847026512681599453e-02
5.264284484575707523e-01 8.886143475519134860e-01
6.991814213144594836e-01 9.688563980044400115e-01
6.803141377052405181e-01 2.574809189116458175e-01
4.213323780928476259e-01 2.452819523064027063e-01
7.084292021662327299e-01 9.511314045403618245e-01
5.335416904151797368e-01 5.151925491368429810e-01
9.458039421305555194e-01 3.351562918367944066e-01
7.805859167306870017e-01 7.718620384137928614e-01
4.601435461670921878e-02 6.157384657568432118e-02
7.214244338623719832e-01 9.320214724694382280e-01
1.761490434037005226e-02 8.502787708593775307e-01
2.830771236370394073e-01 6.918189953100654099e-01
9.768786498037933530e-01 6.152045216098017688e-01
9.396715420559087484e-01 6.308493260593921459e-01
2.523689292365062231e-01 9.209546774187168383e-01
6.366954421413862919e-01 9.267988144597636424e-01
6.371958621419226976e-02 8.333883755171077601e-01
4.144004960203542254e-01 9.577165464189439925e-01
6.427666953952966278e-01 3.283126137206531237e-01
4.281275971009512737e-01 5.747037622327377804e-02
2.804041988812021602e-01 8.155270500784892462e-01
9.277395191080284320e-03 4.610923499265159320e-01
5.874325187338534926e-01 5.477682154130980585e-02
2.732604352117289359e-01 2.682595626158095214e-01
8.980586465418926023e-01 5.381467417418924759e-01
8.902906954946998574e-01 5.383646116668724391e-01
1.174954173643513178e-01 5.683428590930135194e-01
6.403268265172332718e-01 5.447922085620886534e-01
2.212679608520505825e-01 1.701679208334503368e-01
2.216214999958817655e-01 7.108938820774890477e-01
5.901603845926728376e-01 2.405850788707919463e-03
6.547233366667463139e-01 4.432087879677112374e-01
3.834224403948111037e-01 3.800452121731934252e-01
1.210606263029621044e-01 4.676499157723007505e-01
1.393063653094734899e-01 9.752290116852088131e-01
9.274869359073251163e-01 9.335423830442524107e-01
3.799406875015589602e-01 1.595341563232374194e-01
3.156540556461343572e-01 3.777400766323100179e-01
4.707996164029437658e-01 5.937269282717193564e-01
1.213278621155474690e-01 3.438112316321633166e-01
4.331944941755444534e-01 1.121352326998675819e-01
3.884904899422649827e-01 8.572176572726086796e-02
6.837367204517795782e-01 7.957145898520323613e-02
5.764491145799746086e-01 7.796271479092371504e-01
9.402576408196203772e-01 7.000568691150875766e-01
6.730468748121419820e-01 3.724479716936570650e-01
8.991238815607682788e-02 1.717477230799118182e-01
6.976096476395121648e-01 2.492629825479881767e-01
3.144032253971018598e-02 1.011921180457346914e-01
7.600964771040024104e-01 9.705365817130352513e-01
4.730228077722805624e-01 5.773124578745046920e-01
2.109716198742161986e-02 3.186042759689112769e-01
7.978269132529679508e-01 5.176767157934786256e-01
9.650590843835105126e-01 6.172800811795334797e-01
3.089830513911671073e-01 5.022715576326552966e-02
7.624659667786600759e-01 5.566113270564402304e-01
2.839341182769985483e-01 9.241602952102737634e-01
4.299750752560815847e-02 2.171524192312956902e-02
7.055772845911265634e-01 4.943546171548415247e-01
7.332215317855018677e-01 5.470428305087658982e-01
4.141118354184034622e-01 2.600298201521400454e-01
5.641135201737196292e-01 1.645204630334944351e-01
9.545354076283094624e-01 7.549103290078125195e-01
3.983407358922200769e-01 3.493554514659354959e-01
2.003276451866540242e-01 3.472455998557595347e-01
3.947827438556896773e-01 8.201941072584219006e-01
5.230595781594506999e-01 5.435654008492294409e-01
8.931167037903161576e-01 9.687875630257403170e-02
5.401876303958198511e-01 8.025397541386902756e-02
1.988395146275570013e-01 2.473535135268259966e-01
9.233065051833104775e-01 8.496063692974564763e-02
2.536132435905804616e-01 6.653820515263489943e-01
9.277083348731318679e-01 4.627754073027940951e-01
9.499404425861995849e-01 7.399085259791741143e-01
8.195692670568418547e-01 4.975503129522671486e-01
7.925107330350374957e-01 9.931923671625403349e-01
1.823527537663054421e-01 9.348087480275881767e-01
6.816213330844863583e-01 2.553398175233436707e-01
6.610050311391580946e-01 7.023838291780168941e-01
5.840180383969143518e-01 8.362079438355564109e-01
1.028640479304018251e-01 3.078572857368123694e-01
2.459401334028149533e-01 6.031247391041772987e-01
7.932076601635345003e-01 6.127460638664994352e-01
9.574689372535613030e-01 6.337600213850291819e-01
8.452747191050669073e-01 6.908399300279688404e-02
9.128711109651682643e-01 7.541987221855415147e-01
9.561298424481200486e-01 9.969672936641436056e-01
1.269043957862795446e-01 1.106204327039204127e-01
9.497117883528946036e-01 1.315244403626902869e-01
9.317808510165490610e-01 1.786235361728808479e-01
3.537127725680371260e-01 7.255444706011985323e-01
8.535704553728232780e-01 6.305338029604735661e-01
9.331434036067685067e-01 7.380592493654495323e-01
3.678331040578444178e-01 9.369663503095411183e-01
6.970622206272889532e-01 9.122331198661937091e-02
4.824911970885626955e-01 7.988823679282934798e-01
2.895465544933326640e-01 5.552397583744458354e-01
8.848449528257251728e-03 1.442452053231131348e-01
7.127894864615258452e-02 7.762690248272077209e-01
9.691026814589910332e-01 3.365674835472431958e-02
2.939198661988400296e-01 4.177396015821156494e-01
3.599917930357442453e-01 5.509720178370036692e-02
1.613822190048654903e-01 3.213994353890771150e-01
2.259862956084078833e-01 5.791104073475649150e-01
6.921989485372802564e-01 3.473038716326648512e-02
3.394179905406641273e-01 9.609630512115718837e-03
2.314138451157472520e-01 9.809086972231378931e-01
7.585610018212052275e-02 1.102871717705686816e-01
5.133670166729148443e-01 3.657273742483003742e-01
8.905020885938264019e-01 6.586354299360924758e-01
6.497726377187281743e-01 5.554204103574943430e-01
7.343419353540440175e-01 9.607047993619868276e-01
6.602293844504441012e-01 3.904830321324386233e-01
2.579175525798388380e-01 6.753602728522697385e-01
1.073055226623055303e-01 9.561085694218363074e-01
2.551026886368776836e-01 8.809593803204485152e-01
4.738961391011151658e-01 9.383050520680157325e-01
3.453483879634321463e-01 1.176173640209177140e-02
7.271279244592275814e-01 3.563842824641411111e-01
3.831331993646286405e-01 6.535470434655249461e-01
8.871266182076735785e-01 8.098990400324512784e-02
6.562302427045427766e-01 9.668868935327248337e-01
1.947314002180300374e-02 9.930061916812880085e-01
6.750251764231510743e-01 2.737466827078598453e-01
6.771712990200556836e-01 5.980872460209544217e-01
7.844820283132625249e-01 5.169859091088769842e-01
7.513750793266313899e-01 4.573353881313264591e-01
8.871920686866430206e-02 8.370131337079387279e-01
1.299878806765216721e-01 4.220385985331976952e-01
9.672374210522511895e-01 1.984225703651912864e-01
9.201029148169013183e-01 2.631868667294033903e-01
3.728227256788416710e-01 7.052953656471174781e-01
8.726195974666666189e-01 2.014913170591332570e-01
1.634924121108991546e-01 5.513950833462361034e-01
1.309759537607187996e-01 3.545775048813591956e-01
7.118628481915081352e-01 1.038873238054537351e-01
9.550436401022948107e-01 9.047074643723870269e-01
7.817599428864883127e-01 6.672119067566668615e-01
9.416005470099982899e-01 1.373157946130775242e-01
1.332224964293177161e-01 7.472297700881282978e-01
8.085179077754162114e-01 4.763931491719030076e-01
2.267920523215429807e-01 6.839826533808291975e-01
9.078548979608644931e-01 7.796499734788303604e-01
5.454727965183199245e-01 7.596311875302045324e-01
9.014727603479774087e-01 3.946912385974324922e-01
8.655378750422288991e-01 5.367342746805516818e-01
8.048949826200660906e-01 6.730147575993873366e-01
3.262202641273815873e-01 4.381149856349086935e-01
3.607141863375620261e-01 8.953395598945607103e-01
2.658558894198661537e-01 8.079270186546885224e-01
1.890638246515461418e-01 8.818066532955137760e-02
9.185939747140080547e-01 8.981095192178957243e-01
7.785267449277539775e-01 7.987513421581582396e-02
4.849855763092186800e-01 9.996023612374402845e-01
8.090052965780014649e-02 7.031701543502782981e-01
8.483146283633452578e-01 4.934331658124715414e-01
2.475659928659781350e-01 8.457785168558071831e-01
2.894122038605972946e-02 5.090290541009567793e-02
6.959175711018824595e-01 7.270698322111737166e-01
1.703649165911846897e-01 9.023259404243610948e-01
4.604552451303625116e-01 9.314879715007998717e-01
6.598908739687157077e-01 2.164718406209323875e-01
7.890274726237979097e-01 2.168279107440106435e-01
3.912534224771053726e-01 1.140008775155061382e-01
3.957428758011088954e-01 5.532838159611808138e-03
9.075816460255919926e-01 3.526524415488886399e-01
8.097177167519079566e-01 4.146572864847603013e-01
4.457720407031626753e-01 7.571141137591733683e-01
8.115654146907317346e-01 2.015667055326220147e-01
6.217658844783829908e-01 9.421603992180249687e-01
6.105546604438915059e-01 3.187347745273800825e-01
5.968401953350727096e-01 5.637861559189203398e-01
1.741015073095538712e-01 7.288601660043584340e-01
5.609310930628168546e-01 5.824647770526685253e-01
3.583105510230254476e-01 5.747982239409048510e-01
7.662198177551461376e-01 8.258734687266648944e-01
7.859537313598420338e-01 7.581460835293363232e-02
9.793528572305353341e-01 8.978668846534632042e-02
8.227043394842074031e-01 4.646110782566412745e-01
3.253634803034318734e-01 1.318771719533167186e-01
9.939234980125141172e-01 8.666531477948017370e-01
6.054799180547483228e-01 7.759224304763921998e-01
6.958446735806692596e-01 7.058156106093533833e-01
1.144383911414272870e-01 5.722215640557853922e-01
6.494943452719200705e-01 7.968988750360824769e-01
4.723991823045404770e-01 1.277816365607054028e-02
5.917787917483892102e-01 7.107684646375151960e-01
8.151020025098171251e-01 1.635759193949283263e-01
5.635425785332580650e-01 6.141723821489664115e-02
4.442551666920532272e-01 6.012100734218384090e-02
4.242237101708656866e-01 5.898412433329536242e-02
4.617729198690301295e-02 6.515757413858525027e-02
2.276706078013749357e-01 1.925667881414336868e-01
7.581061139021372242e-01 8.302973026296269765e-01
3.895246161885023151e-01 4.615909278092977797e-01
1.141964579415435388e-01 5.464347632838369995e-01
8.080715475713499130e-01 3.553270423675430889e-01
7.459937776977224599e-01 3.353714473222901837e-02
6.944852288332736823e-01 8.631443486543259880e-01
6.608209852372682880e-01 7.059225366376962185e-01
6.949843371762719491e-01 9.719573725679009346e-02
3.540751695233826934e-01 1.895487383030570738e-01
1.137169381052571815e-03 8.856633529112852843e-01
4.479033224942090552e-01 3.787219743115137760e-01
7.295831968580600568e-01 9.952024298733953556e-01
3.361996093448937906e-02 9.407461672448822476e-01
4.763947467174222128e-01 8.997042997323313474e-01
7.932782943512136642e-01 6.917108096351203272e-01
8.414527275668650663e-01 3.579350496157792660e-01
4.353767004456140510e-01 6.074835729430183573e-01
6.527426281557791032e-02 5.742575320294590613e-01
3.681195581995455601e-02 5.586994800570459496e-01
2.956958792222819099e-01 3.292032328896192794e-01
7.731647485462400660e-02 9.480587325429489232e-01
6.090261825579222910e-01 6.739993143930421704e-01
3.543357178257801054e-01 4.104436725934688113e-01
5.071514196609194780e-01 4.384441461218815395e-01
1.128765606131973964e-01 6.727016186103127460e-01
2.939006434994790862e-01 7.636480488022409086e-01
2.782060248150870496e-01 7.697953710978087116e-01
6.180196380956533009e-01 7.339853458261280661e-02
5.094787607521391593e-01 3.619980409786449638e-01
6.466252464342918671e-01 6.939353849717313505e-01
5.965403359493959279e-01 7.049479624645245135e-01
4.921639775853157150e-01 7.721130098606251435e-01
3.318013236898067486e-01 3.804615469306864561e-01
2.301390588163343409e-02 7.682973898953926462e-02
7.298023412765115570e-01 2.592971498935314756e-02
1.022812324594357669e-02 3.668287197754066531e-01
5.945630837244414435e-01 3.378657552256467689e-01
4.563926543860807872e-02 2.121806883431361923e-01
7.518937479000528112e-01 7.616875834959677682e-01
3.778570459919839974e-01 5.754353519683504947e-01
7.232433976281675836e-01 8.113026795647321210e-01
8.117012526771171244e-01 4.034390063459842857e-01
1.551271004184275881e-01 9.364567902625342555e-01
2.181095970061015521e-01 4.429129549446431113e-02
4.249277842544634254e-01 6.446727839236879865e-01
3.833408787830543396e-01 5.574982168561308793e-01
8.236136838789239745e-01 5.157074420774121482e-02
7.382542739480980609e-01 3.604722689931310065e-01
7.307382244831520657e-01 2.563075833608029486e-01
6.988032940895363421e-01 5.733451679745495966e-01
8.634624455981503299e-01 7.532024820601856963e-02
8.177411255133456569e-01 6.954446041669660739e-01
4.828664636959008050e-01 6.373131322201943672e-01
6.512917990820070724e-01 2.342805798753595514e-01
3.066713013531474630e-02 4.199176170308438483e-01
9.868804665313268831e-01 6.168633994746086646e-02
1.765988599188396124e-01 8.833298865340750705e-01
2.992393936392994114e-01 4.974815800226178863e-01
5.671521427102047541e-01 6.003221330446960602e-01
4.462730276232125259e-01 2.442909005908312503e-01
6.888765099639213574e-01 5.224868675180460720e-02
7.751621532737305031e-01 5.147770746855456769e-01
9.906470106769520445e-01 7.437784123542194870e-01
1.009034545767774071e-01 6.675637113726401450e-01
6.426694539706380160e-01 8.994061633204083472e-01
2.185452721141344368e-01 3.196059918876411610e-01
8.158231572787066899e-01 4.721590399735186017e-01
7.540772172962612041e-01 7.410568310002095815e-01
3.177375771514704406e-01 3.629364925074525239e-01
4.594102488362377112e-01 8.546098680878219112e-01
9.613558842994527343e-01 9.080684680909758555e-01
4.633291644199033499e-02 1.391798854503901728e-01
4.809615943607185029e-01 6.093704740847250001e-03
2.729579999988248629e-01 9.248063468286659150e-01
6.463348797748548202e-01 7.812028260445993411e-01
6.582956800627189908e-01 1.636940396823827193e-01
6.170228941991178218e-01 3.326981143880600733e-01
1.042875631857465013e-01 8.858219377276594919e-01
8.564757621425344025e-01 5.740975539418236018e-01
7.535004792895838577e-01 8.216097523152415816e-01
7.313986726549962514e-01 8.427485515598889254e-01
1.505360949389307201e-01 2.055587312289099966e-01
6.910435101299147176e-01 6.205401870496614070e-01
8.988843328104806352e-01 4.960486276727912314e-01
8.441440839391969320e-01 8.247845832378383202e-01
4.901366437160448175e-01 2.822400682254156967e-01
1.519014234386838469e-01 6.226454629592930168e-01
3.446649027035271207e-01 7.767499304592777598e-01
7.947368769634716168e-01 1.741433169187345253e-01
4.120989275027789889e-01 4.334495608665298594e-01
1.362885288542290407e-01 9.173261092188365051e-01
6.810911842380111825e-01 3.642907700347229882e-01
4.103968768272875378e-01 1.387629508661937239e-01
3.608394855872679718e-01 1.947450224957635312e-01
3.731602889344076690e-02 9.765215683458794427e-01
8.484862840465572376e-01 1.237408010456222396e-01
7.849215029572452762e-01 3.170243133849808270e-01
1.491297666586755000e-01 6.341291722238108219e-01
6.271452554986176597e-01 3.887409062647751989e-01
9.538131085579719670e-01 3.389646398808398020e-01
9.634250309101513032e-01 5.187950291949600112e-01
9.153515282743989179e-01 9.135983054510665724e-02
3.928154017604458259e-01 8.705075264799404522e-01
4.097858270855425644e-01 1.066378666681805365e-01
5.888072815165352747e-01 6.092229417576600081e-01
5.344298007608211387e-01 4.915153443678155210e-02
4.949051226831461259e-01 1.673635856897909280e-01
9.546366643798641638e-01 1.185224725343941854e-01
9.269114405482201668e-01 4.040760246827727054e-01
4.599753972522986345e-01 2.017268698810820160e-01
4.145543231736316114e-01 3.210080828855271795e-01
5.115872511765905406e-01 6.964986772204773136e-02
4.211618204527682874e-01 8.662951619375688361e-01
8.921790203022661458e-02 2.751111871904450279e-01
4.342369257648862613e-01 2.989064344152357888e-01
8.146494075673879065e-01 6.422012564818209146e-01
7.749789308235793817e-01 3.033751878640447153e-01
9.370345087349182256e-01 5.619228362486495820e-01
7.192064749696988057e-01 5.545890345103499097e-01
2.064085629306214864e-01 2.308023937142031912e-01
5.670757759738154213e-01 6.957654988745537450e-01
3.115538395453998355e-02 9.276172788989486273e-01
4.371335359377486185e-01 6.444943429731641027e-01
4.527663633428163914e-01 4.916817994215766374e-01
1.724680356316072860e-01 6.421227128042906740e-01
6.894324341751728591e-01 5.329845040192373595e-01
6.730576502751473011e-01 9.071286463527296062e-01
8.845687659131775682e-01 8.270225999414753115e-01
5.521404606608998344e-01 2.209629253937612781e-01
6.021383191519152911e-01 2.759916386462503146e-01
7.263190489444093512e-01 9.310724624553878837e-01
1.092792347838233979e-01 9.955932888115768264e-01
7.618211071396199241e-01 7.173199014585320832e-01
5.480646066237326863e-01 6.414905129800004824e-01
2.249023942478250992e-01 9.087993532621575499e-01
6.230714574306472908e-01 6.540992615224909823e-01
2.547218170834749662e-01 3.180965990679219813e-01
5.911524179109581834e-01 2.705957563800894805e-01
3.213847636342168634e-01 7.884180709665374875e-01
9.938226034426878019e-01 4.599358058795657289e-01
2.461460659952208196e-02 5.191907792906577113e-01
1.712581147742320287e-01 7.007207754700724989e-01
6.690783709529056766e-01 7.299992623461759589e-02
8.725516295079447371e-01 7.311980418127124182e-01
9.889097216086151221e-01 8.829701868422288324e-01
5.910080237422423721e-01 7.739568855134546510e-01
9.872280082497566500e-01 5.051509304704290271e-01
4.787383616744897985e-01 8.963739094731226764e-01
6.472420242300053195e-01 2.838539909528255967e-01
3.348404026873916806e-01 2.752887573265603294e-01
4.846207504984937353e-01 8.689697310997119839e-01
5.186033171722000956e-01 1.670496333237175834e-01
9.876727430435516819e-01 5.928331155124888507e-01
7.902766706659658524e-01 8.901684232373215933e-01
3.067057552737229020e-02 5.103418147662007742e-01
8.637839496689861951e-01 8.772568385208343589e-01
3.068094772022078587e-02 5.821822038360722207e-01
3.942027610609274424e-01 4.603929480522513940e-01
9.743690798828879007e-01 4.379852667772211605e-01
5.404748159512682282e-01 1.034416102718873631e-01
9.813297742824802494e-01 9.889928131772320885e-01
5.673773463312783427e-01 3.305670538748576304e-01
2.271841508238773288e-01 6.015185525903765651e-02
6.911930079567392138e-01 5.884050089009668083e-01
7.765031673498800080e-01 9.142302467505046826e-01
8.256661710156899536e-01 1.288990457797024591e-01
1.797169073463870115e-01 2.064164485551558403e-01
4.193530287899585041e-01 8.588736692403420303e-02
3.074560718000263204e-02 5.269150250104938094e-01
4.136790546920092737e-01 6.132297412908119805e-01
5.330913760082921504e-01 2.121119220446425757e-01
4.975264202142157810e-01 3.612786437394382988e-01
7.885852334395728747e-01 2.340737590645602939e-02
6.316275874010385261e-01 1.242664907964365906e-01
9.747596540181904246e-01 6.847523191813923438e-01
6.331139437264767800e-01 4.705432511331986145e-01
3.349402343684619865e-01 9.161596497267543437e-02
8.882439585741349619e-01 8.337509550857598040e-01
8.885818274668751959e-01 2.411708191578696425e-01
3.763614279314827504e-01 2.029724874743759067e-01
8.032649812235660436e-01 1.917850468084589810e-01
3.374245453011591733e-01 6.249792091414922979e-01
9.766543971703672833e-01 3.249917574903871120e-02
6.065114992075493205e-02 5.335836091751529064e-01
1.185995793958771749e-01 5.046017124935057163e-01
4.247863391942260369e-01 6.062952321255929977e-01
3.833620438703512212e-01 8.539781630929799139e-01
3.062130851085298477e-02 7.241833454412749393e-02
3.750942239615054907e-01 9.335701495061218269e-01
7.705598673811497878e-02 4.803728534750019152e-01
2.592112642622211860e-01 3.348053270964864714e-01
7.718193025262130025e-01 4.783775013691571321e-02
6.981923218130736686e-03 9.789689080100160146e-01
1.672665556587015212e-01 5.399475743406001449e-01
2.702027341146443495e-01 1.769482883120639949e-01
2.085201771974987128e-01 3.629530710403469085e-01
4.817150873707458647e-01 6.214246594605447038e-01
7.872295424785644702e-01 8.122881966144314125e-01
7.361138554045244531e-01 8.509771757419920535e-01
8.186170289554359769e-01 5.932516922764948797e-01
9.897762427722250900e-01 2.849594671719631878e-01
3.182158122798712796e-01 7.458427266246119292e-01
9.027073946824617501e-01 4.373397437911127339e-01
2.927247460842937743e-01 7.737809652972953423e-01
3.350840142919477849e-01 3.837643479042259775e-01
5.519682829500216492e-03 6.067242756318015351e-01
8.893887098059423124e-01 4.393987156489682633e-01
6.059006498017603937e-01 3.273776606603709949e-01
6.744698543511213895e-01 6.285449803451397255e-01
1.500157570573875665e-01 3.301930179140416532e-01
