1.034641000000000000e+06
9.941242512172632851e+05
9.581773280110829510e+05
9.268002303814619081e+05
8.999929583283971297e+05
8.777555118518901290e+05
8.600878909519405570e+05
8.469900956285489956e+05
8.384621258817153284e+05
8.345039817114393227e+05
8.351156631177198142e+05
8.402971701005587820e+05
8.500485026599550620e+05
8.643696607959092362e+05
8.832606445084202569e+05
9.067214537974898703e+05
9.347520886631166795e+05
9.673525491053002188e+05
1.004522835124042584e+06
1.046262946719342028e+06
1.092572883891199483e+06
1.143452646639614133e+06
1.198902234964586562e+06
1.258921648866116302e+06
1.323510888344202889e+06
1.392669953398848651e+06
1.466398844030051259e+06
1.544697560237811180e+06
1.627566102022129111e+06
1.715004469383004820e+06
1.807012662320438772e+06
1.903590680834428873e+06
2.004738524924977217e+06
2.110456194592082407e+06
2.220743689835747238e+06
2.335601010655967519e+06
2.455028157052744646e+06
2.579025129026080947e+06
2.707591926575975027e+06
2.840728549702425953e+06
2.978434998405437917e+06
3.120711272685003001e+06
3.267557372541127726e+06
3.418973297973806504e+06
3.574959048983050045e+06
3.735514625568846706e+06
3.900640027731200680e+06
4.070335255470112897e+06
4.244600308785581961e+06
4.423435187677610666e+06
4.606839892146194354e+06
4.794814422191339545e+06
4.987358777813038789e+06
5.184472959011295810e+06
5.386156965786112472e+06
5.592410798137480393e+06
5.803234456065410748e+06
6.018627939569900744e+06
6.238591248650949448e+06
6.463124383308551274e+06
6.692227343542714603e+06
6.925900129353429191e+06
7.164142740740709007e+06
7.406955177704541013e+06
7.654337440244931728e+06
7.906289528361878358e+06
8.162811442055385560e+06
8.423903181325456128e+06
8.689564746172076091e+06
8.959796136595247313e+06
9.234597352594980970e+06
9.513968394171288237e+06
9.797909261324133724e+06
1.008641995405354351e+07
1.037950047235951386e+07
1.067715081624203734e+07
1.097937098570111953e+07
1.128616098073676787e+07
1.159752080134895816e+07
1.191345044753771834e+07
1.223394991930303350e+07
1.255901921664489433e+07
1.288865833956332877e+07
1.322286728805831075e+07
1.356164606212984957e+07
1.390499466177795641e+07
1.425291308700260334e+07
1.460540133780382201e+07
1.496245941418160498e+07
1.532408731613594107e+07
1.569028504366682656e+07
1.606105259677426144e+07
1.643638997545826435e+07
1.681629717971883714e+07
1.720077420955596119e+07
1.758982106496963650e+07
1.798343774595987424e+07
1.838162425252664462e+07
1.878438058467000723e+07
1.919170674238990247e+07
1.960360272568637133e+07
2.002006853455941007e+07
2.044110416900898144e+07
2.086670962903512269e+07
2.129688491463781521e+07
2.173163002581705153e+07
2.217094496257285401e+07
2.261482972490525618e+07
2.306328431281415746e+07
2.351630872629965097e+07
2.397390296536169201e+07
2.443606703000028804e+07
2.490280092021544650e+07
2.537410463600716367e+07
2.584997817737542838e+07
2.633042154432027042e+07
2.681543473684163764e+07
2.730501775493958965e+07
2.779917059861408174e+07
2.829789326786516234e+07
2.880118576269277930e+07
2.930904808309693262e+07
2.982148022907766700e+07
3.033848220063496009e+07
3.086005399776880071e+07
3.138619562047920004e+07
3.191690706876618043e+07
3.245218834262970462e+07
3.299203944206978381e+07
3.353646036708640307e+07
3.408545111767961085e+07
3.463901169384934753e+07
3.519714209559566528e+07
3.575984232291851938e+07
3.632711237581796199e+07
3.689895225429391861e+07
3.747536195834646374e+07
3.805634148797554523e+07
3.864189084318120778e+07
3.923201002396343648e+07
3.982669903032219410e+07
4.042595786225751042e+07
4.102978651976941526e+07
4.163818500285784900e+07
4.225115331152286381e+07
4.286869144576442242e+07
4.349079940558252484e+07
4.411747719097717851e+07
4.474872480194840580e+07
4.538454223849617690e+07
4.602492950062054396e+07
4.666988658832142502e+07
4.731941350159892440e+07
4.797351024045290053e+07
4.863217680488348007e+07
4.929541319489067048e+07
4.996321941047434509e+07
5.063559545163454115e+07
5.131254131837139279e+07
5.199405701068475842e+07
5.268014252857467532e+07
5.337079787204114348e+07
5.406602304108417034e+07
5.476581803570380807e+07
5.547018285589988530e+07
5.617911750167262554e+07
5.689262197302189469e+07
5.761069626994773000e+07
5.833334039245007187e+07
5.906055434052904695e+07
5.979233811418454349e+07
6.052869171341659874e+07
6.126961513822519034e+07
6.201510838861033320e+07
6.276517146457211673e+07
6.351980436611040682e+07
6.427900709322525561e+07
6.504277964591664821e+07
6.581112202418459952e+07
6.658403422802908719e+07
6.736151625745016336e+07
6.814356811244779825e+07
6.893018979302193224e+07
6.972138129917269945e+07
7.051714263090002537e+07
7.131747378820389509e+07
7.212237477108433843e+07
7.293184557954129577e+07
7.374588621357484162e+07
7.456449667318493128e+07
7.538767695837159455e+07
7.621542706913474202e+07
7.704774700547450781e+07
7.788463676739083230e+07
7.872609635488370061e+07
7.957212576795314252e+07
8.042272500659917295e+07
8.127789407082170248e+07
8.213763296062080562e+07
8.300194167599639297e+07
