1.034641000000000000e+06
1.029161560222565546e+06
1.023757755275609437e+06
1.018429585159131791e+06
1.013177049873132026e+06
1.008000149417610024e+06
1.002898883792566834e+06
9.978732529980019899e+05
9.929232570339144440e+05
9.880488959003059426e+05
9.832501695971756708e+05
9.785270781245228136e+05
9.738796214823487680e+05
9.693077996706524864e+05
9.648116126894343179e+05
9.603910605386947282e+05
9.560461432184324367e+05
9.517768607286500046e+05
9.475832130693442887e+05
9.434652002405179664e+05
9.394228222421690589e+05
9.354560790742979152e+05
9.315649707369063981e+05
9.277494972299917135e+05
9.240096585535557242e+05
9.203454547075979644e+05
9.167568856921184342e+05
9.132439515071171336e+05
9.098066521525938297e+05
9.064449876285480568e+05
9.031589579349819105e+05
8.999485630718932953e+05
8.968138030392832588e+05
8.937546778371505206e+05
8.907711874654967105e+05
8.878633319243205478e+05
8.850311112136224983e+05
8.822745253334027948e+05
8.795935742836615536e+05
8.769882580643985420e+05
8.744585766756136436e+05
8.720045301173068583e+05
8.696261183894781861e+05
8.673233414921278600e+05
8.650961994252556469e+05
8.629446921888615470e+05
8.608688197829454439e+05
8.588685822075082688e+05
8.569439794625485083e+05
8.550950115480670938e+05
8.533216784640643746e+05
8.516239802105390700e+05
8.500019167874922277e+05
8.484554881949236151e+05
8.469846944328334648e+05
8.455895355012213113e+05
8.442700114000876201e+05
8.430261221294313436e+05
8.418578676892541116e+05
8.407652480795553420e+05
8.397482633003334049e+05
8.388069133515905123e+05
8.379411982333255000e+05
8.371511179455386009e+05
8.364366724882303970e+05
8.357978618614006555e+05
8.352346860650480958e+05
8.347471450991744641e+05
8.343352389637780143e+05
8.339989676588609582e+05
8.337383311844214331e+05
8.335533295404608361e+05
8.334439627269774210e+05
8.334102307439731667e+05
8.334521335914464435e+05
8.335696712693978334e+05
8.337628437778278021e+05
8.340316511167358840e+05
8.343760932861219626e+05
8.347961702859860379e+05
8.352918821163286921e+05
8.358632287771495758e+05
8.365102102684486890e+05
8.372328265902259154e+05
8.380310777424811386e+05
8.389049637252144748e+05
8.398544845384260407e+05
8.408796401821157197e+05
8.419804306562840939e+05
8.431568559609302320e+05
8.444089160960544832e+05
8.457366110616570804e+05
8.471399408577383729e+05
8.486189054842974292e+05
8.501735049413340166e+05
8.518037392288495321e+05
8.535096083468432771e+05
8.552911122953150189e+05
8.571482510742648738e+05
8.590810246836928418e+05
8.610894331235997379e+05
8.631734763939839322e+05
8.653331544948463561e+05
8.675684674261875916e+05
8.698794151880067075e+05
8.722659977803045185e+05
8.747282152030791622e+05
8.772660674563330831e+05
8.798795545400647679e+05
8.825686764542751480e+05
8.853334331989632919e+05
8.881738247741295490e+05
8.910898511797743849e+05
8.940815124158968683e+05
8.971488084824982798e+05
9.002917393795769894e+05
9.035103051071346272e+05
9.068045056651701452e+05
9.101743410536836600e+05
9.136198112726757536e+05
9.171409163221457275e+05
9.207376562020938145e+05
9.244100309125201311e+05
9.281580404534252593e+05
9.319816848248076858e+05
9.358809640266689239e+05
9.398558780590080423e+05
9.439064269218257396e+05
9.480326106151215499e+05
9.522344291388950078e+05
9.565118824931472773e+05
9.608649706778771942e+05
9.652936936930855736e+05
9.697980515387721825e+05
9.743780442149370210e+05
9.790336717215802055e+05
9.837649340587011538e+05
9.885718312263004482e+05
9.934543632243776228e+05
9.984125300529336091e+05
1.003446331711967243e+06
1.008555768201479339e+06
1.013740839521469432e+06
1.019001545671937871e+06
1.024337886652884888e+06
1.029749862464309554e+06
1.035237473106212565e+06
1.040800718578593805e+06
1.046439598881453159e+06
1.052154114014791092e+06
1.057944263978606323e+06
1.063810048772900598e+06
1.069751468397672521e+06
1.075768522852922324e+06
1.081861212138651870e+06
1.088029536254857900e+06
1.094273495201542974e+06
1.100593088978705928e+06
1.106988317586347461e+06
1.113459181024466874e+06
1.120005679293064401e+06
1.126627812392140506e+06
1.133325580321693793e+06
1.140098983081726590e+06
1.146948020672236569e+06
1.153872693093225127e+06
1.160873000344692031e+06
1.167948942426637281e+06
1.175100519339060411e+06
1.182327731081962120e+06
1.189630577655341476e+06
1.197009059059198946e+06
1.204463175293534994e+06
1.211992926358348690e+06
1.219598312253641197e+06
1.227279332979411818e+06
1.235035988535660552e+06
1.242868278922387166e+06
1.250776204139591893e+06
1.258759764187275432e+06
1.266818959065436618e+06
1.274953788774076849e+06
1.283164253313194029e+06
1.291450352682790253e+06
1.299812086882864358e+06
1.308249455913417041e+06
1.316762459774447838e+06
1.325351098465955816e+06
1.334015371987942839e+06
1.342755280340408208e+06
1.351570823523351224e+06
1.360462001536772586e+06
1.369428814380672062e+06
1.378471262055050582e+06
1.387589344559906283e+06
1.396783061895241262e+06
1.406052414061052958e+06
1.415397401057343930e+06
1.424818022884113016e+06
1.434314279541359982e+06
