-2.731934356689453125e+01 -1.792689800262451172e+00
-2.309309005737304688e+01 -4.438351154327392578e+00
-2.251387405395507812e+01 -5.503267288208007812e+00
-2.243062591552734375e+01 -5.807750225067138672e+00
-2.237943077087402344e+01 -6.493044853210449219e+00
-2.247190666198730469e+01 -7.125787258148193359e+00
-2.255652999877929688e+01 -7.538357257843017578e+00
-2.270519828796386719e+01 -7.892881870269775391e+00
-2.312155342102050781e+01 -8.236227989196777344e+00
-2.355269241333007812e+01 -8.530292510986328125e+00
-2.384307670593261719e+01 -8.494446754455566406e+00
-2.700710296630859375e+01 -1.810546159744262695e+00
-2.416117668151855469e+01 -8.369653701782226562e+00
-2.446413993835449219e+01 -8.196314811706542969e+00
-2.496352577209472656e+01 -7.713624477386474609e+00
-2.536848068237304688e+01 -7.401388168334960938e+00
-2.555433654785156250e+01 -7.125743389129638672e+00
-2.589785194396972656e+01 -6.515187740325927734e+00
-2.610541534423828125e+01 -6.004895210266113281e+00
-2.613130378723144531e+01 -5.788732528686523438e+00
-2.612963676452636719e+01 -5.462404727935791016e+00
-2.338159751892089844e+01 1.404605340212583542e-02
-2.650568008422851562e+01 -1.893928766250610352e+00
-2.316563796997070312e+01 2.197712361812591553e-01
-2.263278007507324219e+01 6.272472739219665527e-01
-2.232928085327148438e+01 8.204635381698608398e-01
-2.198566818237304688e+01 1.001339793205261230e+00
-2.174495506286621094e+01 1.067721605300903320e+00
-2.107431030273437500e+01 8.975357413291931152e-01
-2.086933326721191406e+01 7.785744667053222656e-01
-2.056810569763183594e+01 4.565119743347167969e-01
-2.045384979248046875e+01 1.769468337297439575e-01
-2.048459625244140625e+01 -3.723316788673400879e-01
-2.591950225830078125e+01 -2.105770349502563477e+00
-2.057324218750000000e+01 -7.265221476554870605e-01
-2.071567535400390625e+01 -1.247433185577392578e+00
-2.086579895019531250e+01 -1.802406072616577148e+00
-2.104424476623535156e+01 -2.523618698120117188e+00
-2.119903755187988281e+01 -3.310565710067749023e+00
-2.126807212829589844e+01 -4.151829242706298828e+00
-2.124989128112792969e+01 -4.749772548675537109e+00
-2.133500099182128906e+01 -5.402462959289550781e+00
-2.130708122253417969e+01 -6.371903896331787109e+00
-2.144691085815429688e+01 -7.045708179473876953e+00
-2.556503486633300781e+01 -2.260504722595214844e+00
-2.162213897705078125e+01 -7.600331306457519531e+00
-2.189426994323730469e+01 -8.097064018249511719e+00
-2.219063758850097656e+01 -8.540046691894531250e+00
-2.244412422180175781e+01 -8.758502006530761719e+00
-2.291017150878906250e+01 -9.104519844055175781e+00
-2.341660690307617188e+01 -9.224948883056640625e+00
-2.417813110351562500e+01 -9.250430107116699219e+00
-2.492826843261718750e+01 -9.043545722961425781e+00
-2.604105186462402344e+01 -8.456809997558593750e+00
-2.635015106201171875e+01 -8.157910346984863281e+00
-2.484782028198242188e+01 -2.668561458587646484e+00
-2.692310142517089844e+01 -7.583713054656982422e+00
-2.748375701904296875e+01 -6.793070316314697266e+00
-2.774718666076660156e+01 -6.465938091278076172e+00
-2.795905113220214844e+01 -6.057955265045166016e+00
-2.829597854614257812e+01 -5.251595973968505859e+00
-2.857562637329101562e+01 -4.351166725158691406e+00
-2.867847061157226562e+01 -3.926563262939453125e+00
-2.871860694885253906e+01 -3.311360359191894531e+00
-2.859742927551269531e+01 -2.772056579589843750e+00
-2.852558135986328125e+01 -2.589549541473388672e+00
-2.435103034973144531e+01 -3.074936389923095703e+00
-2.826481819152832031e+01 -2.201866388320922852e+00
-2.801795959472656250e+01 -2.068097114562988281e+00
-2.355224800109863281e+01 -3.778922319412231445e+00
-2.346695137023925781e+01 -3.898698329925537109e+00
-3.644997024536132812e+01 1.201320362091064453e+01
-3.604451751708984375e+01 1.210611343383789062e+01
-3.339111328125000000e+01 9.186752319335937500e+00
-3.317229080200195312e+01 8.607175827026367188e+00
-3.300362777709960938e+01 8.013017654418945312e+00
-3.274497222900390625e+01 7.409884452819824219e+00
-2.321779060363769531e+01 -1.517143058776855469e+01
-2.341191864013671875e+01 -1.569499969482421875e+01
-2.370651626586914062e+01 -1.615225028991699219e+01
-2.513056755065917969e+01 -1.713269233703613281e+01
-2.521147727966308594e+01 -1.710470390319824219e+01
-2.664099502563476562e+01 -1.668705749511718750e+01
-3.576889419555664062e+01 1.205705642700195312e+01
-2.755782127380371094e+01 -1.612795639038085938e+01
-2.833991241455078125e+01 -1.554623699188232422e+01
-2.884988403320312500e+01 -1.512712860107421875e+01
-2.942446517944335938e+01 -1.458398628234863281e+01
-4.078963088989257812e+01 6.289248943328857422e+00
-4.071261215209960938e+01 6.728170871734619141e+00
-4.045650863647460938e+01 7.403810024261474609e+00
-4.027281951904296875e+01 7.949655055999755859e+00
-3.995982742309570312e+01 8.687126159667968750e+00
-3.970140075683593750e+01 9.153548240661621094e+00
-3.536119461059570312e+01 1.186915111541748047e+01
-3.933264923095703125e+01 9.776886940002441406e+00
-3.898180389404296875e+01 1.029234027862548828e+01
-3.872607040405273438e+01 1.069647502899169922e+01
-3.832701492309570312e+01 1.113238048553466797e+01
-3.782955551147460938e+01 1.151496505737304688e+01
-3.734122467041015625e+01 1.176459693908691406e+01
-3.714778900146484375e+01 1.208402347564697266e+01
-3.700804519653320312e+01 1.216332244873046875e+01
-3.654598999023437500e+01 1.161018085479736328e+01
-3.596842575073242188e+01 1.114279460906982422e+01
-3.494874191284179688e+01 1.162569904327392578e+01
-3.562907791137695312e+01 1.088873863220214844e+01
-3.545968627929687500e+01 1.072047710418701172e+01
-3.529372406005859375e+01 1.036378479003906250e+01
-3.501756668090820312e+01 1.003713321685791016e+01
-3.469474411010742188e+01 9.635354995727539062e+00
-3.436914825439453125e+01 9.103255271911621094e+00
-3.398080444335937500e+01 8.464218139648437500e+00
-3.378583908081054688e+01 8.092033386230468750e+00
-2.382509422302246094e+01 -1.419506168365478516e+01
-2.382473182678222656e+01 -1.455128669738769531e+01
-3.471784973144531250e+01 1.129524803161621094e+01
-2.393325042724609375e+01 -1.511600208282470703e+01
-2.431984329223632812e+01 -1.603169822692871094e+01
-2.472636795043945312e+01 -1.642959976196289062e+01
-2.523627281188964844e+01 -1.676321220397949219e+01
-2.631356811523437500e+01 -1.627827835083007812e+01
-2.668742370605468750e+01 -1.609341239929199219e+01
-2.798412513732910156e+01 -1.511254310607910156e+01
-2.835775566101074219e+01 -1.479995822906494141e+01
-2.885153388977050781e+01 -1.437532329559326172e+01
-4.022071838378906250e+01 5.946019649505615234e+00
-3.445519256591796875e+01 1.096598339080810547e+01
-4.011884307861328125e+01 6.549183368682861328e+00
-4.003829956054687500e+01 6.965440750122070312e+00
-3.974404907226562500e+01 7.775978565216064453e+00
-3.955668258666992188e+01 8.176674842834472656e+00
-3.919966125488281250e+01 8.709146499633789062e+00
-3.884229278564453125e+01 9.196995735168457031e+00
-3.861625671386718750e+01 9.514254570007324219e+00
-3.831691360473632812e+01 9.777702331542968750e+00
-3.795227050781250000e+01 1.014602756500244141e+01
-3.772528839111328125e+01 1.038791370391845703e+01
-3.424774932861328125e+01 1.057172107696533203e+01
-3.758650588989257812e+01 1.074643898010253906e+01
-3.721488189697265625e+01 1.127954101562500000e+01
-3.392830657958984375e+01 1.017615985870361328e+01
-3.369950485229492188e+01 9.914497375488281250e+00
-4.276398086547851562e+01 -5.097781181335449219e+00
-4.289420318603515625e+01 -4.954728126525878906e+00
-4.218487930297851562e+01 -2.722582101821899414e+00
-4.168773269653320312e+01 -3.292231798171997070e+00
-4.138042068481445312e+01 -2.587771892547607422e+00
-4.116546249389648438e+01 -2.266615390777587891e+00
-4.079699325561523438e+01 -2.736691713333129883e+00
-4.046500778198242188e+01 -2.777201890945434570e+00
-4.044175720214843750e+01 -3.270305156707763672e+00
-4.027406311035156250e+01 -3.402700901031494141e+00
-3.958478546142578125e+01 -3.399188280105590820e+00
-3.996253585815429688e+01 -2.346945047378540039e+00
-4.190051651000976562e+01 -4.482896804809570312e+00
-3.976593017578125000e+01 -3.005361795425415039e+00
-3.965562820434570312e+01 -1.792659759521484375e+00
-3.956886672973632812e+01 -2.602536201477050781e+00
-3.987742233276367188e+01 -1.700122952461242676e+00
-3.919465637207031250e+01 -2.449651479721069336e+00
-3.962162780761718750e+01 -1.467558860778808594e+00
-3.894271850585937500e+01 -2.295475006103515625e+00
-3.895158386230468750e+01 -1.455655813217163086e+00
-3.840557479858398438e+01 -2.066683053970336914e+00
-3.868851089477539062e+01 -1.577064275741577148e+00
-4.162675857543945312e+01 -4.575947284698486328e+00
-3.829556655883789062e+01 -2.604598045349121094e+00
-3.804076385498046875e+01 -1.470712661743164062e+00
-3.764126586914062500e+01 -2.369879961013793945e+00
-3.754590225219726562e+01 -1.441175937652587891e+00
-3.717615127563476562e+01 -2.146067142486572266e+00
-3.731559371948242188e+01 -1.724792003631591797e+00
-3.723751831054687500e+01 -2.711367368698120117e+00
-3.677980422973632812e+01 -1.454169988632202148e+00
-3.668613052368164062e+01 -2.232910394668579102e+00
-3.638035202026367188e+01 -1.410961985588073730e+00
-4.143516159057617188e+01 -4.523500919342041016e+00
-3.625600051879882812e+01 -1.954457640647888184e+00
-3.651177978515625000e+01 -2.834218025207519531e+00
-3.565029525756835938e+01 -1.561872720718383789e+00
-3.565195083618164062e+01 -2.057529211044311523e+00
-3.592580032348632812e+01 -2.648199558258056641e+00
-3.541566085815429688e+01 -2.615655899047851562e+00
-3.566993331909179688e+01 -2.931603193283081055e+00
-3.502448272705078125e+01 -1.941584110260009766e+00
-3.488782501220703125e+01 -2.397849321365356445e+00
-3.497639846801757812e+01 -3.234757661819458008e+00
-4.096216964721679688e+01 -5.151311874389648438e+00
-3.516909027099609375e+01 -3.479025602340698242e+00
-3.567407989501953125e+01 -3.708538055419921875e+00
-3.589598846435546875e+01 -3.867383480072021484e+00
-3.507762527465820312e+01 -4.008244991302490234e+00
-3.551580429077148438e+01 -4.467408180236816406e+00
-3.608600234985351562e+01 -4.477085113525390625e+00
-3.589920806884765625e+01 -5.127021312713623047e+00
-3.626114654541015625e+01 -5.053523063659667969e+00
-3.642578887939453125e+01 -5.583930492401123047e+00
-3.696397781372070312e+01 -5.564600944519042969e+00
-4.096612930297851562e+01 -5.080628395080566406e+00
-3.709297943115234375e+01 -5.840365409851074219e+00
-3.762509918212890625e+01 -5.712110996246337891e+00
-3.791876602172851562e+01 -6.098019599914550781e+00
-3.854680633544921875e+01 -5.977193832397460938e+00
-3.880974197387695312e+01 -6.000998497009277344e+00
-4.005965805053710938e+01 -5.999869823455810547e+00
-4.036085128784179688e+01 -6.219123363494873047e+00
-4.052649688720703125e+01 -6.120846748352050781e+00
-4.147900772094726562e+01 -6.401097297668457031e+00
-4.180765914916992188e+01 -6.254629611968994141e+00
-4.285472869873046875e+01 -3.799017429351806641e+00
-4.229584121704101562e+01 -5.957080364227294922e+00
-4.275606536865234375e+01 -5.841732025146484375e+00
-4.266608810424804688e+01 -3.339119434356689453e+00
-4.269174957275390625e+01 -2.894071340560913086e+00
-2.597349357604980469e+01 1.936130142211914062e+01
-2.651636886596679688e+01 1.899476432800292969e+01
-3.164364242553710938e+01 1.936918830871582031e+01
-3.175162124633789062e+01 1.976392555236816406e+01
-3.181184387207031250e+01 2.030293464660644531e+01
-3.174567413330078125e+01 2.077202224731445312e+01
-3.159314537048339844e+01 2.113023185729980469e+01
-3.127829551696777344e+01 2.148186492919921875e+01
-3.098631095886230469e+01 2.166609382629394531e+01
-3.055343246459960938e+01 2.183109283447265625e+01
-3.018545913696289062e+01 2.192641448974609375e+01
-2.991092872619628906e+01 2.197601509094238281e+01
-2.680596923828125000e+01 1.879582023620605469e+01
-2.962965583801269531e+01 2.206798934936523438e+01
-2.930671310424804688e+01 2.211457633972167969e+01
-2.906951522827148438e+01 2.234584236145019531e+01
-2.893062400817871094e+01 2.247182273864746094e+01
-2.887009048461914062e+01 2.274686622619628906e+01
-2.959905624389648438e+01 2.478608894348144531e+01
-2.953786468505859375e+01 2.530019950866699219e+01
-2.949386596679687500e+01 2.578741264343261719e+01
-2.949755477905273438e+01 2.619088172912597656e+01
-2.963951110839843750e+01 2.658043098449707031e+01
-2.729061317443847656e+01 1.852929115295410156e+01
-2.994860267639160156e+01 2.700968742370605469e+01
-3.026522636413574219e+01 2.733277130126953125e+01
-3.063719558715820312e+01 2.758752250671386719e+01
-3.093334007263183594e+01 2.770007896423339844e+01
-3.125426101684570312e+01 2.778116989135742188e+01
-3.163593101501464844e+01 2.774261856079101562e+01
-3.197122001647949219e+01 2.767435073852539062e+01
-3.223856353759765625e+01 2.752980041503906250e+01
-3.259980392456054688e+01 2.724626159667968750e+01
-3.290209197998046875e+01 2.697884559631347656e+01
-2.791668701171875000e+01 1.826401329040527344e+01
-3.316251373291015625e+01 2.663594627380371094e+01
-3.338391876220703125e+01 2.619952392578125000e+01
-3.360713958740234375e+01 2.567846298217773438e+01
-3.371780395507812500e+01 2.517836380004882812e+01
-3.378712844848632812e+01 2.465044021606445312e+01
-3.371056747436523438e+01 2.399467086791992188e+01
-3.343893814086914062e+01 2.351477241516113281e+01
-3.315074920654296875e+01 2.320194816589355469e+01
-3.268425750732421875e+01 2.295431137084960938e+01
-3.218370056152343750e+01 2.286922264099121094e+01
-2.830730628967285156e+01 1.814716720581054688e+01
-3.168599510192871094e+01 2.292218017578125000e+01
-3.131644058227539062e+01 2.305705261230468750e+01
-3.090811920166015625e+01 2.315756416320800781e+01
-3.071310424804687500e+01 2.318088150024414062e+01
-3.029493713378906250e+01 2.372312927246093750e+01
-3.015285682678222656e+01 2.363526153564453125e+01
-2.978708457946777344e+01 2.375777626037597656e+01
-2.944324493408203125e+01 2.388366127014160156e+01
-2.899855041503906250e+01 2.414408302307128906e+01
-2.842117691040039062e+01 2.435163688659667969e+01
-2.936171531677246094e+01 1.797669219970703125e+01
-2.806650161743164062e+01 2.418826866149902344e+01
-2.769241523742675781e+01 2.402112579345703125e+01
-2.720875549316406250e+01 2.355982971191406250e+01
-2.669443702697753906e+01 2.293523406982421875e+01
-2.640443801879882812e+01 2.257268142700195312e+01
-2.610009002685546875e+01 2.210458374023437500e+01
-2.585571479797363281e+01 2.165674781799316406e+01
-2.567964363098144531e+01 2.121150016784667969e+01
-2.562059974670410156e+01 2.082543182373046875e+01
-2.559054756164550781e+01 2.037279510498046875e+01
-2.991834831237792969e+01 1.798760795593261719e+01
-2.560412406921386719e+01 2.002118110656738281e+01
-2.575362777709960938e+01 1.963061523437500000e+01
-3.052818107604980469e+01 1.825391578674316406e+01
-3.122741699218750000e+01 1.877739906311035156e+01
-4.802958011627197266e+00 2.249830818176269531e+01
-4.057176589965820312e+00 2.250128173828125000e+01
-1.506934642791748047e+00 2.954467773437500000e+01
-2.391283988952636719e+00 2.942025947570800781e+01
-3.444215297698974609e+00 2.878711318969726562e+01
-4.188451290130615234e+00 2.828828239440917969e+01
-5.524545192718505859e+00 2.667981529235839844e+01
-6.442052364349365234e+00 2.492228698730468750e+01
-6.449288368225097656e+00 2.370238494873046875e+01
-6.292173385620117188e+00 2.299225234985351562e+01
-4.697706699371337891e+00 2.202442741394042969e+01
-3.579276323318481445e+00 2.217028617858886719e+01
-2.941610336303710938e+00 2.303643608093261719e+01
-2.192677736282348633e+00 2.262879180908203125e+01
-9.742603898048400879e-01 2.416818809509277344e+01
-5.441115498542785645e-01 2.531732177734375000e+01
-4.879880249500274658e-01 2.605811691284179688e+01
-5.783651471138000488e-01 2.659710502624511719e+01
-6.924126744270324707e-01 2.694436264038085938e+01
-7.361954450607299805e-01 2.728738212585449219e+01
-1.232899546623229980e+00 2.734662818908691406e+01
-1.485509395599365234e+00 2.764270019531250000e+01
-2.035462617874145508e+00 2.758818054199218750e+01
-1.718450903892517090e+00 2.378010940551757812e+01
-2.716798305511474609e+00 2.762612724304199219e+01
-3.405399084091186523e+00 2.723277664184570312e+01
-4.633269786834716797e+00 2.615143394470214844e+01
-5.033192157745361328e+00 2.522249031066894531e+01
-5.174699783325195312e+00 2.439607810974121094e+01
-5.053874969482421875e+00 2.352192306518554688e+01
-4.767879962921142578e+00 2.310703468322753906e+01
-4.031536102294921875e+00 2.295520782470703125e+01
-2.801676034927368164e+00 2.318334770202636719e+01
-1.947167515754699707e+00 2.355784797668457031e+01
4.773121476173400879e-01 2.506587600708007812e+01
3.282649219036102295e-01 2.472030830383300781e+01
7.470840215682983398e-01 2.569474411010742188e+01
8.896114230155944824e-01 2.650038719177246094e+01
8.172335624694824219e-01 2.731310844421386719e+01
3.551959395408630371e-01 2.807025718688964844e+01
-1.803589910268783569e-01 2.868801307678222656e+01
-7.894764542579650879e-01 2.883167076110839844e+01
-1.676391959190368652e+00 2.898380851745605469e+01
-2.644132375717163086e+00 2.882818984985351562e+01
-3.816981315612792969e+00 2.820766258239746094e+01
9.573051929473876953e-01 2.600238990783691406e+01
-5.090418815612792969e+00 2.692320060729980469e+01
-5.803959846496582031e+00 2.569858169555664062e+01
-5.986999988555908203e+00 2.464176177978515625e+01
-6.058312892913818359e+00 2.363603210449218750e+01
-5.781325340270996094e+00 2.270517730712890625e+01
-5.612886905670166016e+00 2.194536018371582031e+01
-2.792406320571899414e+00 2.262392234802246094e+01
-1.407268166542053223e+00 2.344972801208496094e+01
-3.764105737209320068e-01 2.479484748840332031e+01
-1.142016351222991943e-01 2.567172050476074219e+01
1.147997379302978516e+00 2.701311302185058594e+01
1.683121025562286377e-01 2.635913658142089844e+01
2.993796207010746002e-02 2.711637306213378906e+01
-2.960809469223022461e-01 2.768262100219726562e+01
-5.740626454353332520e-01 2.797173118591308594e+01
-1.051730275154113770e+00 2.823514747619628906e+01
-1.838390231132507324e+00 2.824775123596191406e+01
-2.817390680313110352e+00 2.800000381469726562e+01
-3.560754299163818359e+00 2.758256149291992188e+01
-4.451513767242431641e+00 2.665915870666503906e+01
-5.380772113800048828e+00 2.534205436706542969e+01
8.314375877380371094e-01 2.805077362060546875e+01
-5.627032279968261719e+00 2.380766868591308594e+01
-5.478618144989013672e+00 2.302860450744628906e+01
2.683803141117095947e-01 2.883941459655761719e+01
-6.760726571083068848e-01 2.942708587646484375e+01
-5.817710399627685547e+00 7.461730957031250000e+00
-5.928433418273925781e+00 7.077594280242919922e+00
-7.424306392669677734e+00 8.631564140319824219e+00
-7.956960201263427734e+00 8.148077964782714844e+00
-8.104481697082519531e+00 8.270889282226562500e+00
-8.081490516662597656e+00 8.573160171508789062e+00
-7.715519428253173828e+00 9.504079818725585938e+00
-7.876309871673583984e+00 9.563108444213867188e+00
-8.238013267517089844e+00 9.237153053283691406e+00
-8.425295829772949219e+00 9.752758026123046875e+00
-8.526536941528320312e+00 9.897709846496582031e+00
-8.501720428466796875e+00 1.022317504882812500e+01
-6.422308444976806641e+00 7.218102455139160156e+00
-9.065043449401855469e+00 9.451550483703613281e+00
-9.234668731689453125e+00 9.243953704833984375e+00
-9.410447120666503906e+00 1.005111026763916016e+01
-9.868552207946777344e+00 9.469037055969238281e+00
-1.002257442474365234e+01 1.001262760162353516e+01
-1.055440139770507812e+01 9.515201568603515625e+00
-1.068366718292236328e+01 9.197617530822753906e+00
-1.089312458038330078e+01 9.869394302368164062e+00
-1.105637359619140625e+01 9.326190948486328125e+00
-1.147521209716796875e+01 9.867570877075195312e+00
-6.391918182373046875e+00 7.494670391082763672e+00
-1.147426986694335938e+01 9.662426948547363281e+00
-1.201950550079345703e+01 9.693578720092773438e+00
-1.199082374572753906e+01 9.209663391113281250e+00
-1.190698623657226562e+01 8.637647628784179688e+00
-1.262855148315429688e+01 8.657792091369628906e+00
-1.234980487823486328e+01 8.263392448425292969e+00
-1.231865882873535156e+01 8.135071754455566406e+00
-1.294908618927001953e+01 8.795279502868652344e+00
-1.299205303192138672e+01 8.376682281494140625e+00
-1.308266448974609375e+01 7.868610858917236328e+00
-6.306818485260009766e+00 7.889398574829101562e+00
-1.298848438262939453e+01 7.431692123413085938e+00
-1.264433670043945312e+01 7.119659900665283203e+00
-1.302304935455322266e+01 6.874683856964111328e+00
-1.296036911010742188e+01 6.558917045593261719e+00
-1.304123401641845703e+01 6.136092185974121094e+00
-1.233844089508056641e+01 6.319872379302978516e+00
-1.225185298919677734e+01 6.131149768829345703e+00
-1.252179336547851562e+01 5.700891494750976562e+00
-1.244509124755859375e+01 5.374343872070312500e+00
-1.191241264343261719e+01 5.608424663543701172e+00
-6.663298130035400391e+00 8.164368629455566406e+00
-1.191065979003906250e+01 5.055762290954589844e+00
-1.145338439941406250e+01 5.190940380096435547e+00
-1.107000446319580078e+01 5.056154727935791016e+00
-1.086888885498046875e+01 4.968186855316162109e+00
-1.107176208496093750e+01 4.360359191894531250e+00
-1.044525051116943359e+01 4.524569034576416016e+00
-1.004710006713867188e+01 4.813125610351562500e+00
-9.319172859191894531e+00 5.160048484802246094e+00
-8.949616432189941406e+00 4.815323829650878906e+00
-8.921924591064453125e+00 5.293571949005126953e+00
-6.801098823547363281e+00 8.297025680541992188e+00
-8.041766166687011719e+00 5.213692188262939453e+00
-8.571821212768554688e+00 5.556986331939697266e+00
-7.658008575439453125e+00 4.939265727996826172e+00
-8.098860740661621094e+00 6.084393501281738281e+00
-7.268609046936035156e+00 5.804137229919433594e+00
-7.782942771911621094e+00 6.325664997100830078e+00
-6.946278572082519531e+00 5.967133998870849609e+00
-7.612244606018066406e+00 6.368831634521484375e+00
-6.702092647552490234e+00 5.936410427093505859e+00
-6.459268093109130859e+00 5.839223384857177734e+00
-7.162044048309326172e+00 7.482256412506103516e+00
-6.506374835968017578e+00 6.087277889251708984e+00
-5.587943077087402344e+00 6.535115718841552734e+00
-7.374400615692138672e+00 7.811653614044189453e+00
-7.523994922637939453e+00 7.954218387603759766e+00
1.398925065994262695e+00 -2.981928062438964844e+01
1.467027425765991211e+00 -2.909375762939453125e+01
-1.229869961738586426e+00 -2.799988174438476562e+01
-1.213952183723449707e+00 -2.901413726806640625e+01
-1.437225937843322754e+00 -2.909055137634277344e+01
-2.028156042098999023e+00 -2.923627853393554688e+01
-1.692912697792053223e+00 -2.976363563537597656e+01
-1.034510612487792969e+00 -2.997811317443847656e+01
-6.593461036682128906e-01 -2.974567031860351562e+01
-5.322809815406799316e-01 -2.969287872314453125e+01
-2.475916624069213867e+00 -3.036230278015136719e+01
-1.597421050071716309e+00 -3.035301208496093750e+01
1.167073607444763184e+00 -2.898441505432128906e+01
-2.403405666351318359e+00 -3.063094139099121094e+01
-9.913858175277709961e-01 -3.054050445556640625e+01
-1.540794014930725098e+00 -3.060566711425781250e+01
-1.072104334831237793e+00 -3.109945869445800781e+01
-1.614222526550292969e+00 -3.102634048461914062e+01
-1.111633658409118652e+00 -3.117250061035156250e+01
-1.658672690391540527e+00 -3.190455436706542969e+01
-1.614812731742858887e+00 -3.152148818969726562e+01
-2.102953672409057617e+00 -3.177521705627441406e+01
-2.557197093963623047e+00 -3.187900352478027344e+01
9.879175424575805664e-01 -2.827935409545898438e+01
-2.212580442428588867e+00 -3.231394577026367188e+01
-2.754859685897827148e+00 -3.213911437988281250e+01
-2.807166337966918945e+00 -3.164218902587890625e+01
-4.190754413604736328e+00 -3.293663406372070312e+01
-2.948148727416992188e+00 -3.290885162353515625e+01
-3.579594135284423828e+00 -3.286620712280273438e+01
-4.683583736419677734e+00 -3.363141632080078125e+01
-3.279093027114868164e+00 -3.328093719482421875e+01
-3.957092285156250000e+00 -3.370444107055664062e+01
-5.183257579803466797e+00 -3.423720932006835938e+01
7.379932403564453125e-01 -2.797342109680175781e+01
-4.403960227966308594e+00 -3.417313385009765625e+01
-5.115318298339843750e+00 -3.467012405395507812e+01
-4.305729389190673828e+00 -3.437435913085937500e+01
-4.377093315124511719e+00 -3.503492736816406250e+01
-4.854691982269287109e+00 -3.526989364624023438e+01
-3.730073213577270508e+00 -3.437833023071289062e+01
-3.797511100769042969e+00 -3.464570617675781250e+01
-3.570008754730224609e+00 -3.495453643798828125e+01
-3.954689025878906250e+00 -3.536254501342773438e+01
-3.573826789855957031e+00 -3.563818740844726562e+01
4.381370544433593750e-01 -2.784667205810546875e+01
-3.865206480026245117e+00 -3.576609802246093750e+01
-3.037410974502563477e+00 -3.505712890625000000e+01
-3.094467163085937500e+00 -3.552260208129882812e+01
-2.702804088592529297e+00 -3.442276763916015625e+01
-2.812861442565917969e+00 -3.441165924072265625e+01
-2.357306480407714844e+00 -3.437428665161132812e+01
-2.331346988677978516e+00 -3.534823989868164062e+01
-1.966385722160339355e+00 -3.493374252319335938e+01
-1.793192744255065918e+00 -3.463491439819335938e+01
-1.338220953941345215e+00 -3.411863708496093750e+01
7.044713944196701050e-02 -2.776458358764648438e+01
-9.239724874496459961e-01 -3.428334426879882812e+01
-8.802734613418579102e-01 -3.411891174316406250e+01
-1.372872442007064819e-01 -3.355144500732421875e+01
-1.947036385536193848e-01 -3.378693008422851562e+01
4.423609673976898193e-01 -3.309305191040039062e+01
4.786880016326904297e-01 -3.291819000244140625e+01
8.711877465248107910e-01 -3.260043716430664062e+01
8.485001325607299805e-01 -3.203974151611328125e+01
1.021181941032409668e+00 -3.144824790954589844e+01
1.284031867980957031e+00 -3.139828681945800781e+01
-4.186459183692932129e-01 -2.750144004821777344e+01
1.379929542541503906e+00 -3.064984703063964844e+01
1.580558300018310547e+00 -3.040765380859375000e+01
-6.358692646026611328e-01 -2.783366203308105469e+01
-1.145531773567199707e+00 -2.816855430603027344e+01
-6.045268535614013672e+00 5.112421035766601562e+01
-6.858624935150146484e+00 5.083106994628906250e+01
-7.928455352783203125e+00 5.285330581665039062e+01
-8.144665718078613281e+00 5.334118270874023438e+01
-8.471061706542968750e+00 5.356723022460937500e+01
-8.964806556701660156e+00 5.377221679687500000e+01
-8.595893859863281250e+00 5.304134750366210938e+01
-9.041585922241210938e+00 5.340361022949218750e+01
-8.771190643310546875e+00 5.268870925903320312e+01
-1.041642570495605469e+01 5.399271392822265625e+01
-9.514441490173339844e+00 5.258150863647460938e+01
-9.972879409790039062e+00 5.287182998657226562e+01
-6.762675285339355469e+00 5.078066253662109375e+01
-9.834940910339355469e+00 5.248140335083007812e+01
-1.057963752746582031e+01 5.265670776367187500e+01
-1.147407341003417969e+01 5.304555130004882812e+01
-1.177691459655761719e+01 5.318368530273437500e+01
-1.173122024536132812e+01 5.259840393066406250e+01
-1.210360908508300781e+01 5.295904541015625000e+01
-1.237998485565185547e+01 5.299141693115234375e+01
-1.294657135009765625e+01 5.268774032592773438e+01
-1.279440402984619141e+01 5.228015518188476562e+01
-1.304750061035156250e+01 5.083974456787109375e+01
-6.674898624420166016e+00 5.127854537963867188e+01
-1.278132820129394531e+01 5.183153152465820312e+01
-1.333482551574707031e+01 5.055340576171875000e+01
-1.311033725738525391e+01 5.042025756835937500e+01
-1.364634895324707031e+01 4.982609176635742188e+01
-1.418062591552734375e+01 4.945364379882812500e+01
-1.457976627349853516e+01 4.925378799438476562e+01
-1.431333923339843750e+01 4.900365829467773438e+01
-1.287728500366210938e+01 4.920019912719726562e+01
-1.370307445526123047e+01 4.874388504028320312e+01
-1.368136596679687500e+01 4.882213973999023438e+01
-7.280710697174072266e+00 5.155485153198242188e+01
-1.246454238891601562e+01 4.821662139892578125e+01
-1.351521968841552734e+01 4.817472839355468750e+01
-1.319922161102294922e+01 4.822808074951171875e+01
-1.297861862182617188e+01 4.776905441284179688e+01
-1.211218357086181641e+01 4.777013778686523438e+01
-1.189308643341064453e+01 4.996623611450195312e+01
-1.262921619415283203e+01 4.860060882568359375e+01
-1.192187595367431641e+01 4.967646789550781250e+01
-1.192931461334228516e+01 4.922386169433593750e+01
-1.181337070465087891e+01 4.867232513427734375e+01
-6.759775161743164062e+00 5.209031295776367188e+01
-1.144920921325683594e+01 4.969242477416992188e+01
-1.136781501770019531e+01 4.880724334716796875e+01
-1.130048561096191406e+01 4.800647735595703125e+01
-1.100444221496582031e+01 4.882104873657226562e+01
-1.055878448486328125e+01 4.859860992431640625e+01
-1.089637565612792969e+01 4.781544113159179688e+01
-1.071848487854003906e+01 4.921401596069335938e+01
-1.032220172882080078e+01 4.803626632690429688e+01
-1.044827747344970703e+01 4.824066925048828125e+01
-9.722787857055664062e+00 4.850370025634765625e+01
-7.211284637451171875e+00 5.176895141601562500e+01
-9.788796424865722656e+00 4.911784362792968750e+01
-9.728702545166015625e+00 4.974245071411132812e+01
-9.178381919860839844e+00 4.950394821166992188e+01
-9.368030548095703125e+00 4.996364974975585938e+01
-9.053187370300292969e+00 5.002139663696289062e+01
-9.400203704833984375e+00 5.041798019409179688e+01
-8.417470932006835938e+00 5.085098648071289062e+01
-8.114095687866210938e+00 5.100749588012695312e+01
-8.119243621826171875e+00 5.003759002685546875e+01
-7.734318733215332031e+00 5.028741455078125000e+01
-7.629121303558349609e+00 5.208664321899414062e+01
-7.562114238739013672e+00 5.075118255615234375e+01
-6.180319786071777344e+00 5.077031707763671875e+01
-7.355906963348388672e+00 5.275716018676757812e+01
-7.554645538330078125e+00 5.280261230468750000e+01
2.849765205383300781e+01 7.035821437835693359e+00
2.814156913757324219e+01 7.052086830139160156e+00
2.842793464660644531e+01 -1.333351492881774902e+00
2.792109298706054688e+01 -1.539376616477966309e+00
2.731250762939453125e+01 -1.544056177139282227e+00
2.675020980834960938e+01 -1.172642588615417480e+00
2.662963676452636719e+01 -7.522221803665161133e-01
2.708065795898437500e+01 -3.941539824008941650e-01
2.702089118957519531e+01 -1.429174095392227173e-01
2.653601264953613281e+01 4.859479144215583801e-02
2.667820358276367188e+01 4.445188343524932861e-01
2.676239776611328125e+01 4.564560055732727051e-01
2.786735343933105469e+01 6.838259696960449219e+00
2.633148956298828125e+01 9.484632611274719238e-01
2.600239562988281250e+01 7.258128523826599121e-01
2.572518920898437500e+01 1.113418459892272949e+00
2.542972755432128906e+01 1.680305242538452148e+00
2.564755058288574219e+01 2.270932912826538086e+00
2.955737495422363281e+01 2.839043617248535156e+00
3.024913406372070312e+01 3.204668760299682617e+00
3.068354988098144531e+01 3.322400569915771484e+00
3.107906913757324219e+01 3.469874620437622070e+00
3.145757865905761719e+01 3.641907691955566406e+00
2.753553771972656250e+01 6.463878631591796875e+00
3.196233177185058594e+01 3.724927663803100586e+00
3.250934219360351562e+01 3.770299673080444336e+00
3.283436965942382812e+01 3.671109437942504883e+00
3.316632843017578125e+01 3.372521162033081055e+00
3.335028457641601562e+01 3.083652019500732422e+00
3.339487838745117188e+01 2.660179138183593750e+00
3.333088302612304688e+01 2.230406999588012695e+00
3.328660202026367188e+01 2.104045629501342773e+00
3.255909729003906250e+01 1.697576403617858887e+00
3.245210647583007812e+01 1.665669679641723633e+00
2.735088157653808594e+01 6.268140316009521484e+00
3.200254440307617188e+01 1.556006073951721191e+00
3.109386062622070312e+01 1.576082587242126465e+00
3.084704780578613281e+01 1.485047459602355957e+00
3.038383674621582031e+01 1.267706751823425293e+00
2.974144744873046875e+01 1.025439977645874023e+00
2.885472106933593750e+01 4.202031195163726807e-01
2.818696975708007812e+01 4.754990935325622559e-01
2.821135520935058594e+01 7.491382360458374023e-01
2.799686431884765625e+01 6.474587917327880859e-01
2.778436851501464844e+01 8.831042051315307617e-01
2.713604164123535156e+01 5.925197601318359375e+00
2.826913833618164062e+01 1.106630444526672363e+00
2.725590515136718750e+01 1.509867429733276367e+00
2.726592445373535156e+01 1.589922785758972168e+00
2.762285041809082031e+01 1.808983087539672852e+00
2.759465217590332031e+01 1.490686058998107910e+00
2.791405296325683594e+01 1.650410056114196777e+00
2.740933227539062500e+01 2.331652879714965820e+00
2.716579437255859375e+01 2.349595069885253906e+00
2.701419639587402344e+01 2.162716865539550781e+00
2.693691825866699219e+01 1.971611142158508301e+00
2.669604301452636719e+01 5.073799133300781250e+00
2.781299018859863281e+01 2.181979656219482422e+00
2.822303962707519531e+01 2.111711263656616211e+00
2.797860336303710938e+01 3.116641759872436523e+00
2.812689590454101562e+01 3.971224546432495117e+00
2.825565528869628906e+01 4.353299140930175781e+00
2.831492996215820312e+01 4.594207286834716797e+00
2.843298149108886719e+01 5.023902416229248047e+00
2.866968345642089844e+01 5.541382789611816406e+00
2.885201644897460938e+01 5.988362312316894531e+00
2.892700386047363281e+01 6.309114456176757812e+00
2.650719451904296875e+01 4.743488311767578125e+00
2.890950584411621094e+01 6.489097118377685547e+00
2.877552604675292969e+01 6.837295532226562500e+00
2.632772445678710938e+01 4.416434288024902344e+00
2.615710830688476562e+01 3.907688379287719727e+00
3.925548553466796875e+01 4.960395812988281250e+00
3.981533813476562500e+01 3.563561677932739258e+00
3.665623855590820312e+01 -4.652689456939697266e+00
3.522864151000976562e+01 -5.515076160430908203e+00
3.404718017578125000e+01 -5.978878974914550781e+00
3.162071228027343750e+01 -6.727842330932617188e+00
2.914966201782226562e+01 -7.420483589172363281e+00
2.838679313659667969e+01 -7.899443626403808594e+00
-2.515289068222045898e+00 9.270194053649902344e+00
-3.299014091491699219e+00 9.703530311584472656e+00
-3.499511480331420898e+00 9.817920684814453125e+00
2.021889686584472656e+01 1.581577873229980469e+01
4.013869476318359375e+01 2.930062770843505859e+00
2.120729637145996094e+01 1.500153064727783203e+01
2.485260963439941406e+01 1.368216991424560547e+01
2.596601676940917969e+01 1.360365867614746094e+01
2.848809814453125000e+01 1.351706314086914062e+01
2.957969474792480469e+01 1.358366298675537109e+01
3.161866378784179688e+01 1.331933784484863281e+01
3.270307159423828125e+01 1.287561893463134766e+01
3.352437210083007812e+01 1.242877960205078125e+01
3.483569717407226562e+01 1.189714050292968750e+01
3.576884460449218750e+01 1.121094512939453125e+01
4.030999755859375000e+01 2.005146980285644531e+00
3.623248672485351562e+01 1.076805591583251953e+01
3.718045043945312500e+01 9.622128486633300781e+00
3.772129440307617188e+01 8.963024139404296875e+00
3.833506774902343750e+01 8.131072998046875000e+00
3.878022766113281250e+01 7.387404918670654297e+00
3.945795440673828125e+01 6.245210647583007812e+00
3.965247344970703125e+01 5.692189216613769531e+00
3.983766555786132812e+01 4.767514705657958984e+00
3.995542907714843750e+01 4.382020950317382812e+00
4.070705795288085938e+01 2.230067491531372070e+00
4.032450866699218750e+01 1.009197950363159180e+00
4.078729629516601562e+01 1.531376123428344727e+00
4.050414276123046875e+01 1.283049285411834717e-01
4.001801681518554688e+01 -1.289475560188293457e+00
3.940660476684570312e+01 -2.148655652999877930e+00
3.836903762817382812e+01 -3.157593488693237305e+00
3.763154602050781250e+01 -3.881089925765991211e+00
3.583922958374023438e+01 -5.116675376892089844e+00
3.485892486572265625e+01 -5.704764842987060547e+00
3.342724227905273438e+01 -6.199187755584716797e+00
3.100660133361816406e+01 -6.899978637695312500e+00
4.032473754882812500e+01 -1.467262506484985352e-01
2.899685478210449219e+01 -7.341062068939208984e+00
2.817226409912109375e+01 -8.126398086547851562e+00
-2.523711919784545898e+00 9.463453292846679688e+00
-3.585166215896606445e+00 1.135383033752441406e+01
-3.623756408691406250e+00 1.143717861175537109e+01
1.982693862915039062e+01 1.623735427856445312e+01
2.055548858642578125e+01 1.556154537200927734e+01
2.458330535888671875e+01 1.369344329833984375e+01
2.533778190612792969e+01 1.369409370422363281e+01
2.838530540466308594e+01 1.351036453247070312e+01
4.020376968383789062e+01 -7.964296936988830566e-01
2.913708877563476562e+01 1.366647243499755859e+01
3.152432632446289062e+01 1.336018848419189453e+01
3.259298706054687500e+01 1.288043498992919922e+01
3.375432968139648438e+01 1.243319702148437500e+01
3.460155487060546875e+01 1.199270534515380859e+01
3.613584518432617188e+01 1.107076358795166016e+01
3.671116638183593750e+01 1.056303501129150391e+01
3.706310653686523438e+01 1.010778808593750000e+01
3.782674789428710938e+01 8.394606590270996094e+00
3.819324493408203125e+01 7.695790767669677734e+00
3.921386337280273438e+01 -2.257689714431762695e+00
3.859428024291992188e+01 6.780787467956542969e+00
3.893501663208007812e+01 5.940136909484863281e+00
3.866931915283203125e+01 -3.026788711547851562e+00
3.796670150756835938e+01 -3.647377729415893555e+00
3.747848749160766602e+00 1.258673000335693359e+01
3.995141029357910156e+00 1.271597385406494141e+01
5.851293087005615234e+00 1.583534717559814453e+01
6.000057220458984375e+00 1.623408126831054688e+01
6.197307109832763672e+00 1.663520050048828125e+01
6.495747566223144531e+00 1.718362808227539062e+01
6.772333621978759766e+00 1.763146400451660156e+01
7.070037364959716797e+00 1.811489677429199219e+01
7.278061866760253906e+00 1.844819068908691406e+01
7.557280063629150391e+00 1.892288208007812500e+01
7.782563686370849609e+00 1.932100868225097656e+01
7.970835208892822266e+00 1.968699836730957031e+01
4.380506515502929688e+00 1.294120597839355469e+01
8.183792114257812500e+00 2.012828636169433594e+01
8.394072532653808594e+00 2.055530738830566406e+01
8.576457023620605469e+00 2.095022964477539062e+01
8.836062431335449219e+00 2.150024414062500000e+01
9.030218124389648438e+00 2.190316200256347656e+01
9.209691047668457031e+00 2.228397369384765625e+01
9.425848007202148438e+00 2.266825103759765625e+01
9.585618972778320312e+00 2.291050338745117188e+01
9.675168037414550781e+00 2.313486671447753906e+01
9.840334892272949219e+00 2.372713279724121094e+01
4.525769710540771484e+00 1.316383934020996094e+01
9.965674400329589844e+00 2.409477996826171875e+01
1.010633754730224609e+01 2.456127357482910156e+01
1.020202255249023438e+01 2.502157020568847656e+01
1.024559974670410156e+01 2.529199790954589844e+01
1.031586837768554688e+01 2.559420204162597656e+01
1.027690982818603516e+01 2.586781501770019531e+01
1.022680091857910156e+01 2.609827423095703125e+01
1.014489936828613281e+01 2.629155349731445312e+01
9.791791915893554688e+00 2.631873321533203125e+01
9.491411209106445312e+00 2.632320213317871094e+01
4.717332839965820312e+00 1.339229583740234375e+01
9.260120391845703125e+00 2.630384826660156250e+01
8.938106536865234375e+00 2.611551284790039062e+01
8.560803413391113281e+00 2.596888923645019531e+01
8.213065147399902344e+00 2.574881744384765625e+01
7.628319263458251953e+00 2.545505714416503906e+01
6.991469860076904297e+00 2.505444335937500000e+01
6.635985374450683594e+00 2.479207611083984375e+01
5.978914260864257812e+00 2.424071693420410156e+01
5.560611248016357422e+00 2.386680793762207031e+01
5.135220527648925781e+00 2.346547317504882812e+01
5.027518749237060547e+00 1.387502288818359375e+01
4.657721042633056641e+00 2.294520568847656250e+01
4.196135520935058594e+00 2.232806777954101562e+01
3.856256484985351562e+00 2.181647682189941406e+01
3.567419767379760742e+00 2.124094963073730469e+01
3.389004945755004883e+00 2.078465461730957031e+01
3.104813337326049805e+00 2.000789451599121094e+01
2.912913322448730469e+00 1.938129997253417969e+01
2.814106464385986328e+00 1.891972732543945312e+01
2.683881998062133789e+00 1.816635131835937500e+01
2.624394416809082031e+00 1.773293495178222656e+01
5.283809661865234375e+00 1.434994411468505859e+01
2.578518867492675781e+00 1.728156089782714844e+01
2.569348812103271484e+00 1.689149856567382812e+01
2.599714994430541992e+00 1.614631652832031250e+01
2.647392988204956055e+00 1.519859790802001953e+01
2.707000732421875000e+00 1.450267505645751953e+01
2.767277717590332031e+00 1.395299720764160156e+01
2.773884773254394531e+00 1.361754798889160156e+01
2.879783153533935547e+00 1.325987052917480469e+01
2.857547044754028320e+00 1.290238666534423828e+01
2.979505300521850586e+00 1.276271343231201172e+01
5.530567169189453125e+00 1.490829753875732422e+01
3.268897533416748047e+00 1.258460617065429688e+01
3.498737812042236328e+00 1.241335773468017578e+01
5.715971469879150391e+00 1.537188148498535156e+01
5.761429309844970703e+00 1.553403377532958984e+01
3.897758102416992188e+01 -3.210269165039062500e+01
3.909664154052734375e+01 -3.175468254089355469e+01
4.132583618164062500e+01 -3.022415161132812500e+01
4.091767883300781250e+01 -2.964963531494140625e+01
4.087152099609375000e+01 -2.942200469970703125e+01
4.120299530029296875e+01 -2.924987983703613281e+01
4.178260803222656250e+01 -2.910989761352539062e+01
4.214352416992187500e+01 -2.917584037780761719e+01
4.231744003295898438e+01 -2.936137008666992188e+01
4.280625915527343750e+01 -2.881010246276855469e+01
4.283998489379882812e+01 -2.861362838745117188e+01
4.260918426513671875e+01 -2.819425773620605469e+01
3.920331192016601562e+01 -3.148941802978515625e+01
4.268849182128906250e+01 -2.788200187683105469e+01
4.289714431762695312e+01 -2.769677925109863281e+01
4.333478927612304688e+01 -2.754480934143066406e+01
4.378469085693359375e+01 -2.723516082763671875e+01
4.383857345581054688e+01 -2.692733573913574219e+01
4.337208175659179688e+01 -2.651403617858886719e+01
4.337410354614257812e+01 -2.640018463134765625e+01
4.318748474121093750e+01 -2.585318374633789062e+01
4.274327087402343750e+01 -2.581296348571777344e+01
4.238891983032226562e+01 -2.582556152343750000e+01
3.936215591430664062e+01 -3.115238380432128906e+01
4.203290176391601562e+01 -2.584116744995117188e+01
4.184918212890625000e+01 -2.599740791320800781e+01
4.146730422973632812e+01 -2.575128936767578125e+01
4.128567886352539062e+01 -2.534841156005859375e+01
4.113839721679687500e+01 -2.507842063903808594e+01
4.110200881958007812e+01 -2.463805389404296875e+01
4.031231689453125000e+01 -2.494461631774902344e+01
3.976301574707031250e+01 -2.505799484252929688e+01
3.950922012329101562e+01 -2.516134643554687500e+01
4.001842880249023438e+01 -2.575419044494628906e+01
3.944824600219726562e+01 -3.092878341674804688e+01
3.942237091064453125e+01 -2.556053543090820312e+01
3.999033355712890625e+01 -2.615316200256347656e+01
4.012692260742187500e+01 -2.633094596862792969e+01
4.008695602416992188e+01 -2.666800117492675781e+01
3.981284713745117188e+01 -2.688797378540039062e+01
3.952873229980468750e+01 -2.694751167297363281e+01
3.939763259887695312e+01 -2.680994224548339844e+01
3.863138961791992188e+01 -2.656438255310058594e+01
3.851502990722656250e+01 -2.682824707031250000e+01
3.861580276489257812e+01 -2.696252059936523438e+01
3.964962005615234375e+01 -3.075537681579589844e+01
3.841397857666015625e+01 -2.742551994323730469e+01
3.793091964721679688e+01 -2.775716018676757812e+01
3.791917800903320312e+01 -2.792022705078125000e+01
3.797775268554687500e+01 -2.818837738037109375e+01
3.845282745361328125e+01 -2.855355453491210938e+01
3.824874496459960938e+01 -2.893260383605957031e+01
3.755141067504882812e+01 -2.890461540222167969e+01
3.783660888671875000e+01 -2.934519004821777344e+01
3.760855484008789062e+01 -2.966471862792968750e+01
3.721328353881835938e+01 -2.985211372375488281e+01
4.041989135742187500e+01 -3.062167930603027344e+01
3.694003677368164062e+01 -2.984163665771484375e+01
3.670582962036132812e+01 -2.993697166442871094e+01
3.658277511596679688e+01 -3.052606964111328125e+01
3.656818389892578125e+01 -3.078476524353027344e+01
3.648074722290039062e+01 -3.125279998779296875e+01
3.678853988647460938e+01 -3.158788108825683594e+01
3.714743423461914062e+01 -3.164824867248535156e+01
3.761701583862304688e+01 -3.147970581054687500e+01
3.787505340576171875e+01 -3.213820266723632812e+01
3.809596633911132812e+01 -3.196126174926757812e+01
4.071225357055664062e+01 -3.065464210510253906e+01
3.816611480712890625e+01 -3.137215614318847656e+01
3.870205688476562500e+01 -3.223125839233398438e+01
4.103762054443359375e+01 -3.059846496582031250e+01
4.128001022338867188e+01 -3.041779327392578125e+01
1.011568546295166016e+01 -1.537613868713378906e+01
9.801400184631347656e+00 -1.537543296813964844e+01
5.843814849853515625e+00 -1.732590293884277344e+01
5.297892093658447266e+00 -1.767204284667968750e+01
4.805993556976318359e+00 -1.801954269409179688e+01
4.465343475341796875e+00 -1.828914833068847656e+01
-6.240004062652587891e+00 -2.680058479309082031e+01
-6.559875965118408203e+00 -2.676555061340332031e+01
-7.517566204071044922e+00 -2.643251037597656250e+01
-7.959972381591796875e+00 -2.592130279541015625e+01
-7.220479011535644531e+00 -2.487133598327636719e+01
-6.261889457702636719e+00 -2.401604652404785156e+01
9.619552612304687500e+00 -1.537237071990966797e+01
-5.419441699981689453e+00 -2.317812728881835938e+01
-4.889943599700927734e+00 -2.250603103637695312e+01
-4.583782672882080078e+00 -2.202602386474609375e+01
-4.266405582427978516e+00 -2.145906829833984375e+01
-4.035087108612060547e+00 -2.102405548095703125e+01
5.239262580871582031e+00 -6.159754276275634766e+00
5.415107727050781250e+00 -5.790449619293212891e+00
5.574627876281738281e+00 -5.425781726837158203e+00
5.737749576568603516e+00 -5.039657115936279297e+00
5.866016864776611328e+00 -4.670363903045654297e+00
9.263394355773925781e+00 -1.557812213897705078e+01
6.088797092437744141e+00 -4.080357551574707031e+00
6.226054668426513672e+00 -3.676870822906494141e+00
6.346662044525146484e+00 -3.273006439208984375e+00
6.390093803405761719e+00 -3.047207832336425781e+00
6.575962066650390625e+00 -2.763254880905151367e+00
6.801908969879150391e+00 -2.615038394927978516e+00
6.889208793640136719e+00 -2.432687520980834961e+00
6.930821895599365234e+00 -2.111215114593505859e+00
6.711283683776855469e+00 -2.071385145187377930e+00
6.618912220001220703e+00 -1.793316364288330078e+00
8.820083618164062500e+00 -1.576144599914550781e+01
6.229540824890136719e+00 -1.651051640510559082e+00
5.708216667175292969e+00 -1.267460346221923828e+00
5.423340797424316406e+00 -1.020242452621459961e+00
5.086924552917480469e+00 -7.893472313880920410e-01
4.625017166137695312e+00 -4.840197563171386719e-01
4.329737663269042969e+00 -3.170245587825775146e-01
-1.033776187896728516e+01 3.906407356262207031e-01
-1.063894557952880859e+01 1.981904059648513794e-01
-1.100324630737304688e+01 -1.052039936184883118e-01
-1.129802036285400391e+01 -3.910996615886688232e-01
8.283317565917968750e+00 -1.601194190979003906e+01
-2.240020370483398438e+01 -2.248015785217285156e+01
-2.223890686035156250e+01 -2.265574455261230469e+01
-2.106267929077148438e+01 -2.366498565673828125e+01
-2.053565406799316406e+01 -2.398682785034179688e+01
-2.041787528991699219e+01 -2.401858520507812500e+01
-1.959720230102539062e+01 -2.355281829833984375e+01
-1.301438045501708984e+01 -7.847382545471191406e+00
-1.280474853515625000e+01 -7.533261775970458984e+00
-1.226467037200927734e+01 -6.749791622161865234e+00
-1.201457023620605469e+01 -6.407783508300781250e+00
7.917877197265625000e+00 -1.619526290893554688e+01
-1.181443214416503906e+01 -6.165087223052978516e+00
9.985344886779785156e+00 -1.167728424072265625e+01
1.017555236816406250e+01 -1.196748638153076172e+01
1.040210247039794922e+01 -1.242029857635498047e+01
1.054564189910888672e+01 -1.276757717132568359e+01
1.064160919189453125e+01 -1.313679027557373047e+01
1.069540596008300781e+01 -1.353658008575439453e+01
1.067497253417968750e+01 -1.389228248596191406e+01
1.050908184051513672e+01 -1.437165737152099609e+01
1.044069099426269531e+01 -1.452212429046630859e+01
7.251403808593750000e+00 -1.654211997985839844e+01
1.028092098236083984e+01 -1.508477497100830078e+01
1.017124843597412109e+01 -1.522999477386474609e+01
6.874621391296386719e+00 -1.674481010437011719e+01
6.482482910156250000e+00 -1.696096038818359375e+01
3.792292404174804688e+01 5.048205852508544922e+00
3.825373840332031250e+01 3.963186264038085938e+00
3.593010711669921875e+01 -2.146470069885253906e+00
3.524000167846679688e+01 -2.750704526901245117e+00
3.450759887695312500e+01 -3.265509366989135742e+00
3.339110565185546875e+01 -3.996336698532104492e+00
3.033031272888183594e+01 -5.382587432861328125e+00
2.981294250488281250e+01 -5.532292366027832031e+00
3.243910312652587891e+00 5.950953006744384766e+00
3.764731884002685547e+00 5.820567607879638672e+00
4.035453319549560547e+00 5.781722068786621094e+00
4.675666809082031250e+00 5.716836452484130859e+00
3.845200729370117188e+01 3.517826795578002930e+00
2.608814048767089844e+01 1.186829853057861328e+01
2.803852081298828125e+01 1.168438625335693359e+01
2.898498725891113281e+01 1.159662151336669922e+01
3.011893081665039062e+01 1.133215236663818359e+01
3.064321136474609375e+01 1.116453361511230469e+01
3.167101097106933594e+01 1.084812164306640625e+01
3.205672836303710938e+01 1.076374530792236328e+01
4.098709869384765625e+01 1.168679141998291016e+01
4.104679489135742188e+01 1.146939754486083984e+01
4.115359115600585938e+01 1.091078567504882812e+01
3.853147888183593750e+01 2.936029195785522461e+00
4.121626281738281250e+01 1.014052391052246094e+01
4.123669052124023438e+01 9.387583732604980469e+00
4.119627380371093750e+01 8.708271980285644531e+00
4.109142303466796875e+01 7.671587944030761719e+00
4.089982223510742188e+01 6.503209590911865234e+00
4.096906280517578125e+01 5.829745292663574219e+00
4.091237258911132812e+01 5.419987678527832031e+00
4.090575027465820312e+01 4.545718193054199219e+00
4.085200500488281250e+01 3.660622358322143555e+00
3.955107498168945312e+01 1.221270084381103516e+00
3.840087890625000000e+01 2.265751838684082031e+00
3.929937744140625000e+01 5.150023698806762695e-01
3.909939575195312500e+01 -2.809112332761287689e-02
3.879863739013671875e+01 -6.902081370353698730e-01
3.831162643432617188e+01 -1.304048299789428711e+00
3.724753189086914062e+01 -2.555185556411743164e+00
3.662660217285156250e+01 -3.381180047988891602e+00
3.544923019409179688e+01 -4.253210067749023438e+00
3.448622131347656250e+01 -4.843262195587158203e+00
3.333676528930664062e+01 -5.458804130554199219e+00
3.237551879882812500e+01 -6.048224449157714844e+00
3.819379425048828125e+01 1.644847273826599121e+00
2.991848564147949219e+01 -8.051792144775390625e+00
2.947877883911132812e+01 -8.466467857360839844e+00
-1.922534942626953125e+00 6.448146343231201172e+00
-1.765913009643554688e+00 6.423035144805908203e+00
-1.092439651489257812e+00 6.344982624053955078e+00
-8.598527312278747559e-01 6.312213897705078125e+00
2.327622604370117188e+01 1.511504173278808594e+01
2.429270744323730469e+01 1.458207416534423828e+01
2.680657958984375000e+01 1.400466728210449219e+01
2.754640197753906250e+01 1.383456993103027344e+01
3.798845672607421875e+01 1.215730071067810059e+00
3.018036651611328125e+01 1.295204925537109375e+01
3.101179885864257812e+01 1.256892299652099609e+01
3.188324928283691406e+01 1.217887878417968750e+01
3.376575469970703125e+01 1.081552314758300781e+01
3.429027557373046875e+01 1.037725067138671875e+01
3.479652404785156250e+01 1.004522228240966797e+01
3.555191802978515625e+01 9.448148727416992188e+00
3.595323944091796875e+01 8.977914810180664062e+00
3.639741897583007812e+01 8.542035102844238281e+00
3.699726104736328125e+01 7.492166519165039062e+00
3.770272445678710938e+01 6.346781253814697266e-01
3.746995162963867188e+01 6.530750751495361328e+00
3.774614334106445312e+01 5.928250789642333984e+00
3.735886764526367188e+01 -4.717131853103637695e-01
3.692068099975585938e+01 -1.172155141830444336e+00
-1.854467773437500000e+01 -1.885277938842773438e+01
-1.881930923461914062e+01 -1.921167755126953125e+01
-2.279091453552246094e+01 -2.854184722900390625e+01
-2.276190376281738281e+01 -2.907487869262695312e+01
-2.271067428588867188e+01 -2.958219146728515625e+01
-2.264413642883300781e+01 -3.017703056335449219e+01
-2.259372329711914062e+01 -3.059097290039062500e+01
-2.252721595764160156e+01 -3.115021324157714844e+01
-2.250335121154785156e+01 -3.138688468933105469e+01
-2.246739578247070312e+01 -3.172066307067871094e+01
-2.240386772155761719e+01 -3.220827102661132812e+01
-2.231435775756835938e+01 -3.275847244262695312e+01
-1.927363777160644531e+01 -1.980176925659179688e+01
-2.226698875427246094e+01 -3.307810974121093750e+01
-2.220708656311035156e+01 -3.343515777587890625e+01
-2.210837173461914062e+01 -3.403482055664062500e+01
-2.203002166748046875e+01 -3.447668075561523438e+01
-2.190940093994140625e+01 -3.501047515869140625e+01
-2.181674766540527344e+01 -3.535646438598632812e+01
-2.165383529663085938e+01 -3.575920486450195312e+01
-2.150721359252929688e+01 -3.609249496459960938e+01
-2.131566238403320312e+01 -3.644991302490234375e+01
-2.115201950073242188e+01 -3.667693710327148438e+01
-1.956347465515136719e+01 -2.022465705871582031e+01
-2.089930534362792969e+01 -3.696028137207031250e+01
-2.058128929138183594e+01 -3.727113342285156250e+01
-2.026717567443847656e+01 -3.767459487915039062e+01
-2.021208763122558594e+01 -3.783125686645507812e+01
-1.995275306701660156e+01 -3.794782638549804688e+01
-1.985721397399902344e+01 -3.797145080566406250e+01
-1.949440956115722656e+01 -3.777995300292968750e+01
-1.928391647338867188e+01 -3.766210556030273438e+01
-1.894580841064453125e+01 -3.751628494262695312e+01
-1.871610260009765625e+01 -3.747444915771484375e+01
-1.977914428710937500e+01 -2.056299972534179688e+01
-1.830001640319824219e+01 -3.737849426269531250e+01
-1.774454307556152344e+01 -3.723282241821289062e+01
-1.732382583618164062e+01 -3.715272521972656250e+01
-1.696961593627929688e+01 -3.711142349243164062e+01
-1.572601890563964844e+01 -3.701278686523437500e+01
-1.546128177642822266e+01 -3.699246978759765625e+01
-1.494938850402832031e+01 -3.695390701293945312e+01
-1.447805500030517578e+01 -3.690869140625000000e+01
-1.406795978546142578e+01 -3.686061096191406250e+01
-1.356324768066406250e+01 -3.675588989257812500e+01
-2.255106163024902344e+01 -2.588780784606933594e+01
-1.313870048522949219e+01 -3.665843200683593750e+01
-1.290819072723388672e+01 -3.654211807250976562e+01
-1.264556789398193359e+01 -3.640239715576171875e+01
-1.248369979858398438e+01 -3.620327758789062500e+01
-1.221062278747558594e+01 -3.585013198852539062e+01
-1.204245281219482422e+01 -3.545168685913085938e+01
-1.188302040100097656e+01 -3.504898071289062500e+01
-1.181652545928955078e+01 -3.482976531982421875e+01
-1.175885200500488281e+01 -3.455250167846679688e+01
-1.173738384246826172e+01 -3.421996688842773438e+01
-2.268768119812011719e+01 -2.635315513610839844e+01
-1.427639102935791016e+01 -2.076680755615234375e+01
-1.451669502258300781e+01 -2.040264892578125000e+01
-1.465384101867675781e+01 -2.019779205322265625e+01
-1.501533699035644531e+01 -1.969775962829589844e+01
-1.553046607971191406e+01 -1.903566741943359375e+01
-1.580892086029052734e+01 -1.879139709472656250e+01
-1.605103874206542969e+01 -1.864078330993652344e+01
-1.648931121826171875e+01 -1.840156364440917969e+01
-1.699734115600585938e+01 -1.822918510437011719e+01
-1.739198303222656250e+01 -1.822785186767578125e+01
-2.275479507446289062e+01 -2.671681594848632812e+01
-1.774600028991699219e+01 -1.835599708557128906e+01
-1.822825241088867188e+01 -1.858894157409667969e+01
-2.280208969116210938e+01 -2.734808158874511719e+01
-2.280914497375488281e+01 -2.780509948730468750e+01
2.214050865173339844e+01 2.156557798385620117e+00
2.205950164794921875e+01 1.230789184570312500e+00
2.377285385131835938e+01 -5.006946086883544922e+00
2.411220550537109375e+01 -5.877680301666259766e+00
2.445350074768066406e+01 -6.705937862396240234e+00
2.479966163635253906e+01 -7.690501689910888672e+00
2.503920936584472656e+01 -8.629957199096679688e+00
-2.093118429183959961e+00 -3.970567703247070312e+00
-2.314602136611938477e+00 -4.089830875396728516e+00
-3.723097562789916992e+00 -5.509016036987304688e+00
-3.841683626174926758e+00 -5.465376377105712891e+00
-3.889015674591064453e+00 3.646181523799896240e-01
2.206188011169433594e+01 4.462579786777496338e-01
1.997018623352050781e+01 1.394270229339599609e+01
2.017329597473144531e+01 1.341574573516845703e+01
2.131471443176269531e+01 1.216884040832519531e+01
2.206129264831542969e+01 1.124162578582763672e+01
2.220184898376464844e+01 1.057303237915039062e+01
2.170649147033691406e+01 9.029120445251464844e+00
2.161573791503906250e+01 8.470382690429687500e+00
2.141132354736328125e+01 7.625737667083740234e+00
2.119860839843750000e+01 7.006227493286132812e+00
2.092353248596191406e+01 6.191446304321289062e+00
2.242117500305175781e+01 -3.212780654430389404e-01
2.080839347839355469e+01 5.593697071075439453e+00
2.072876548767089844e+01 5.117927551269531250e+00
2.054319381713867188e+01 4.360162734985351562e+00
2.037292861938476562e+01 3.785152673721313477e+00
2.025030517578125000e+01 3.430686235427856445e+00
2.005778694152832031e+01 2.632811546325683594e+00
2.004633331298828125e+01 2.145702838897705078e+00
2.077382087707519531e+01 3.332410752773284912e-01
2.084317016601562500e+01 8.431588113307952881e-02
2.104996109008789062e+01 -3.198467493057250977e-01
2.255546188354492188e+01 -6.826630830764770508e-01
2.127773666381835938e+01 -8.481819629669189453e-01
2.140311241149902344e+01 -1.507042646408081055e+00
2.148500061035156250e+01 -1.831915259361267090e+00
2.190367126464843750e+01 -2.753774881362915039e+00
2.212966728210449219e+01 -3.363230943679809570e+00
2.246154785156250000e+01 -4.278181076049804688e+00
2.271550559997558594e+01 -4.934087753295898438e+00
2.318790054321289062e+01 -5.702119827270507812e+00
2.390515899658203125e+01 -6.804460048675537109e+00
2.452685356140136719e+01 -7.325708866119384766e+00
2.278425788879394531e+01 -1.358799457550048828e+00
2.616162300109863281e+01 -8.206498146057128906e+00
2.674837303161621094e+01 -8.343080520629882812e+00
-9.499850124120712280e-02 -6.463868618011474609e+00
-6.272647976875305176e-01 -6.736915111541748047e+00
-9.964793324470520020e-01 -6.594024181365966797e+00
1.851464653015136719e+01 1.467977714538574219e+01
1.888629531860351562e+01 1.393132114410400391e+01
1.990229225158691406e+01 1.278332710266113281e+01
2.107936286926269531e+01 1.169420051574707031e+01
2.154725837707519531e+01 1.081880092620849609e+01
2.286873626708984375e+01 -1.961930871009826660e+00
2.199039077758789062e+01 9.968676567077636719e+00
2.220863151550292969e+01 9.329887390136718750e+00
2.241616821289062500e+01 8.352888107299804688e+00
2.241787338256835938e+01 7.480543613433837891e+00
2.244510841369628906e+01 6.620063781738281250e+00
2.251449775695800781e+01 6.127070426940917969e+00
2.247674369812011719e+01 5.505420207977294922e+00
2.236031723022460938e+01 4.899756431579589844e+00
2.225688743591308594e+01 4.196743011474609375e+00
2.224648094177246094e+01 3.610042572021484375e+00
2.307199287414550781e+01 -2.820412874221801758e+00
2.216191101074218750e+01 2.761764287948608398e+00
2.218416976928710938e+01 2.478067874908447266e+00
2.325946426391601562e+01 -3.340719223022460938e+00
2.343020057678222656e+01 -4.009615421295166016e+00
4.013613128662109375e+01 7.544379234313964844e+00
4.297505569458007812e+01 2.098465204238891602e+00
3.742756271362304688e+01 -5.420673847198486328e+00
3.630944824218750000e+01 -6.335140228271484375e+00
3.591505813598632812e+01 -6.691719532012939453e+00
3.330561065673828125e+01 -7.676686763763427734e+00
3.223565292358398438e+01 -8.171674728393554688e+00
3.063037681579589844e+01 -9.089501380920410156e+00
2.959513282775878906e+01 -9.951130867004394531e+00
-5.800896644592285156e+00 1.421058464050292969e+01
-5.805603981018066406e+00 1.422581481933593750e+01
2.202179527282714844e+01 1.674708938598632812e+01
4.279916381835937500e+01 1.685813903808593750e+00
2.449742507934570312e+01 1.615107154846191406e+01
2.576156044006347656e+01 1.595582866668701172e+01
2.635450172424316406e+01 1.587235450744628906e+01
2.999213600158691406e+01 1.526391410827636719e+01
3.054154205322265625e+01 1.510418891906738281e+01
3.116591835021972656e+01 1.499564743041992188e+01
3.448804855346679688e+01 1.422561168670654297e+01
3.500844955444335938e+01 1.396675300598144531e+01
3.584307861328125000e+01 1.370519161224365234e+01
3.702717208862304688e+01 1.301804828643798828e+01
4.255612945556640625e+01 1.148692965507507324e+00
3.781392288208007812e+01 1.248153686523437500e+01
3.838494491577148438e+01 1.198958396911621094e+01
3.887881851196289062e+01 1.147971153259277344e+01
3.920728302001953125e+01 1.111718750000000000e+01
4.234839630126953125e+01 7.249021530151367188e+00
4.246912384033203125e+01 6.608519077301025391e+00
4.256021881103515625e+01 5.833710670471191406e+00
4.262716293334960938e+01 4.565849304199218750e+00
4.254368209838867188e+01 3.670231819152832031e+00
4.231520462036132812e+01 3.184719800949096680e+00
4.229454421997070312e+01 4.021368920803070068e-01
4.202934646606445312e+01 2.605910062789916992e+00
4.157771301269531250e+01 -1.299723267555236816e+00
4.131402969360351562e+01 -1.892501592636108398e+00
4.081443023681640625e+01 -2.596254825592041016e+00
4.052628326416015625e+01 -2.983956575393676758e+00
3.851554489135742188e+01 -5.006989002227783203e+00
3.817365646362304688e+01 -5.355325222015380859e+00
3.509220504760742188e+01 -6.792626380920410156e+00
3.433263015747070312e+01 -7.128719806671142578e+00
3.229236602783203125e+01 -7.802937030792236328e+00
4.212118911743164062e+01 -4.443018510937690735e-02
3.161911773681640625e+01 -8.199851989746093750e+00
2.937093544006347656e+01 -9.666428565979003906e+00
2.897977828979492188e+01 -1.005909538269042969e+01
-4.213609695434570312e+00 1.323635196685791016e+01
-4.204405307769775391e+00 1.323141479492187500e+01
2.112178039550781250e+01 1.696774482727050781e+01
2.271982765197753906e+01 1.600824737548828125e+01
2.502631759643554688e+01 1.538185119628906250e+01
2.619031524658203125e+01 1.508725833892822266e+01
2.818469238281250000e+01 1.505531597137451172e+01
4.194797134399414062e+01 -3.954796791076660156e-01
2.916413116455078125e+01 1.482461452484130859e+01
3.235036849975585938e+01 1.438154602050781250e+01
3.310026168823242188e+01 1.402510547637939453e+01
3.404404449462890625e+01 1.341854763031005859e+01
3.539488983154296875e+01 1.268055725097656250e+01
3.611315536499023438e+01 1.219613838195800781e+01
3.725439071655273438e+01 1.129951381683349609e+01
3.797010803222656250e+01 1.058465290069580078e+01
3.914432525634765625e+01 9.422319412231445312e+00
3.940042114257812500e+01 9.135242462158203125e+00
3.996623611450195312e+01 -3.241044521331787109e+00
3.980006408691406250e+01 8.380229949951171875e+00
4.000604248046875000e+01 7.957852363586425781e+00
3.952229690551757812e+01 -3.868551492691040039e+00
3.914459228515625000e+01 -4.247786998748779297e+00
-7.823444843292236328e+00 -1.074713706970214844e+01
-7.177674293518066406e+00 -1.230231761932373047e+01
-2.782080888748168945e+00 -1.398108863830566406e+01
-2.393962383270263672e+00 -1.390174961090087891e+01
-1.789409279823303223e+00 -1.372740077972412109e+01
-1.382927417755126953e+00 -1.354544830322265625e+01
-1.032173037528991699e+00 -1.332908725738525391e+01
-5.498889684677124023e-01 -1.288480281829833984e+01
2.787300944328308105e-02 -1.230986118316650391e+01
1.548820585012435913e-01 -1.213248634338378906e+01
7.302789688110351562e-01 -1.170813751220703125e+01
1.102115273475646973e+00 -1.136509704589843750e+01
-6.699144363403320312e+00 -1.293501186370849609e+01
1.318452358245849609e+00 -1.099245548248291016e+01
1.549592256546020508e+00 -1.063091945648193359e+01
1.722348570823669434e+00 -1.028485012054443359e+01
2.055755376815795898e+00 -9.759661674499511719e+00
2.177187204360961914e+00 -9.524669647216796875e+00
2.137657880783081055e+00 -9.313115119934082031e+00
2.020037174224853516e+00 -9.056750297546386719e+00
1.863812446594238281e+00 -8.923949241638183594e+00
1.632970333099365234e+00 -8.760439872741699219e+00
1.400286197662353516e+00 -8.737752914428710938e+00
-6.226851463317871094e+00 -1.324935340881347656e+01
1.039703607559204102e+00 -8.750058174133300781e+00
8.333099484443664551e-01 -8.800964355468750000e+00
2.206243425607681274e-01 -9.055174827575683594e+00
-1.760928034782409668e-01 -9.220554351806640625e+00
-4.673911631107330322e-01 -9.377598762512207031e+00
-6.728723049163818359e-01 -9.656000137329101562e+00
-1.208175301551818848e+00 -9.958355903625488281e+00
-1.330749988555908203e+00 -1.007758235931396484e+01
-1.888675332069396973e+00 -1.038243770599365234e+01
-2.359594106674194336e+00 -1.071062755584716797e+01
-5.741431713104248047e+00 -1.346966266632080078e+01
-2.702210426330566406e+00 -1.098086357116699219e+01
-2.983505487442016602e+00 -1.120939445495605469e+01
-3.368684291839599609e+00 -1.149464893341064453e+01
-3.906531333923339844e+00 -1.177372837066650391e+01
-4.535412311553955078e+00 -1.176810646057128906e+01
-4.781663894653320312e+00 -1.165725994110107422e+01
-5.121575832366943359e+00 -1.131965732574462891e+01
-5.446314811706542969e+00 -1.095060443878173828e+01
-5.665173530578613281e+00 -1.051488113403320312e+01
-5.827169895172119141e+00 -1.021373653411865234e+01
-5.180230617523193359e+00 -1.360202693939208984e+01
-6.042196273803710938e+00 -9.871287345886230469e+00
-6.551814556121826172e+00 -9.282218933105468750e+00
-6.745740413665771484e+00 -9.057188987731933594e+00
-7.245008468627929688e+00 -8.719568252563476562e+00
-7.602241992950439453e+00 -8.602214813232421875e+00
-7.716093540191650391e+00 -8.172490119934082031e+00
-7.665556907653808594e+00 -7.875713825225830078e+00
-7.427484989166259766e+00 -7.513340473175048828e+00
-7.337082862854003906e+00 -7.158252716064453125e+00
-7.104085445404052734e+00 -6.916589260101318359e+00
-4.588854312896728516e+00 -1.371366500854492188e+01
-6.925343513488769531e+00 -6.667001724243164062e+00
-6.693498134613037109e+00 -6.563609123229980469e+00
-6.452697753906250000e+00 -6.616319656372070312e+00
-6.165222167968750000e+00 -6.709452629089355469e+00
-6.013123989105224609e+00 -6.971575260162353516e+00
-5.813453197479248047e+00 -7.149865627288818359e+00
-5.682616710662841797e+00 -7.418241024017333984e+00
-5.754474163055419922e+00 -7.670578956604003906e+00
-5.910715579986572266e+00 -8.070812225341796875e+00
-6.078381538391113281e+00 -8.315381050109863281e+00
-4.029482364654541016e+00 -1.374054908752441406e+01
-7.579923629760742188e+00 -9.487792968750000000e+00
-7.836613655090332031e+00 -1.016794967651367188e+01
-3.706875562667846680e+00 -1.381373023986816406e+01
-3.238889694213867188e+00 -1.391926574707031250e+01
-1.692168617248535156e+01 -3.218347549438476562e+01
-1.670921134948730469e+01 -3.231012344360351562e+01
-1.416520309448242188e+01 -3.008869361877441406e+01
-1.376965522766113281e+01 -2.982178115844726562e+01
-1.220658016204833984e+01 -2.695050811767578125e+01
-1.174223518371582031e+01 -2.667602157592773438e+01
-1.127150630950927734e+01 -2.655507278442382812e+01
-1.080734252929687500e+01 -2.665453529357910156e+01
-1.027384281158447266e+01 -2.685709190368652344e+01
-1.006546401977539062e+01 -2.715370178222656250e+01
-1.006734561920166016e+01 -2.725131034851074219e+01
-1.015399646759033203e+01 -2.846439933776855469e+01
-1.630109024047851562e+01 -3.233432388305664062e+01
-1.039314079284667969e+01 -2.878409004211425781e+01
-1.078675079345703125e+01 -2.904627418518066406e+01
-1.120154762268066406e+01 -2.926893806457519531e+01
-1.422609233856201172e+01 -2.800651359558105469e+01
-1.472491264343261719e+01 -2.795360946655273438e+01
-1.512002086639404297e+01 -2.787272262573242188e+01
-1.545656681060791016e+01 -2.786467552185058594e+01
-1.582801151275634766e+01 -2.784972953796386719e+01
-1.622495841979980469e+01 -2.778677368164062500e+01
-1.665855216979980469e+01 -2.779953384399414062e+01
-1.568832588195800781e+01 -3.220001602172851562e+01
-1.713277816772460938e+01 -2.777212142944335938e+01
-1.756759834289550781e+01 -2.770746040344238281e+01
-1.806935310363769531e+01 -2.750335693359375000e+01
-1.845869827270507812e+01 -2.717719841003417969e+01
-1.857150459289550781e+01 -2.697075080871582031e+01
-1.846673011779785156e+01 -2.632790946960449219e+01
-1.829616546630859375e+01 -2.595463943481445312e+01
-1.812241363525390625e+01 -2.569905471801757812e+01
-1.788710212707519531e+01 -2.552881050109863281e+01
-1.702614784240722656e+01 -2.510387420654296875e+01
-1.543353271484375000e+01 -3.204944229125976562e+01
-1.656300735473632812e+01 -2.494111633300781250e+01
-1.617806243896484375e+01 -2.494016075134277344e+01
-1.567909336090087891e+01 -2.495894813537597656e+01
-1.518197727203369141e+01 -2.501386833190917969e+01
-1.480616283416748047e+01 -2.506092834472656250e+01
-1.449302196502685547e+01 -2.504133224487304688e+01
-1.404235267639160156e+01 -2.504292297363281250e+01
-1.324092102050781250e+01 -2.504588127136230469e+01
-1.257991504669189453e+01 -2.509960556030273438e+01
-1.195795059204101562e+01 -2.521490478515625000e+01
-1.520752429962158203e+01 -3.169364356994628906e+01
-1.138503074645996094e+01 -2.537674140930175781e+01
-1.107788848876953125e+01 -2.541734123229980469e+01
-1.040481376647949219e+01 -2.570098495483398438e+01
-9.668659210205078125e+00 -2.626002502441406250e+01
-9.398984909057617188e+00 -2.688790512084960938e+01
-9.516289710998535156e+00 -2.765124511718750000e+01
-9.926540374755859375e+00 -2.803584480285644531e+01
-1.056918716430664062e+01 -2.830108261108398438e+01
-1.156446838378906250e+01 -2.864136123657226562e+01
-1.263899803161621094e+01 -2.883453941345214844e+01
-1.491462516784667969e+01 -3.104671096801757812e+01
-1.427904224395751953e+01 -2.887977409362792969e+01
-1.509152984619140625e+01 -2.899189376831054688e+01
-1.536463165283203125e+01 -2.900185203552246094e+01
-1.556680393218994141e+01 -2.918263053894042969e+01
-1.581390857696533203e+01 -2.944916152954101562e+01
-1.611588478088378906e+01 -2.965133666992187500e+01
-1.659543609619140625e+01 -2.972317504882812500e+01
-1.690324592590332031e+01 -2.991524505615234375e+01
-1.722655296325683594e+01 -3.019878768920898438e+01
-1.746252632141113281e+01 -3.047069358825683594e+01
-1.476887989044189453e+01 -3.080702590942382812e+01
-1.742257881164550781e+01 -3.123136138916015625e+01
-1.718085289001464844e+01 -3.191485977172851562e+01
-1.461355400085449219e+01 -3.041795539855957031e+01
-1.442875766754150391e+01 -3.022018814086914062e+01
1.546160221099853516e+01 6.851388812065124512e-01
1.563338661193847656e+01 -2.724876701831817627e-01
1.920818519592285156e+01 -6.160086631774902344e+00
1.964785385131835938e+01 -6.946339607238769531e+00
1.979658126831054688e+01 -7.675078392028808594e+00
1.954682350158691406e+01 -8.504734039306640625e+00
-9.421679973602294922e-01 -1.006905794143676758e+00
-1.836084604263305664e+00 -2.024811267852783203e+00
-3.503447532653808594e+00 -2.725681543350219727e+00
-4.892556667327880859e+00 -2.594496250152587891e+00
-5.237088680267333984e+00 -2.394011497497558594e+00
-5.051669597625732422e+00 5.375082492828369141e-01
1.589213657379150391e+01 -1.068729281425476074e+00
-5.009520053863525391e+00 8.094218373298645020e-01
1.641426277160644531e+01 1.285789299011230469e+01
1.673950958251953125e+01 1.161717605590820312e+01
1.688128471374511719e+01 1.072903060913085938e+01
1.688385963439941406e+01 9.683530807495117188e+00
1.666908264160156250e+01 8.602795600891113281e+00
1.642548370361328125e+01 7.723968029022216797e+00
1.630283546447753906e+01 7.075144767761230469e+00
1.601914787292480469e+01 6.182103157043457031e+00
1.591872024536132812e+01 5.490381240844726562e+00
1.621083641052246094e+01 -1.854816317558288574e+00
1.570560264587402344e+01 4.739720821380615234e+00
1.556694316864013672e+01 4.111275672912597656e+00
1.539103507995605469e+01 3.547765254974365234e+00
1.516897106170654297e+01 2.853838205337524414e+00
1.497630119323730469e+01 1.832373380661010742e+00
1.492671680450439453e+01 1.640744447708129883e+00
1.528821277618408203e+01 1.310555458068847656e+00
1.618320274353027344e+01 1.849998235702514648e-01
1.670316505432128906e+01 -6.731034517288208008e-01
1.702107238769531250e+01 -1.152016043663024902e+00
1.649442863464355469e+01 -2.430621385574340820e+00
1.727457618713378906e+01 -1.685801625251770020e+00
1.759894752502441406e+01 -2.504036188125610352e+00
1.791163253784179688e+01 -3.164382934570312500e+00
1.820024108886718750e+01 -3.734485149383544922e+00
1.850539779663085938e+01 -4.339434623718261719e+00
1.901882934570312500e+01 -5.341181755065917969e+00
1.929255104064941406e+01 -5.873068809509277344e+00
1.968385505676269531e+01 -6.710695266723632812e+00
1.988652038574218750e+01 -7.643603801727294922e+00
-5.955642461776733398e-01 -4.241373836994171143e-01
1.683281898498535156e+01 -3.046447992324829102e+00
-8.237559199333190918e-01 -6.152821779251098633e-01
-1.968931317329406738e+00 -1.502401709556579590e+00
-2.812178850173950195e+00 -1.945709347724914551e+00
-4.430976390838623047e+00 -2.454224824905395508e+00
-5.074304103851318359e+00 -2.217640161514282227e+00
-5.596969604492187500e+00 -3.696506619453430176e-01
1.539307785034179688e+01 1.302221584320068359e+01
1.580649471282958984e+01 1.272083759307861328e+01
1.645063209533691406e+01 1.188644504547119141e+01
1.686715888977050781e+01 1.079593753814697266e+01
1.714657020568847656e+01 -3.415013551712036133e+00
1.702912521362304688e+01 9.233311653137207031e+00
1.700422286987304688e+01 8.590744972229003906e+00
1.694001007080078125e+01 7.696657180786132812e+00
1.684371376037597656e+01 6.821865558624267578e+00
1.675659561157226562e+01 6.070269107818603516e+00
1.664938354492187500e+01 5.346718311309814453e+00
1.663636779785156250e+01 4.882436752319335938e+00
1.647234916687011719e+01 4.127321720123291016e+00
1.638442230224609375e+01 3.243891954421997070e+00
1.620456123352050781e+01 2.729980468750000000e+00
1.772355461120605469e+01 -4.317286968231201172e+00
1.598409557342529297e+01 1.881730437278747559e+00
1.556260490417480469e+01 9.469186663627624512e-01
1.809171104431152344e+01 -4.661797523498535156e+00
1.875768852233886719e+01 -5.468758106231689453e+00
