-2.503994703292846680e+00 5.965328216552734375e+00
-2.489096879959106445e+00 6.489086151123046875e+00
-2.512703895568847656e+00 6.686437606811523438e+00
-2.562961578369140625e+00 6.762646198272705078e+00
-2.598623514175415039e+00 6.831507205963134766e+00
-2.732774972915649414e+00 6.949526786804199219e+00
-2.740340471267700195e+00 6.999868869781494141e+00
-2.825089693069458008e+00 6.923558712005615234e+00
-2.957164525985717773e+00 6.873583316802978516e+00
-3.043334722518920898e+00 6.830060958862304688e+00
-3.031068801879882812e+00 6.848819732666015625e+00
-2.455430507659912109e+00 6.012541294097900391e+00
-3.102555036544799805e+00 6.795474529266357422e+00
-3.081222534179687500e+00 6.812920093536376953e+00
-3.231483936309814453e+00 6.632987499237060547e+00
-3.245369434356689453e+00 6.497684955596923828e+00
-3.235798358917236328e+00 6.513116836547851562e+00
-3.216554880142211914e+00 6.359577178955078125e+00
-3.216983079910278320e+00 6.348792552947998047e+00
-3.209689855575561523e+00 6.290792942047119141e+00
-3.211681365966796875e+00 6.211080551147460938e+00
-3.108980894088745117e+00 5.988930225372314453e+00
-2.438019037246704102e+00 6.034622669219970703e+00
-3.148552417755126953e+00 5.930774688720703125e+00
-3.098530292510986328e+00 5.818024158477783203e+00
-3.105889081954956055e+00 5.822546005249023438e+00
-3.107626438140869141e+00 5.805394649505615234e+00
-3.100367546081542969e+00 5.809218883514404297e+00
-3.089905977249145508e+00 5.788104534149169922e+00
-3.105892658233642578e+00 5.745500087738037109e+00
-3.114587545394897461e+00 5.742352485656738281e+00
-3.061161994934082031e+00 5.768275260925292969e+00
-3.063525676727294922e+00 5.776910781860351562e+00
-2.465662240982055664e+00 6.063901901245117188e+00
-3.017629384994506836e+00 5.835040092468261719e+00
-2.978833675384521484e+00 5.864123344421386719e+00
-2.898763895034790039e+00 6.009196281433105469e+00
-2.808815717697143555e+00 6.168628215789794922e+00
-2.592258930206298828e+00 6.444673538208007812e+00
-2.550376415252685547e+00 6.452758312225341797e+00
-2.562114715576171875e+00 6.562665462493896484e+00
-2.564867496490478516e+00 6.662390232086181641e+00
-2.623526096343994141e+00 6.781064033508300781e+00
-2.655745983123779297e+00 6.840953350067138672e+00
-2.428063631057739258e+00 6.150080204010009766e+00
-2.726360559463500977e+00 6.901186466217041016e+00
-2.827155113220214844e+00 6.989138126373291016e+00
-2.859642744064331055e+00 6.918412685394287109e+00
-2.907989025115966797e+00 6.934916973114013672e+00
-2.935265541076660156e+00 6.917447566986083984e+00
-2.989296913146972656e+00 6.892618179321289062e+00
-3.021799564361572266e+00 6.861999988555908203e+00
-3.100562334060668945e+00 6.726420402526855469e+00
-3.176005840301513672e+00 6.539006710052490234e+00
-3.172577619552612305e+00 6.524271488189697266e+00
-2.444770574569702148e+00 6.182971954345703125e+00
-3.167142629623413086e+00 6.401121139526367188e+00
-3.188139438629150391e+00 6.368174076080322266e+00
-3.122377872467041016e+00 6.315780639648437500e+00
-3.020710229873657227e+00 6.183254241943359375e+00
-2.858708858489990234e+00 6.104837417602539062e+00
-2.825722455978393555e+00 6.034909725189208984e+00
-2.758925914764404297e+00 5.976990222930908203e+00
-2.636553764343261719e+00 5.935977458953857422e+00
-2.607228040695190430e+00 5.914085865020751953e+00
-2.600457668304443359e+00 5.902712821960449219e+00
-2.427129745483398438e+00 6.327161788940429688e+00
-2.597629308700561523e+00 5.930909156799316406e+00
-2.579743385314941406e+00 5.921664714813232422e+00
-2.475725173950195312e+00 6.383119583129882812e+00
-2.486522674560546875e+00 6.432131767272949219e+00
5.500973701477050781e+00 -4.395860671997070312e+00
5.589409351348876953e+00 -4.537814140319824219e+00
5.464077472686767578e+00 -5.058767795562744141e+00
5.358851432800292969e+00 -5.142889022827148438e+00
5.263681888580322266e+00 -5.233232021331787109e+00
5.150093078613281250e+00 -5.274516582489013672e+00
4.986377716064453125e+00 -5.270382404327392578e+00
4.912683486938476562e+00 -5.278182506561279297e+00
4.796340465545654297e+00 -5.213758468627929688e+00
4.639492988586425781e+00 -5.116120338439941406e+00
4.645323276519775391e+00 -5.124123573303222656e+00
4.541389942169189453e+00 -5.008209705352783203e+00
5.600402832031250000e+00 -4.546007633209228516e+00
4.526790142059326172e+00 -4.964152336120605469e+00
4.446815013885498047e+00 -4.821331024169921875e+00
4.416676998138427734e+00 -4.669833660125732422e+00
4.396365165710449219e+00 -4.566661834716796875e+00
4.453375339508056641e+00 -4.486443042755126953e+00
4.534511089324951172e+00 -4.366364002227783203e+00
4.570274829864501953e+00 -4.310021877288818359e+00
4.623479843139648438e+00 -4.248585700988769531e+00
4.710248470306396484e+00 -4.194604396820068359e+00
4.779595851898193359e+00 -4.142871379852294922e+00
5.622023582458496094e+00 -4.601665019989013672e+00
4.885184288024902344e+00 -4.063073158264160156e+00
5.046322345733642578e+00 -4.102214813232421875e+00
5.063996315002441406e+00 -4.083729267120361328e+00
5.142295837402343750e+00 -4.112285137176513672e+00
5.326014041900634766e+00 -4.215753078460693359e+00
5.402285575866699219e+00 -4.273375988006591797e+00
5.480916500091552734e+00 -4.362493991851806641e+00
5.504572391510009766e+00 -4.404312610626220703e+00
5.544314861297607422e+00 -4.450922012329101562e+00
5.601003646850585938e+00 -4.561248302459716797e+00
5.647598743438720703e+00 -4.708525180816650391e+00
5.630460262298583984e+00 -4.691210269927978516e+00
5.655634403228759766e+00 -4.766710281372070312e+00
5.639088630676269531e+00 -4.766941070556640625e+00
5.604875564575195312e+00 -4.873546123504638672e+00
5.550928592681884766e+00 -4.956501007080078125e+00
5.507177829742431641e+00 -5.027114391326904297e+00
5.341145992279052734e+00 -5.160324573516845703e+00
5.296801567077636719e+00 -5.207534313201904297e+00
5.126253128051757812e+00 -5.266464233398437500e+00
5.021044731140136719e+00 -5.279426097869873047e+00
5.644214630126953125e+00 -4.731040954589843750e+00
4.919258117675781250e+00 -5.231815814971923828e+00
4.724266529083251953e+00 -5.160437107086181641e+00
4.675132274627685547e+00 -5.136518478393554688e+00
4.629378795623779297e+00 -5.118959426879882812e+00
4.541695594787597656e+00 -4.998499393463134766e+00
4.516689300537109375e+00 -4.961853504180908203e+00
4.459187507629394531e+00 -4.829691410064697266e+00
4.435854434967041016e+00 -4.711057186126708984e+00
4.421134471893310547e+00 -4.619968891143798828e+00
4.454366207122802734e+00 -4.526677608489990234e+00
5.682318210601806641e+00 -4.815890312194824219e+00
4.503162384033203125e+00 -4.401766777038574219e+00
4.526690483093261719e+00 -4.373773574829101562e+00
4.613624095916748047e+00 -4.271222591400146484e+00
4.642472743988037109e+00 -4.220558643341064453e+00
4.796936988830566406e+00 -4.152185916900634766e+00
4.869997501373291016e+00 -4.122133731842041016e+00
4.998709678649902344e+00 -4.043494224548339844e+00
5.003169059753417969e+00 -4.096655368804931641e+00
5.085970878601074219e+00 -4.122049808502197266e+00
5.171917438507080078e+00 -4.152257442474365234e+00
5.626278400421142578e+00 -4.851196765899658203e+00
5.243880748748779297e+00 -4.168211936950683594e+00
5.362223625183105469e+00 -4.261548519134521484e+00
5.568617343902587891e+00 -4.923582077026367188e+00
5.527625560760498047e+00 -4.972620964050292969e+00
5.814544200897216797e+00 1.074746990203857422e+01
5.830771923065185547e+00 1.070774078369140625e+01
6.000250816345214844e+00 1.092697525024414062e+01
5.931106090545654297e+00 1.088099288940429688e+01
5.983908653259277344e+00 1.095880413055419922e+01
5.960744380950927734e+00 1.097645282745361328e+01
5.989361763000488281e+00 1.101711845397949219e+01
5.948581695556640625e+00 1.103007698059082031e+01
5.930718421936035156e+00 1.102955627441406250e+01
5.869182109832763672e+00 1.102565860748291016e+01
5.903042316436767578e+00 1.112248039245605469e+01
5.946059703826904297e+00 1.117742252349853516e+01
5.908138751983642578e+00 1.085612010955810547e+01
5.940474033355712891e+00 1.113807582855224609e+01
5.914475440979003906e+00 1.129325389862060547e+01
5.938618183135986328e+00 1.123054790496826172e+01
5.904478549957275391e+00 1.126868629455566406e+01
5.891337871551513672e+00 1.133516979217529297e+01
5.886476039886474609e+00 1.133033847808837891e+01
5.857758045196533203e+00 1.140591239929199219e+01
5.819942474365234375e+00 1.147986793518066406e+01
5.775115489959716797e+00 1.152993011474609375e+01
5.824651241302490234e+00 1.146662902832031250e+01
5.855852603912353516e+00 1.079781913757324219e+01
5.746716976165771484e+00 1.158174610137939453e+01
5.645971298217773438e+00 1.168508815765380859e+01
5.467422962188720703e+00 1.190557193756103516e+01
5.491177558898925781e+00 1.189348411560058594e+01
5.367726325988769531e+00 1.196058082580566406e+01
5.394121170043945312e+00 1.193556213378906250e+01
5.314188480377197266e+00 1.196081829071044922e+01
5.288254261016845703e+00 1.198273468017578125e+01
5.226854801177978516e+00 1.197519493103027344e+01
5.175346374511718750e+00 1.197759437561035156e+01
5.862524032592773438e+00 1.083238410949707031e+01
5.090013980865478516e+00 1.197160148620605469e+01
5.082348823547363281e+00 1.193618297576904297e+01
5.031179904937744141e+00 1.193398189544677734e+01
5.025694847106933594e+00 1.190997123718261719e+01
4.978948116302490234e+00 1.187396240234375000e+01
4.931804180145263672e+00 1.182647323608398438e+01
4.936148643493652344e+00 1.182265663146972656e+01
5.001999378204345703e+00 1.189548969268798828e+01
4.990815639495849609e+00 1.188634681701660156e+01
4.927369594573974609e+00 1.179780673980712891e+01
5.794632434844970703e+00 1.085028362274169922e+01
4.832398891448974609e+00 1.168484687805175781e+01
4.858112335205078125e+00 1.166522121429443359e+01
4.842832565307617188e+00 1.162547111511230469e+01
4.847403526306152344e+00 1.168237304687500000e+01
4.825284481048583984e+00 1.152922439575195312e+01
4.854413509368896484e+00 1.153420543670654297e+01
4.889629364013671875e+00 1.143923950195312500e+01
4.866651058197021484e+00 1.147064685821533203e+01
4.911580562591552734e+00 1.139083766937255859e+01
4.940346240997314453e+00 1.132987785339355469e+01
5.820244312286376953e+00 1.085764408111572266e+01
4.962030410766601562e+00 1.132619094848632812e+01
4.998314857482910156e+00 1.124811077117919922e+01
5.029292106628417969e+00 1.125196361541748047e+01
5.171960830688476562e+00 1.115214538574218750e+01
5.264120578765869141e+00 1.111172199249267578e+01
5.632272243499755859e+00 1.084788608551025391e+01
5.648580074310302734e+00 1.083862400054931641e+01
5.716738224029541016e+00 1.084267902374267578e+01
5.696001052856445312e+00 1.073834800720214844e+01
5.760796070098876953e+00 1.073774719238281250e+01
5.900495529174804688e+00 1.081469058990478516e+01
5.795605182647705078e+00 1.072533512115478516e+01
5.828688621520996094e+00 1.075659656524658203e+01
5.931706428527832031e+00 1.078984069824218750e+01
5.930489540100097656e+00 1.086282825469970703e+01
1.339121246337890625e+01 -1.078147029876708984e+01
1.338926219940185547e+01 -1.072834682464599609e+01
1.268388366699218750e+01 -1.071730136871337891e+01
1.265329933166503906e+01 -1.075016403198242188e+01
1.262669086456298828e+01 -1.069821166992187500e+01
1.259556770324707031e+01 -1.065502643585205078e+01
1.250799369812011719e+01 -1.058053302764892578e+01
1.252656364440917969e+01 -1.054275417327880859e+01
1.258709621429443359e+01 -1.051575565338134766e+01
1.253432846069335938e+01 -1.051291942596435547e+01
1.263359355926513672e+01 -1.041102790832519531e+01
1.262272644042968750e+01 -1.040567016601562500e+01
1.332299804687500000e+01 -1.079945564270019531e+01
1.277068138122558594e+01 -1.027907085418701172e+01
1.269154071807861328e+01 -1.030335903167724609e+01
1.282693767547607422e+01 -1.024964809417724609e+01
1.274686717987060547e+01 -1.025919914245605469e+01
1.275888919830322266e+01 -1.026582717895507812e+01
1.263322257995605469e+01 -1.024051380157470703e+01
1.243340873718261719e+01 -1.013516235351562500e+01
1.231267642974853516e+01 -1.010471534729003906e+01
1.223683643341064453e+01 -1.011551570892333984e+01
1.208952331542968750e+01 -1.010516929626464844e+01
1.326101779937744141e+01 -1.086230278015136719e+01
1.205847644805908203e+01 -1.009067726135253906e+01
1.191839122772216797e+01 -1.015711879730224609e+01
1.188908386230468750e+01 -1.019630241394042969e+01
1.182942199707031250e+01 -1.020642852783203125e+01
1.181671428680419922e+01 -1.024715995788574219e+01
1.176838111877441406e+01 -1.028170871734619141e+01
1.178651142120361328e+01 -1.030687427520751953e+01
1.178824806213378906e+01 -1.029978561401367188e+01
1.180867862701416016e+01 -1.034844207763671875e+01
1.182243442535400391e+01 -1.038923835754394531e+01
1.323294067382812500e+01 -1.080901813507080078e+01
1.186475467681884766e+01 -1.042558288574218750e+01
1.192958068847656250e+01 -1.048572158813476562e+01
1.198949050903320312e+01 -1.049962425231933594e+01
1.201652622222900391e+01 -1.051481723785400391e+01
1.214193248748779297e+01 -1.051957702636718750e+01
1.224686527252197266e+01 -1.054402542114257812e+01
1.231525230407714844e+01 -1.054982376098632812e+01
1.236469745635986328e+01 -1.056208992004394531e+01
1.241840076446533203e+01 -1.056166744232177734e+01
1.249233341217041016e+01 -1.052440071105957031e+01
1.316726493835449219e+01 -1.085713672637939453e+01
1.248564624786376953e+01 -1.050462627410888672e+01
1.251585769653320312e+01 -1.046403789520263672e+01
1.252103519439697266e+01 -1.040373992919921875e+01
1.261515426635742188e+01 -1.041760349273681641e+01
1.257211685180664062e+01 -1.034993839263916016e+01
1.258259963989257812e+01 -1.028362655639648438e+01
1.265441226959228516e+01 -1.029494476318359375e+01
1.260270404815673828e+01 -1.029309749603271484e+01
1.262526130676269531e+01 -1.025085067749023438e+01
1.262117099761962891e+01 -1.021591091156005859e+01
1.299942016601562500e+01 -1.090122699737548828e+01
1.277412700653076172e+01 -1.029094409942626953e+01
1.281339073181152344e+01 -1.028341007232666016e+01
1.292496204376220703e+01 -1.031800842285156250e+01
1.304918861389160156e+01 -1.038160896301269531e+01
1.315719127655029297e+01 -1.046020317077636719e+01
1.327699279785156250e+01 -1.056941127777099609e+01
1.329621505737304688e+01 -1.058305835723876953e+01
1.332241725921630859e+01 -1.063410282135009766e+01
1.335477066040039062e+01 -1.065217018127441406e+01
1.337173652648925781e+01 -1.071718692779541016e+01
1.297946357727050781e+01 -1.089181709289550781e+01
1.337789916992187500e+01 -1.072374629974365234e+01
1.340753841400146484e+01 -1.070955276489257812e+01
1.288792610168457031e+01 -1.086406993865966797e+01
1.281174278259277344e+01 -1.083590316772460938e+01
1.982512664794921875e+01 1.005363464355468750e+01
1.995206260681152344e+01 1.008657550811767578e+01
1.996339035034179688e+01 9.090764045715332031e+00
1.983171653747558594e+01 9.145189285278320312e+00
1.970531082153320312e+01 9.206667900085449219e+00
1.965063285827636719e+01 9.317965507507324219e+00
1.960656738281250000e+01 9.586268424987792969e+00
1.963729858398437500e+01 9.857016563415527344e+00
1.970809173583984375e+01 9.971608161926269531e+00
1.977112770080566406e+01 1.006546878814697266e+01
1.983432579040527344e+01 1.008618927001953125e+01
2.006715965270996094e+01 1.000338935852050781e+01
2.017381286621093750e+01 1.001976299285888672e+01
2.025298881530761719e+01 9.928339004516601562e+00
2.042801094055175781e+01 9.690972328186035156e+00
2.046383666992187500e+01 9.444579124450683594e+00
2.044597434997558594e+01 9.273983955383300781e+00
2.033125305175781250e+01 9.093378067016601562e+00
2.030075073242187500e+01 9.063761711120605469e+00
2.021453475952148438e+01 9.019368171691894531e+00
2.021888732910156250e+01 9.021126747131347656e+00
2.015898323059082031e+01 8.988889694213867188e+00
2.001292800903320312e+01 9.071612358093261719e+00
2.034640121459960938e+01 9.807466506958007812e+00
1.977878952026367188e+01 9.175209999084472656e+00
1.969029808044433594e+01 9.290554046630859375e+00
1.958218383789062500e+01 9.586477279663085938e+00
1.961064338684082031e+01 9.778990745544433594e+00
1.964527320861816406e+01 9.925513267517089844e+00
1.972006988525390625e+01 1.002285003662109375e+01
1.980044555664062500e+01 1.006578445434570312e+01
1.994985771179199219e+01 1.004691028594970703e+01
2.018375587463378906e+01 9.976223945617675781e+00
2.034305572509765625e+01 9.815783500671386719e+00
2.043887138366699219e+01 9.507491111755371094e+00
2.043159866333007812e+01 9.499992370605468750e+00
2.044641876220703125e+01 9.397047042846679688e+00
2.041109848022460938e+01 9.259943008422851562e+00
2.031443977355957031e+01 9.137088775634765625e+00
2.024912071228027344e+01 9.086687088012695312e+00
2.012880325317382812e+01 9.012057304382324219e+00
2.010602760314941406e+01 9.035440444946289062e+00
1.994679832458496094e+01 9.040887832641601562e+00
1.976559829711914062e+01 9.170012474060058594e+00
1.968191337585449219e+01 9.271985054016113281e+00
2.034273147583007812e+01 9.323663711547851562e+00
1.962378311157226562e+01 9.505684852600097656e+00
1.960041046142578125e+01 9.743187904357910156e+00
1.961933708190917969e+01 9.849740982055664062e+00
1.965892028808593750e+01 9.957552909851074219e+00
1.975382232666015625e+01 1.004659271240234375e+01
1.987026023864746094e+01 1.007257938385009766e+01
2.018559074401855469e+01 9.973168373107910156e+00
2.037678909301757812e+01 9.783818244934082031e+00
2.044831085205078125e+01 9.529735565185546875e+00
2.044128990173339844e+01 9.340962409973144531e+00
2.039263343811035156e+01 9.231801986694335938e+00
2.044196128845214844e+01 9.288954734802246094e+00
2.028578948974609375e+01 9.123152732849121094e+00
2.024323654174804688e+01 9.072413444519042969e+00
2.015708732604980469e+01 9.040833473205566406e+00
2.010342979431152344e+01 9.059247970581054688e+00
1.996788978576660156e+01 9.101560592651367188e+00
1.973781013488769531e+01 9.220422744750976562e+00
1.968629837036132812e+01 9.295532226562500000e+00
1.962242698669433594e+01 9.514707565307617188e+00
1.960797309875488281e+01 9.758482933044433594e+00
2.028796577453613281e+01 9.134714126586914062e+00
1.972238540649414062e+01 9.991555213928222656e+00
1.974754524230957031e+01 1.001787567138671875e+01
2.015104866027832031e+01 9.057888984680175781e+00
2.006077384948730469e+01 9.075069427490234375e+00
1.588853168487548828e+01 2.612292289733886719e+00
1.588840866088867188e+01 2.628232002258300781e+00
1.597442531585693359e+01 3.001543998718261719e+00
1.596456146240234375e+01 2.984299659729003906e+00
1.592742347717285156e+01 3.043031692504882812e+00
1.597700595855712891e+01 3.112256526947021484e+00
1.598053646087646484e+01 3.300426483154296875e+00
1.599317169189453125e+01 3.319888353347778320e+00
1.598776340484619141e+01 3.369151353836059570e+00
1.594732761383056641e+01 3.463454008102416992e+00
1.597260379791259766e+01 3.450989484786987305e+00
1.596489048004150391e+01 3.460136890411376953e+00
1.586285972595214844e+01 2.574416637420654297e+00
1.590124511718750000e+01 3.555595636367797852e+00
1.586255455017089844e+01 3.622591972351074219e+00
1.582495689392089844e+01 3.682592153549194336e+00
1.571026039123535156e+01 3.850139379501342773e+00
1.570059871673583984e+01 3.853664636611938477e+00
1.557323455810546875e+01 4.003998756408691406e+00
1.554795551300048828e+01 4.029597282409667969e+00
1.555459213256835938e+01 4.020360946655273438e+00
1.551896381378173828e+01 4.045030593872070312e+00
1.545484256744384766e+01 4.086413383483886719e+00
1.588035106658935547e+01 2.642692089080810547e+00
1.537496662139892578e+01 4.123521327972412109e+00
1.539364528656005859e+01 4.115569591522216797e+00
1.529216384887695312e+01 4.122316360473632812e+00
1.512161254882812500e+01 4.141957283020019531e+00
1.497397327423095703e+01 4.167649745941162109e+00
1.498830795288085938e+01 4.124331951141357422e+00
1.498512268066406250e+01 4.111334323883056641e+00
1.499974155426025391e+01 4.136125087738037109e+00
1.497658729553222656e+01 4.132557868957519531e+00
1.492915916442871094e+01 4.094799041748046875e+00
1.593257617950439453e+01 2.709603786468505859e+00
1.480252361297607422e+01 3.950071334838867188e+00
1.475300025939941406e+01 3.837528228759765625e+00
1.475540256500244141e+01 3.816259384155273438e+00
1.478822422027587891e+01 3.770689725875854492e+00
1.473354530334472656e+01 3.719259738922119141e+00
1.473641204833984375e+01 3.701735258102416992e+00
1.472668170928955078e+01 3.640119552612304688e+00
1.473317241668701172e+01 3.631674051284790039e+00
1.474853324890136719e+01 3.560004472732543945e+00
1.474564170837402344e+01 3.526315927505493164e+00
1.593331050872802734e+01 2.706296920776367188e+00
1.477594280242919922e+01 3.444210290908813477e+00
1.479909324645996094e+01 3.400728225708007812e+00
1.486328506469726562e+01 3.271429061889648438e+00
1.485732936859130859e+01 3.266549587249755859e+00
1.484543037414550781e+01 3.279430150985717773e+00
1.491180324554443359e+01 3.153239011764526367e+00
1.495520687103271484e+01 3.079625129699707031e+00
1.515034580230712891e+01 2.720503807067871094e+00
1.514660263061523438e+01 2.701708078384399414e+00
1.521079254150390625e+01 2.635667085647583008e+00
1.592535114288330078e+01 2.728695869445800781e+00
1.533693027496337891e+01 2.461353540420532227e+00
1.527509212493896484e+01 2.555455684661865234e+00
1.531253337860107422e+01 2.457766771316528320e+00
1.535030746459960938e+01 2.435401201248168945e+00
1.544489479064941406e+01 2.333649635314941406e+00
1.541648483276367188e+01 2.405628442764282227e+00
1.553578376770019531e+01 2.219852447509765625e+00
1.545213222503662109e+01 2.378550529479980469e+00
1.548472595214843750e+01 2.282732486724853516e+00
1.548611354827880859e+01 2.306865692138671875e+00
1.593482589721679688e+01 2.713136672973632812e+00
1.552179431915283203e+01 2.309235572814941406e+00
1.582055473327636719e+01 2.576123476028442383e+00
1.596007442474365234e+01 2.822712421417236328e+00
1.595540142059326172e+01 2.856775999069213867e+00
1.440272617340087891e+01 2.238623046875000000e+01
1.434896755218505859e+01 2.255576515197753906e+01
1.436501884460449219e+01 2.272175025939941406e+01
1.448923110961914062e+01 2.264318084716796875e+01
1.460603046417236328e+01 2.260495567321777344e+01
1.458257961273193359e+01 2.252182388305664062e+01
1.456110000610351562e+01 2.253022003173828125e+01
1.460743045806884766e+01 2.251331329345703125e+01
1.451435089111328125e+01 2.257841682434082031e+01
1.460433864593505859e+01 2.253985977172851562e+01
1.468379974365234375e+01 2.236398315429687500e+01
1.464444828033447266e+01 2.243314361572265625e+01
1.428435802459716797e+01 2.264157104492187500e+01
1.469797611236572266e+01 2.234978294372558594e+01
1.464366149902343750e+01 2.245937728881835938e+01
1.468445014953613281e+01 2.239479446411132812e+01
1.467615413665771484e+01 2.235703468322753906e+01
1.470667743682861328e+01 2.235468864440917969e+01
1.468389606475830078e+01 2.232636451721191406e+01
1.475072956085205078e+01 2.215226364135742188e+01
1.471225547790527344e+01 2.215519142150878906e+01
1.474627494812011719e+01 2.208639144897460938e+01
1.479101371765136719e+01 2.200130844116210938e+01
1.428043079376220703e+01 2.270169830322265625e+01
1.479824256896972656e+01 2.195200729370117188e+01
1.480826759338378906e+01 2.194679832458496094e+01
1.480513763427734375e+01 2.197216796875000000e+01
1.488568878173828125e+01 2.130579185485839844e+01
1.481433391571044922e+01 2.166830635070800781e+01
1.486438560485839844e+01 2.152328491210937500e+01
1.486982059478759766e+01 2.115381240844726562e+01
1.484044742584228516e+01 2.146941566467285156e+01
1.485691547393798828e+01 2.117407608032226562e+01
1.487188339233398438e+01 2.107327651977539062e+01
1.425437068939208984e+01 2.273723411560058594e+01
1.486545944213867188e+01 2.105932998657226562e+01
1.482552528381347656e+01 2.107734489440917969e+01
1.480722522735595703e+01 2.109645271301269531e+01
1.475268173217773438e+01 2.107823562622070312e+01
1.482761096954345703e+01 2.105700111389160156e+01
1.472947597503662109e+01 2.112353515625000000e+01
1.477402305603027344e+01 2.105499267578125000e+01
1.464874458312988281e+01 2.115675163269042969e+01
1.472177028656005859e+01 2.109330177307128906e+01
1.470071792602539062e+01 2.111786270141601562e+01
1.425854969024658203e+01 2.276164627075195312e+01
1.468008232116699219e+01 2.113040351867675781e+01
1.452464580535888672e+01 2.126178932189941406e+01
1.458500862121582031e+01 2.117834663391113281e+01
1.451201820373535156e+01 2.131163978576660156e+01
1.452371692657470703e+01 2.128436088562011719e+01
1.448014831542968750e+01 2.138537979125976562e+01
1.441977500915527344e+01 2.138629531860351562e+01
1.445430278778076172e+01 2.145191383361816406e+01
1.442421150207519531e+01 2.147326278686523438e+01
1.442802429199218750e+01 2.166276550292968750e+01
1.431369590759277344e+01 2.270399665832519531e+01
1.443823432922363281e+01 2.170969581604003906e+01
1.443216896057128906e+01 2.173005676269531250e+01
1.447302722930908203e+01 2.187223815917968750e+01
1.445764064788818359e+01 2.185184860229492188e+01
1.449204254150390625e+01 2.201627349853515625e+01
1.448462486267089844e+01 2.207061004638671875e+01
1.450370597839355469e+01 2.206663513183593750e+01
1.450947570800781250e+01 2.216673278808593750e+01
1.448585128784179688e+01 2.217376327514648438e+01
1.450322818756103516e+01 2.222098731994628906e+01
1.429015731811523438e+01 2.268256759643554688e+01
1.443282508850097656e+01 2.229775428771972656e+01
1.442799186706542969e+01 2.232161331176757812e+01
1.433609294891357422e+01 2.272618484497070312e+01
1.439197444915771484e+01 2.269545364379882812e+01
1.144694089889526367e+00 1.882572555541992188e+01
1.163033008575439453e+00 1.881506919860839844e+01
7.799605727195739746e-01 1.857356452941894531e+01
6.396657824516296387e-01 1.843955612182617188e+01
7.050943374633789062e-01 1.850745391845703125e+01
6.828582882881164551e-01 1.842883110046386719e+01
6.599733829498291016e-01 1.846189880371093750e+01
6.404936909675598145e-01 1.843907737731933594e+01
6.760625839233398438e-01 1.846898651123046875e+01
5.989644527435302734e-01 1.816492652893066406e+01
5.980637073516845703e-01 1.835196304321289062e+01
5.706558227539062500e-01 1.828003883361816406e+01
1.189805865287780762e+00 1.880590820312500000e+01
5.672796964645385742e-01 1.831713294982910156e+01
5.872456431388854980e-01 1.813511657714843750e+01
6.209491491317749023e-01 1.796454429626464844e+01
6.275660395622253418e-01 1.789167976379394531e+01
6.405314803123474121e-01 1.791405296325683594e+01
6.277967095375061035e-01 1.789179992675781250e+01
6.493911743164062500e-01 1.788773727416992188e+01
7.033815979957580566e-01 1.783479118347167969e+01
7.458397746086120605e-01 1.780938720703125000e+01
9.666027426719665527e-01 1.760797119140625000e+01
1.149641156196594238e+00 1.881633186340332031e+01
7.915120720863342285e-01 1.777612495422363281e+01
1.042989492416381836e+00 1.754214859008789062e+01
1.048822999000549316e+00 1.755448913574218750e+01
1.067429780960083008e+00 1.745191955566406250e+01
1.204350233078002930e+00 1.740688896179199219e+01
1.203539848327636719e+00 1.743606567382812500e+01
1.239782571792602539e+00 1.740019226074218750e+01
1.302149176597595215e+00 1.750914001464843750e+01
1.257670879364013672e+00 1.740106964111328125e+01
1.243250727653503418e+00 1.744625663757324219e+01
1.137403130531311035e+00 1.878311157226562500e+01
1.376302719116210938e+00 1.754347419738769531e+01
1.330102682113647461e+00 1.749194908142089844e+01
1.305880546569824219e+00 1.746624946594238281e+01
1.374450087547302246e+00 1.748871612548828125e+01
1.482488751411437988e+00 1.764928817749023438e+01
1.493382096290588379e+00 1.771502494812011719e+01
1.377445101737976074e+00 1.753261756896972656e+01
1.503339171409606934e+00 1.773145484924316406e+01
1.483675718307495117e+00 1.772462844848632812e+01
1.441668987274169922e+00 1.766033363342285156e+01
1.070573925971984863e+00 1.874151229858398438e+01
1.498817086219787598e+00 1.774752616882324219e+01
1.516607165336608887e+00 1.772353935241699219e+01
1.543537616729736328e+00 1.779089164733886719e+01
1.600153923034667969e+00 1.783366394042968750e+01
1.599378108978271484e+00 1.789947319030761719e+01
1.568715810775756836e+00 1.787941169738769531e+01
1.581639409065246582e+00 1.789943885803222656e+01
1.584117054939270020e+00 1.793320083618164062e+01
1.548454284667968750e+00 1.786349868774414062e+01
1.565254211425781250e+00 1.806854438781738281e+01
1.062465071678161621e+00 1.873246383666992188e+01
1.569925069808959961e+00 1.814760398864746094e+01
1.617220401763916016e+00 1.825592613220214844e+01
1.551426768302917480e+00 1.833398437500000000e+01
1.533445954322814941e+00 1.836845588684082031e+01
1.517755627632141113e+00 1.837353134155273438e+01
1.499086976051330566e+00 1.839065742492675781e+01
1.356089234352111816e+00 1.861858558654785156e+01
1.239895105361938477e+00 1.874587059020996094e+01
1.363668918609619141e+00 1.865725708007812500e+01
1.274847269058227539e+00 1.870575904846191406e+01
1.031896233558654785e+00 1.872921562194824219e+01
1.243105769157409668e+00 1.876508140563964844e+01
1.139218091964721680e+00 1.884405708312988281e+01
8.686697483062744141e-01 1.862510681152343750e+01
8.314235210418701172e-01 1.859851074218750000e+01
2.452678108215332031e+01 6.142245531082153320e-01
2.451727104187011719e+01 6.636064052581787109e-01
2.468506813049316406e+01 1.300294756889343262e+00
2.473350906372070312e+01 1.362724900245666504e+00
2.481453895568847656e+01 1.486884951591491699e+00
2.479656791687011719e+01 1.491957902908325195e+00
2.481542587280273438e+01 1.582800626754760742e+00
2.476694869995117188e+01 1.666890740394592285e+00
2.470345687866210938e+01 1.718643069267272949e+00
2.471338272094726562e+01 1.728777289390563965e+00
2.467939567565917969e+01 1.747952222824096680e+00
2.465818405151367188e+01 1.752696990966796875e+00
2.451541709899902344e+01 6.645012497901916504e-01
2.472962951660156250e+01 1.767095923423767090e+00
2.470569610595703125e+01 1.766498923301696777e+00
2.466756057739257812e+01 1.788958787918090820e+00
2.459228134155273438e+01 1.826679468154907227e+00
2.447130203247070312e+01 1.821182131767272949e+00
2.434737205505371094e+01 1.865244269371032715e+00
2.424749946594238281e+01 1.928702592849731445e+00
2.413850402832031250e+01 2.007490634918212891e+00
2.410787582397460938e+01 2.048153638839721680e+00
2.403771781921386719e+01 2.114104986190795898e+00
2.447239685058593750e+01 6.290628314018249512e-01
2.398603057861328125e+01 2.169029474258422852e+00
2.397761917114257812e+01 2.175151586532592773e+00
2.394296836853027344e+01 2.214920759201049805e+00
2.391861534118652344e+01 2.238845586776733398e+00
2.392725944519042969e+01 2.233102560043334961e+00
2.389386177062988281e+01 2.260830402374267578e+00
2.391565704345703125e+01 2.239205121994018555e+00
2.394518661499023438e+01 2.206030368804931641e+00
2.397388648986816406e+01 2.181602478027343750e+00
2.401653289794921875e+01 2.137376785278320312e+00
2.448929977416992188e+01 7.188822031021118164e-01
2.402720642089843750e+01 2.119986295700073242e+00
2.406547546386718750e+01 2.067024230957031250e+00
2.417170906066894531e+01 1.985669612884521484e+00
2.421168518066406250e+01 1.911497831344604492e+00
2.440565299987792969e+01 1.822720527648925781e+00
2.459373283386230469e+01 1.641681551933288574e+00
2.460899734497070312e+01 1.680038928985595703e+00
2.455785179138183594e+01 1.711490988731384277e+00
2.463881683349609375e+01 1.691957116127014160e+00
2.453078651428222656e+01 1.658288955688476562e+00
2.451591491699218750e+01 6.879208087921142578e-01
2.460777282714843750e+01 1.677428960800170898e+00
2.461588478088378906e+01 1.475471377372741699e+00
2.465188598632812500e+01 1.408108234405517578e+00
2.464194869995117188e+01 1.391899704933166504e+00
2.461792182922363281e+01 1.412457704544067383e+00
2.462338829040527344e+01 1.376615405082702637e+00
2.460591316223144531e+01 1.307234883308410645e+00
2.469136428833007812e+01 1.320062756538391113e+00
2.466595458984375000e+01 1.340616941452026367e+00
2.462668800354003906e+01 1.353146791458129883e+00
2.451132965087890625e+01 8.929100036621093750e-01
2.465062713623046875e+01 1.346102714538574219e+00
2.459045600891113281e+01 1.433746814727783203e+00
2.447852516174316406e+01 1.176175355911254883e+00
2.448690986633300781e+01 1.094290494918823242e+00
2.450163459777832031e+01 1.016552686691284180e+00
2.445695304870605469e+01 8.147329688072204590e-01
2.445726585388183594e+01 8.478947877883911133e-01
2.450675010681152344e+01 7.311190962791442871e-01
2.450301361083984375e+01 6.853603720664978027e-01
2.450940513610839844e+01 6.696934700012207031e-01
2.452608108520507812e+01 9.787917137145996094e-01
2.450651168823242188e+01 6.470105648040771484e-01
2.451247596740722656e+01 6.697974205017089844e-01
2.453880119323730469e+01 1.048796892166137695e+00
2.456854820251464844e+01 1.080130934715270996e+00
1.740244865417480469e+01 -2.269071578979492188e+00
1.710487174987792969e+01 -2.264953851699829102e+00
1.580513858795166016e+01 -9.348151683807373047e-01
1.562489223480224609e+01 -6.183845400810241699e-01
1.545965862274169922e+01 -3.723319768905639648e-01
1.514632034301757812e+01 9.704663604497909546e-02
1.484331512451171875e+01 5.350658893585205078e-01
1.472442531585693359e+01 8.306331038475036621e-01
1.503001403808593750e+01 1.355993509292602539e+00
1.547345638275146484e+01 1.666338443756103516e+00
1.574209499359130859e+01 1.564284801483154297e+00
1.595224571228027344e+01 1.071362018585205078e+00
1.696525192260742188e+01 -2.212239980697631836e+00
1.630218315124511719e+01 5.745871067047119141e-01
1.656528663635253906e+01 3.179131150245666504e-01
1.683734512329101562e+01 1.653714329004287720e-01
1.705708122253417969e+01 2.307755127549171448e-02
1.725510215759277344e+01 -1.074110940098762512e-01
1.755458068847656250e+01 -3.623179793357849121e-01
1.771901321411132812e+01 -5.283224582672119141e-01
1.781526565551757812e+01 -6.904370188713073730e-01
1.793483924865722656e+01 -8.551347851753234863e-01
1.802531433105468750e+01 -1.186790108680725098e+00
1.682773780822753906e+01 -2.138185739517211914e+00
1.800487518310546875e+01 -1.249239802360534668e+00
1.802284240722656250e+01 -1.446194648742675781e+00
1.793054199218750000e+01 -1.674894928932189941e+00
1.785613250732421875e+01 -1.904597282409667969e+00
1.770990753173828125e+01 -2.044425725936889648e+00
1.755749893188476562e+01 -2.167515039443969727e+00
1.751472854614257812e+01 -2.210447311401367188e+00
1.723718261718750000e+01 -2.324701309204101562e+00
1.719399261474609375e+01 -2.263420343399047852e+00
1.685268020629882812e+01 -2.137636661529541016e+00
1.674358367919921875e+01 -2.053346395492553711e+00
1.678216171264648438e+01 -2.118287801742553711e+00
1.655070877075195312e+01 -1.840087175369262695e+00
1.634228897094726562e+01 -1.651994347572326660e+00
1.616149520874023438e+01 -1.444190740585327148e+00
1.602033615112304688e+01 -1.248638272285461426e+00
1.594281387329101562e+01 -1.103661298751831055e+00
1.567976379394531250e+01 -7.413624525070190430e-01
1.553324413299560547e+01 -4.907962381839752197e-01
1.533973884582519531e+01 -2.074268758296966553e-01
1.506131076812744141e+01 2.564022243022918701e-01
1.650186729431152344e+01 -1.837806582450866699e+00
1.491478538513183594e+01 6.346126794815063477e-01
1.481266784667968750e+01 9.456267952919006348e-01
1.523694705963134766e+01 1.531509399414062500e+00
1.558875560760498047e+01 1.707948446273803711e+00
1.569910812377929688e+01 1.641595602035522461e+00
1.588913536071777344e+01 1.205272912979125977e+00
1.610850334167480469e+01 7.894326448440551758e-01
1.659341049194335938e+01 3.526656627655029297e-01
1.678746604919433594e+01 2.057712823152542114e-01
1.710803413391113281e+01 -8.753932081162929535e-03
1.637224006652832031e+01 -1.727075099945068359e+00
1.726559638977050781e+01 -1.245685070753097534e-01
1.752795600891113281e+01 -3.295809626579284668e-01
1.766290092468261719e+01 -4.718497693538665771e-01
1.784483909606933594e+01 -7.137387394905090332e-01
1.799943161010742188e+01 -9.774199724197387695e-01
1.802455139160156250e+01 -1.149042129516601562e+00
1.797321891784667969e+01 -1.321796417236328125e+00
1.799156951904296875e+01 -1.494627833366394043e+00
1.789652061462402344e+01 -1.795332074165344238e+00
1.775640106201171875e+01 -1.988396167755126953e+00
1.615731048583984375e+01 -1.447375416755676270e+00
1.762412261962890625e+01 -2.097828865051269531e+00
1.751239395141601562e+01 -2.197063922882080078e+00
1.608666419982910156e+01 -1.348370790481567383e+00
1.599806404113769531e+01 -1.230862379074096680e+00
1.343633651733398438e+01 1.265361595153808594e+01
1.339154338836669922e+01 1.270158195495605469e+01
1.386073017120361328e+01 1.258423900604248047e+01
1.390410137176513672e+01 1.255865478515625000e+01
1.393821144104003906e+01 1.250798034667968750e+01
1.410913944244384766e+01 1.253535366058349609e+01
1.423676586151123047e+01 1.248434638977050781e+01
1.427625751495361328e+01 1.247551918029785156e+01
1.433206939697265625e+01 1.245970535278320312e+01
1.443674373626708984e+01 1.246293163299560547e+01
1.454685497283935547e+01 1.249020957946777344e+01
1.460730934143066406e+01 1.246957492828369141e+01
1.342042827606201172e+01 1.267268657684326172e+01
1.470638084411621094e+01 1.250385761260986328e+01
1.476894569396972656e+01 1.253266811370849609e+01
1.482886409759521484e+01 1.257371520996093750e+01
1.488820075988769531e+01 1.257877159118652344e+01
1.494904708862304688e+01 1.261424732208251953e+01
1.500460624694824219e+01 1.263005733489990234e+01
1.505815792083740234e+01 1.266717910766601562e+01
1.508663749694824219e+01 1.262867450714111328e+01
1.521465492248535156e+01 1.275488376617431641e+01
1.521146106719970703e+01 1.274367904663085938e+01
1.348118209838867188e+01 1.264782142639160156e+01
1.527911472320556641e+01 1.277787494659423828e+01
1.537185287475585938e+01 1.283926868438720703e+01
1.541460037231445312e+01 1.289974117279052734e+01
1.541210174560546875e+01 1.289537239074707031e+01
1.552457427978515625e+01 1.292297172546386719e+01
1.544861984252929688e+01 1.294755554199218750e+01
1.549679946899414062e+01 1.294903087615966797e+01
1.543195533752441406e+01 1.295439243316650391e+01
1.547759151458740234e+01 1.296897983551025391e+01
1.549011039733886719e+01 1.298720932006835938e+01
1.348241901397705078e+01 1.264179992675781250e+01
1.544828605651855469e+01 1.298921012878417969e+01
1.540578937530517578e+01 1.296919441223144531e+01
1.534071254730224609e+01 1.299372577667236328e+01
1.530648326873779297e+01 1.297504997253417969e+01
1.515567874908447266e+01 1.300664710998535156e+01
1.495730113983154297e+01 1.298562431335449219e+01
1.496472263336181641e+01 1.296157646179199219e+01
1.487801456451416016e+01 1.296223545074462891e+01
1.482772636413574219e+01 1.297052383422851562e+01
1.474841022491455078e+01 1.294602775573730469e+01
1.353049755096435547e+01 1.262820243835449219e+01
1.463879489898681641e+01 1.292635345458984375e+01
1.462684154510498047e+01 1.294302082061767578e+01
1.448317337036132812e+01 1.290199851989746094e+01
1.441454410552978516e+01 1.290284919738769531e+01
1.435477161407470703e+01 1.288366222381591797e+01
1.425438213348388672e+01 1.287278175354003906e+01
1.418243885040283203e+01 1.286838150024414062e+01
1.412248897552490234e+01 1.291966342926025391e+01
1.403307914733886719e+01 1.285475921630859375e+01
1.397357463836669922e+01 1.284226608276367188e+01
1.369414806365966797e+01 1.260923385620117188e+01
1.393262672424316406e+01 1.284074115753173828e+01
1.388766956329345703e+01 1.285689640045166016e+01
1.376467800140380859e+01 1.282580089569091797e+01
1.352836418151855469e+01 1.281435775756835938e+01
1.335218334197998047e+01 1.279393386840820312e+01
1.334749794006347656e+01 1.276452922821044922e+01
1.331035995483398438e+01 1.277380084991455078e+01
1.332519721984863281e+01 1.273101520538330078e+01
1.330442523956298828e+01 1.277132129669189453e+01
1.334114551544189453e+01 1.274611186981201172e+01
1.373681926727294922e+01 1.262767887115478516e+01
1.333443069458007812e+01 1.275334548950195312e+01
1.335659313201904297e+01 1.272671031951904297e+01
1.382666778564453125e+01 1.257594013214111328e+01
1.381103038787841797e+01 1.260608959197998047e+01
-9.460909843444824219e+00 6.040424346923828125e+00
-9.422389984130859375e+00 6.029520988464355469e+00
-8.927071571350097656e+00 6.078783035278320312e+00
-8.984367370605468750e+00 6.084726810455322266e+00
-8.970396041870117188e+00 6.054575443267822266e+00
-8.878682136535644531e+00 6.003512859344482422e+00
-8.766620635986328125e+00 5.912878036499023438e+00
-8.785563468933105469e+00 5.956568241119384766e+00
-8.790146827697753906e+00 5.968777656555175781e+00
-8.719814300537109375e+00 5.852965831756591797e+00
-8.695672035217285156e+00 5.805996417999267578e+00
-8.670759201049804688e+00 5.765311241149902344e+00
-9.335307121276855469e+00 6.087850570678710938e+00
-8.628602027893066406e+00 5.667828559875488281e+00
-8.613500595092773438e+00 5.675839424133300781e+00
-8.651553153991699219e+00 5.620400905609130859e+00
-8.667532920837402344e+00 5.638407707214355469e+00
-8.629635810852050781e+00 5.534883499145507812e+00
-8.671212196350097656e+00 5.464809894561767578e+00
-8.660372734069824219e+00 5.438598155975341797e+00
-8.688594818115234375e+00 5.350708484649658203e+00
-8.735890388488769531e+00 5.209506988525390625e+00
-8.795858383178710938e+00 5.128901958465576172e+00
-9.342087745666503906e+00 6.088249683380126953e+00
-8.840190887451171875e+00 5.046644210815429688e+00
-8.814497947692871094e+00 5.076223850250244141e+00
-8.896319389343261719e+00 4.987809181213378906e+00
-8.982700347900390625e+00 4.875509738922119141e+00
-8.904607772827148438e+00 4.941715240478515625e+00
-9.002905845642089844e+00 4.880110263824462891e+00
-9.042593002319335938e+00 4.833460330963134766e+00
-9.127587318420410156e+00 4.809278964996337891e+00
-9.120542526245117188e+00 4.802441120147705078e+00
-9.145098686218261719e+00 4.800245761871337891e+00
-9.283726692199707031e+00 6.085972309112548828e+00
-9.136238098144531250e+00 4.816269397735595703e+00
-9.164155006408691406e+00 4.827836990356445312e+00
-9.156951904296875000e+00 4.817465305328369141e+00
-9.227411270141601562e+00 4.871642112731933594e+00
-9.238819122314453125e+00 4.904608726501464844e+00
-9.243231773376464844e+00 4.874379158020019531e+00
-9.285607337951660156e+00 4.912451267242431641e+00
-9.364658355712890625e+00 4.976984500885009766e+00
-9.398779869079589844e+00 4.999219417572021484e+00
-9.394398689270019531e+00 4.975142478942871094e+00
-9.244013786315917969e+00 6.100067615509033203e+00
-9.471530914306640625e+00 5.070960044860839844e+00
-9.559260368347167969e+00 5.202123641967773438e+00
-9.588170051574707031e+00 5.231340885162353516e+00
-9.614084243774414062e+00 5.261966705322265625e+00
-9.581933021545410156e+00 5.234276771545410156e+00
-9.623041152954101562e+00 5.330281734466552734e+00
-9.639779090881347656e+00 5.357932567596435547e+00
-9.671155929565429688e+00 5.419595241546630859e+00
-9.673569679260253906e+00 5.454988956451416016e+00
-9.713039398193359375e+00 5.473557472229003906e+00
-9.061741828918457031e+00 6.098867416381835938e+00
-9.675569534301757812e+00 5.554688453674316406e+00
-9.668476104736328125e+00 5.519711017608642578e+00
-9.659130096435546875e+00 5.639860630035400391e+00
-9.647874832153320312e+00 5.716969490051269531e+00
-9.645161628723144531e+00 5.743627071380615234e+00
-9.621370315551757812e+00 5.796208381652832031e+00
-9.603093147277832031e+00 5.820138454437255859e+00
-9.621409416198730469e+00 5.812828540802001953e+00
-9.532332420349121094e+00 5.944976806640625000e+00
-9.502890586853027344e+00 5.967781066894531250e+00
-9.032786369323730469e+00 6.105640411376953125e+00
-9.487787246704101562e+00 5.959154129028320312e+00
-9.480502128601074219e+00 5.980352878570556641e+00
-9.010784149169921875e+00 6.113623619079589844e+00
-8.938310623168945312e+00 6.059702396392822266e+00
9.314895629882812500e+00 1.021410703659057617e+00
9.321519851684570312e+00 1.028589367866516113e+00
9.523283958435058594e+00 1.503524184226989746e+00
9.539960861206054688e+00 1.515656471252441406e+00
9.585502624511718750e+00 1.685060143470764160e+00
9.486626625061035156e+00 1.757058024406433105e+00
7.769225597381591797e+00 2.585564851760864258e+00
7.689865112304687500e+00 2.642295360565185547e+00
7.607519149780273438e+00 2.869281291961669922e+00
7.582814693450927734e+00 2.969395160675048828e+00
7.551168441772460938e+00 3.015712738037109375e+00
7.564527511596679688e+00 3.088996171951293945e+00
9.285750389099121094e+00 1.076633214950561523e+00
7.636695861816406250e+00 3.106057882308959961e+00
1.127859210968017578e+01 3.787728786468505859e+00
1.136832141876220703e+01 3.836799383163452148e+00
1.143975257873535156e+01 3.950948476791381836e+00
1.149918746948242188e+01 4.089516162872314453e+00
1.154755306243896484e+01 4.216346263885498047e+00
1.160807895660400391e+01 4.364970207214355469e+00
1.163237190246582031e+01 4.447778701782226562e+00
1.169367980957031250e+01 4.496612548828125000e+00
1.169975280761718750e+01 4.536046981811523438e+00
9.276682853698730469e+00 1.082611322402954102e+00
1.178827667236328125e+01 4.641460895538330078e+00
1.177432918548583984e+01 4.646204948425292969e+00
1.180593776702880859e+01 4.720643997192382812e+00
1.190054798126220703e+01 4.629840850830078125e+00
1.185014438629150391e+01 4.608890056610107422e+00
1.184011173248291016e+01 4.659260749816894531e+00
1.186858177185058594e+01 4.647906303405761719e+00
1.186502647399902344e+01 4.675673961639404297e+00
1.193193244934082031e+01 4.601445674896240234e+00
1.192858982086181641e+01 4.596333980560302734e+00
9.344161033630371094e+00 1.135200619697570801e+00
1.193503093719482422e+01 4.601933479309082031e+00
1.196644592285156250e+01 4.516119956970214844e+00
1.193935775756835938e+01 4.507419586181640625e+00
1.197201061248779297e+01 4.433869361877441406e+00
1.201976108551025391e+01 4.353199958801269531e+00
1.199168586730957031e+01 4.285948753356933594e+00
1.202810668945312500e+01 4.141074657440185547e+00
1.202472305297851562e+01 4.057762145996093750e+00
1.195337963104248047e+01 3.818080663681030273e+00
1.183241367340087891e+01 3.641700744628906250e+00
9.365162849426269531e+00 1.199346065521240234e+00
1.168669509887695312e+01 3.384996891021728516e+00
6.750824451446533203e+00 1.992242574691772461e+00
6.671713352203369141e+00 1.952497601509094238e+00
6.718668460845947266e+00 1.825258493423461914e+00
6.713490486145019531e+00 1.779122710227966309e+00
6.772600173950195312e+00 1.850580811500549316e+00
1.021879577636718750e+01 1.450693249702453613e+00
1.026389408111572266e+01 1.400865316390991211e+00
1.019600677490234375e+01 1.265748620033264160e+00
1.007637786865234375e+01 1.160196781158447266e+00
9.373169898986816406e+00 1.232398033142089844e+00
9.927991867065429688e+00 1.080275893211364746e+00
9.821257591247558594e+00 1.055283546447753906e+00
9.705024719238281250e+00 1.022386550903320312e+00
9.610943794250488281e+00 9.926295876502990723e-01
9.590129852294921875e+00 9.941646456718444824e-01
9.528995513916015625e+00 9.794061779975891113e-01
9.463979721069335938e+00 1.002602815628051758e+00
9.421916961669921875e+00 9.895893931388854980e-01
9.415225028991699219e+00 9.977226853370666504e-01
9.374118804931640625e+00 9.832296371459960938e-01
9.425045967102050781e+00 1.329416990280151367e+00
9.343536376953125000e+00 1.036145567893981934e+00
9.331257820129394531e+00 1.006546497344970703e+00
9.434904098510742188e+00 1.335664987564086914e+00
9.469105720520019531e+00 1.411313533782958984e+00
1.742971229553222656e+01 -2.215549468994140625e+00
1.726947593688964844e+01 -2.218562364578247070e+00
1.588492488861083984e+01 -1.096540927886962891e+00
1.584685993194580078e+01 -1.005738258361816406e+00
1.569508838653564453e+01 -7.483121156692504883e-01
1.542644023895263672e+01 -3.299615681171417236e-01
1.529244613647460938e+01 -1.472199708223342896e-02
1.508643817901611328e+01 6.898748278617858887e-01
1.526415348052978516e+01 1.356147050857543945e+00
1.545794391632080078e+01 1.858466029167175293e+00
1.540963363647460938e+01 1.505159139633178711e+00
1.650501441955566406e+01 6.946526169776916504e-01
1.711394691467285156e+01 -2.263032674789428711e+00
1.670625877380371094e+01 3.462517857551574707e-01
1.701040649414062500e+01 8.808881044387817383e-02
1.738136482238769531e+01 -1.976189017295837402e-01
1.750592803955078125e+01 -3.045302033424377441e-01
1.764805221557617188e+01 -4.484469294548034668e-01
1.777618598937988281e+01 -5.984055995941162109e-01
1.781786727905273438e+01 -7.579230070114135742e-01
1.794250679016113281e+01 -1.083909511566162109e+00
1.797103500366210938e+01 -1.264774680137634277e+00
1.802364921569824219e+01 -1.357431054115295410e+00
1.692294502258300781e+01 -2.185480117797851562e+00
1.800038909912109375e+01 -1.491193294525146484e+00
1.792338180541992188e+01 -1.656319141387939453e+00
1.784973716735839844e+01 -1.758795857429504395e+00
1.765146636962890625e+01 -2.014598846435546875e+00
1.749932861328125000e+01 -2.101763486862182617e+00
1.737290191650390625e+01 -2.141978025436401367e+00
1.734963226318359375e+01 -2.201734542846679688e+00
1.723524856567382812e+01 -2.146476268768310547e+00
1.703715324401855469e+01 -2.091507911682128906e+00
1.678912162780761719e+01 -1.912278056144714355e+00
1.673906707763671875e+01 -2.063415527343750000e+00
1.668831443786621094e+01 -1.840712308883666992e+00
1.659027481079101562e+01 -1.768211722373962402e+00
1.646299934387207031e+01 -1.602763533592224121e+00
1.635145568847656250e+01 -1.498110294342041016e+00
1.614555931091308594e+01 -1.285066843032836914e+00
1.597137832641601562e+01 -1.081429719924926758e+00
1.584557723999023438e+01 -8.708782196044921875e-01
1.562134552001953125e+01 -5.609093904495239258e-01
1.547158813476562500e+01 -3.492841124534606934e-01
1.520927333831787109e+01 3.318969905376434326e-02
1.663686752319335938e+01 -1.994495034217834473e+00
1.500147819519042969e+01 5.998312234878540039e-01
1.500014686584472656e+01 9.214677810668945312e-01
1.535526084899902344e+01 1.318816304206848145e+00
1.550836944580078125e+01 1.453728675842285156e+00
1.562895774841308594e+01 1.405795097351074219e+00
1.580237674713134766e+01 1.259087204933166504e+00
1.644292449951171875e+01 6.475482583045959473e-01
1.671669960021972656e+01 3.400986194610595703e-01
1.695912170410156250e+01 1.532728672027587891e-01
1.714256286621093750e+01 3.555164858698844910e-02
1.656786537170410156e+01 -1.910134196281433105e+00
1.733017158508300781e+01 -1.493080854415893555e-01
1.754352760314941406e+01 -3.665607869625091553e-01
1.767226219177246094e+01 -5.314577817916870117e-01
1.786536979675292969e+01 -8.546586036682128906e-01
1.791115760803222656e+01 -1.066376447677612305e+00
1.794555664062500000e+01 -1.132185339927673340e+00
1.796348762512207031e+01 -1.349263548851013184e+00
1.790752601623535156e+01 -1.464732408523559570e+00
1.791166877746582031e+01 -1.579151153564453125e+00
1.775606346130371094e+01 -1.889068961143493652e+00
1.646090507507324219e+01 -1.802055597305297852e+00
1.767690467834472656e+01 -2.021957874298095703e+00
1.754272460937500000e+01 -2.171474218368530273e+00
1.623327827453613281e+01 -1.543683171272277832e+00
1.605386352539062500e+01 -1.353367686271667480e+00
5.684986114501953125e+00 9.895690083503723145e-01
5.685081481933593750e+00 1.060653090476989746e+00
5.376331806182861328e+00 1.819089889526367188e+00
5.340806007385253906e+00 1.825800776481628418e+00
5.245916843414306641e+00 1.829298973083496094e+00
5.132048130035400391e+00 1.818894624710083008e+00
5.107431888580322266e+00 1.841720819473266602e+00
5.044411182403564453e+00 1.819102406501770020e+00
4.986023902893066406e+00 1.796355605125427246e+00
4.955709457397460938e+00 1.782479882240295410e+00
4.870969772338867188e+00 1.731695055961608887e+00
4.815356254577636719e+00 1.692800045013427734e+00
5.707889556884765625e+00 1.182257771492004395e+00
4.751152992248535156e+00 1.651467919349670410e+00
4.677690982818603516e+00 1.598263978958129883e+00
4.597365379333496094e+00 1.537490606307983398e+00
4.502995491027832031e+00 1.432616591453552246e+00
4.443396568298339844e+00 1.378199934959411621e+00
4.397597312927246094e+00 1.314766168594360352e+00
4.379508972167968750e+00 1.270902752876281738e+00
4.319875717163085938e+00 1.185624003410339355e+00
4.293510437011718750e+00 1.097637176513671875e+00
4.276060581207275391e+00 1.063436150550842285e+00
5.721837043762207031e+00 1.333221197128295898e+00
4.257765293121337891e+00 9.670200943946838379e-01
4.254837036132812500e+00 9.115851521492004395e-01
4.286752700805664062e+00 7.875580787658691406e-01
4.289156913757324219e+00 7.025449275970458984e-01
4.258426189422607422e+00 7.216459512710571289e-01
4.250999927520751953e+00 7.367267012596130371e-01
4.233984947204589844e+00 7.706525921821594238e-01
4.319135189056396484e+00 7.034177184104919434e-01
4.340450286865234375e+00 6.743034124374389648e-01
4.332026958465576172e+00 6.836569905281066895e-01
5.724955081939697266e+00 1.417844891548156738e+00
4.416049957275390625e+00 6.109198331832885742e-01
4.474895477294921875e+00 5.643973350524902344e-01
4.567104816436767578e+00 5.082099437713623047e-01
4.668363571166992188e+00 4.411030411720275879e-01
4.789744377136230469e+00 3.869472146034240723e-01
4.876351833343505859e+00 3.126022219657897949e-01
4.951996803283691406e+00 2.943290174007415771e-01
4.986292839050292969e+00 2.503831088542938232e-01
5.092684268951416016e+00 2.317436486482620239e-01
5.127335548400878906e+00 2.337848842144012451e-01
5.728637695312500000e+00 1.503492593765258789e+00
5.132777690887451172e+00 2.340755015611648560e-01
5.176885128021240234e+00 1.994934976100921631e-01
5.207424640655517578e+00 2.491304129362106323e-01
5.218641281127929688e+00 2.386576384305953979e-01
5.239131450653076172e+00 2.508229613304138184e-01
5.243441104888916016e+00 2.781320810317993164e-01
5.248294353485107422e+00 3.003374934196472168e-01
5.269498825073242188e+00 3.277401924133300781e-01
5.290337562561035156e+00 3.432988524436950684e-01
5.311700344085693359e+00 3.669262230396270752e-01
5.735648155212402344e+00 1.597796797752380371e+00
5.396275043487548828e+00 4.634899795055389404e-01
5.439007282257080078e+00 5.200538635253906250e-01
5.506878852844238281e+00 6.048788428306579590e-01
5.559657096862792969e+00 6.957629323005676270e-01
5.560757637023925781e+00 7.088363766670227051e-01
5.585612297058105469e+00 7.648237943649291992e-01
5.599941730499267578e+00 7.733904123306274414e-01
5.637100696563720703e+00 8.273634910583496094e-01
5.656638145446777344e+00 8.767701387405395508e-01
5.653381824493408203e+00 8.953337669372558594e-01
5.673309803009033203e+00 1.610540509223937988e+00
5.669884681701660156e+00 9.204344749450683594e-01
5.667442321777343750e+00 9.728315472602844238e-01
5.632185935974121094e+00 1.660745859146118164e+00
5.548303127288818359e+00 1.709147930145263672e+00
1.425394916534423828e+01 -1.012238025665283203e+00
1.424151611328125000e+01 -8.856229782104492188e-01
1.446910953521728516e+01 6.990821659564971924e-02
1.450354003906250000e+01 3.741061687469482422e-01
1.447966766357421875e+01 5.597478151321411133e-01
1.449994659423828125e+01 7.120608687400817871e-01
1.451982307434082031e+01 9.009551405906677246e-01
1.444543933868408203e+01 1.131530880928039551e+00
1.139722824096679688e+01 1.742082595825195312e+00
1.133702850341796875e+01 1.813395857810974121e+00
1.142340564727783203e+01 1.859953999519348145e+00
1.178825092315673828e+01 1.874412536621093750e+00
1.420205402374267578e+01 -7.227010726928710938e-01
1.585758209228515625e+01 5.637708902359008789e-01
1.589207077026367188e+01 4.363348186016082764e-01
1.584512805938720703e+01 1.498858481645584106e-01
1.573545742034912109e+01 -1.778303682804107666e-01
1.510502052307128906e+01 -7.917954325675964355e-01
1.497755908966064453e+01 -9.436995983123779297e-01
1.486482620239257812e+01 -1.031892418861389160e+00
1.475803947448730469e+01 -1.129176139831542969e+00
1.467512321472167969e+01 -1.189214587211608887e+00
1.458225154876708984e+01 -1.208137154579162598e+00
1.420143127441406250e+01 -6.892652511596679688e-01
1.450317192077636719e+01 -1.186019659042358398e+00
1.445724868774414062e+01 -1.221081376075744629e+00
1.439530086517333984e+01 -1.159889459609985352e+00
1.437218570709228516e+01 -1.164337992668151855e+00
1.432833576202392578e+01 -1.108299612998962402e+00
1.414308547973632812e+01 -9.589564204216003418e-01
1.415495491027832031e+01 -8.975207805633544922e-01
1.419884967803955078e+01 -7.480836510658264160e-01
1.419922733306884766e+01 -6.955494880676269531e-01
1.420786762237548828e+01 -6.575549244880676270e-01
1.420695877075195312e+01 -5.845844149589538574e-01
1.422602176666259766e+01 -6.375620961189270020e-01
1.425275135040283203e+01 -5.542559623718261719e-01
1.426437282562255859e+01 -5.232287645339965820e-01
1.427634239196777344e+01 -4.465132355690002441e-01
1.434277439117431641e+01 -2.964323461055755615e-01
1.440956497192382812e+01 -1.249276101589202881e-01
1.444824695587158203e+01 -3.229775279760360718e-02
1.448580169677734375e+01 3.011551499366760254e-01
1.448694324493408203e+01 4.524067640304565430e-01
1.447596549987792969e+01 7.038444280624389648e-01
1.425652313232421875e+01 -5.682360529899597168e-01
1.451441192626953125e+01 9.061074852943420410e-01
1.451284503936767578e+01 1.044000506401062012e+00
1.208208465576171875e+01 2.477901697158813477e+00
1.192455196380615234e+01 2.481823205947875977e+00
1.183979606628417969e+01 2.350809335708618164e+00
1.579659652709960938e+01 9.249013662338256836e-01
1.583693504333496094e+01 5.957603454589843750e-01
1.587570190429687500e+01 2.981226444244384766e-01
1.578622436523437500e+01 6.955825537443161011e-02
1.524087715148925781e+01 -6.085633039474487305e-01
1.426312160491943359e+01 -4.940372407436370850e-01
1.506595325469970703e+01 -7.975616455078125000e-01
1.500213813781738281e+01 -8.919813632965087891e-01
1.491246509552001953e+01 -9.939984083175659180e-01
1.473916816711425781e+01 -1.124382376670837402e+00
1.464673900604248047e+01 -1.199783086776733398e+00
1.458877563476562500e+01 -1.206966757774353027e+00
1.451299762725830078e+01 -1.240813970565795898e+00
1.444195652008056641e+01 -1.202359795570373535e+00
1.437379264831542969e+01 -1.146591901779174805e+00
1.431061649322509766e+01 -1.092822909355163574e+00
1.430728912353515625e+01 -3.633655309677124023e-01
1.428149795532226562e+01 -1.030121088027954102e+00
1.424544715881347656e+01 -9.961929321289062500e-01
1.433605098724365234e+01 -2.907180190086364746e-01
1.440906047821044922e+01 -1.382973045110702515e-01
1.739076423645019531e+01 -2.102320671081542969e+00
1.707477951049804688e+01 -2.186969041824340820e+00
1.586373615264892578e+01 -1.015099167823791504e+00
1.566396808624267578e+01 -6.739319562911987305e-01
1.548844528198242188e+01 -4.081533253192901611e-01
1.535655403137207031e+01 -1.674961149692535400e-01
1.517318534851074219e+01 2.220356762409210205e-01
1.505188846588134766e+01 6.477289795875549316e-01
1.509190177917480469e+01 1.038477063179016113e+00
1.557608509063720703e+01 1.484553933143615723e+00
1.566384601593017578e+01 1.358366250991821289e+00
1.612914085388183594e+01 9.610740542411804199e-01
1.688297462463378906e+01 -2.177293777465820312e+00
1.653819084167480469e+01 5.289102196693420410e-01
1.677759742736816406e+01 2.980291247367858887e-01
1.696607971191406250e+01 1.362457722425460815e-01
1.717315101623535156e+01 -2.419435419142246246e-02
1.736240768432617188e+01 -1.681070923805236816e-01
1.755928802490234375e+01 -3.488349020481109619e-01
1.790438461303710938e+01 -6.703471541404724121e-01
1.793397712707519531e+01 -7.536737322807312012e-01
1.804784774780273438e+01 -8.655133843421936035e-01
1.808638191223144531e+01 -1.061354041099548340e+00
1.670189285278320312e+01 -2.035042524337768555e+00
1.813454246520996094e+01 -1.219508886337280273e+00
1.819634819030761719e+01 -1.391872525215148926e+00
1.803300666809082031e+01 -1.550433635711669922e+00
1.792696952819824219e+01 -1.730806589126586914e+00
1.785014724731445312e+01 -1.874251008033752441e+00
1.778454208374023438e+01 -1.949923396110534668e+00
1.750179100036621094e+01 -2.113739252090454102e+00
1.726383590698242188e+01 -2.149220228195190430e+00
1.715177726745605469e+01 -2.236141920089721680e+00
1.701308822631835938e+01 -2.215257167816162109e+00
1.652811431884765625e+01 -1.898816347122192383e+00
1.684945869445800781e+01 -2.125483512878417969e+00
1.657519912719726562e+01 -1.908860683441162109e+00
1.641205787658691406e+01 -1.739930629730224609e+00
1.621610450744628906e+01 -1.530926585197448730e+00
1.611926078796386719e+01 -1.411645293235778809e+00
1.596392250061035156e+01 -1.166206121444702148e+00
1.585186004638671875e+01 -9.759897589683532715e-01
1.564815044403076172e+01 -6.030784845352172852e-01
1.547289657592773438e+01 -3.561743497848510742e-01
1.524724292755126953e+01 1.202780604362487793e-01
1.649585914611816406e+01 -1.879999995231628418e+00
1.511107063293457031e+01 3.921601474285125732e-01
1.499883174896240234e+01 8.925392031669616699e-01
1.510046195983886719e+01 1.129699587821960449e+00
1.556086349487304688e+01 1.575013399124145508e+00
1.564450263977050781e+01 1.543195962905883789e+00
1.597277736663818359e+01 1.159548282623291016e+00
1.631445121765136719e+01 7.098526358604431152e-01
1.667356872558593750e+01 4.216280281543731689e-01
1.687602615356445312e+01 2.103441059589385986e-01
1.710010337829589844e+01 5.028649047017097473e-02
1.641833877563476562e+01 -1.764909386634826660e+00
1.725613021850585938e+01 -8.015173673629760742e-02
1.756577682495117188e+01 -3.675780594348907471e-01
1.775747871398925781e+01 -5.850617289543151855e-01
1.790058898925781250e+01 -7.609430551528930664e-01
1.798586845397949219e+01 -9.519448876380920410e-01
1.801911544799804688e+01 -1.075942277908325195e+00
1.804903030395507812e+01 -1.244525313377380371e+00
1.801054000854492188e+01 -1.428289055824279785e+00
1.780618476867675781e+01 -1.820689082145690918e+00
1.777919960021972656e+01 -1.846758127212524414e+00
1.618740463256835938e+01 -1.495481252670288086e+00
1.771180152893066406e+01 -1.959413766860961914e+00
1.760536193847656250e+01 -2.023653984069824219e+00
1.607500267028808594e+01 -1.369346261024475098e+00
1.600004577636718750e+01 -1.239375233650207520e+00
1.084056854248046875e+01 1.765585541725158691e+00
1.091230392456054688e+01 1.933578968048095703e+00
1.108488464355468750e+01 2.760972976684570312e+00
1.111729812622070312e+01 2.769872426986694336e+00
1.123582077026367188e+01 2.860575675964355469e+00
1.125965404510498047e+01 2.856820344924926758e+00
1.136449909210205078e+01 2.931385993957519531e+00
1.157274723052978516e+01 2.944757938385009766e+00
1.161685848236083984e+01 2.929286718368530273e+00
1.170206642150878906e+01 2.911135196685791016e+00
1.185251617431640625e+01 2.946654081344604492e+00
1.182107448577880859e+01 2.991341829299926758e+00
1.098551368713378906e+01 2.274912834167480469e+00
1.194747638702392578e+01 2.979480028152465820e+00
1.202240276336669922e+01 2.965076923370361328e+00
1.203050041198730469e+01 3.009026765823364258e+00
1.207515621185302734e+01 2.914125442504882812e+00
1.209918594360351562e+01 2.941046714782714844e+00
1.208553600311279297e+01 2.885901212692260742e+00
1.208319759368896484e+01 2.891914129257202148e+00
1.210602664947509766e+01 2.901527166366577148e+00
1.208534049987792969e+01 2.868549108505249023e+00
1.208535194396972656e+01 2.875317096710205078e+00
1.102591228485107422e+01 2.395361900329589844e+00
1.203367042541503906e+01 2.816807985305786133e+00
1.201664257049560547e+01 2.854101181030273438e+00
1.191326045989990234e+01 2.804486274719238281e+00
1.181007766723632812e+01 2.753302574157714844e+00
1.172270584106445312e+01 2.689471960067749023e+00
1.172624397277832031e+01 2.714905500411987305e+00
1.163976764678955078e+01 2.526032924652099609e+00
1.165012454986572266e+01 2.621026039123535156e+00
1.154294586181640625e+01 2.472464323043823242e+00
1.147548198699951172e+01 2.513843297958374023e+00
1.103177833557128906e+01 2.525997638702392578e+00
1.135605335235595703e+01 2.469509363174438477e+00
1.123565673828125000e+01 2.497163295745849609e+00
1.114195060729980469e+01 2.515024662017822266e+00
1.105278968811035156e+01 2.530383348464965820e+00
1.095175170898437500e+01 2.494440317153930664e+00
1.086755847930908203e+01 2.408812284469604492e+00
1.082437992095947266e+01 2.302277326583862305e+00
1.079683494567871094e+01 2.278087377548217773e+00
1.070759296417236328e+01 2.064239501953125000e+00
1.068367958068847656e+01 2.024367094039916992e+00
1.101935005187988281e+01 2.539465904235839844e+00
1.068764114379882812e+01 1.908137440681457520e+00
1.059491252899169922e+01 1.852113962173461914e+00
1.067210388183593750e+01 1.725678920745849609e+00
1.067425251007080078e+01 1.668149352073669434e+00
1.074644947052001953e+01 1.627255678176879883e+00
1.075960350036621094e+01 1.581868886947631836e+00
1.069772243499755859e+01 1.509662985801696777e+00
1.073394584655761719e+01 1.532741189002990723e+00
1.070718860626220703e+01 1.457617521286010742e+00
1.062754631042480469e+01 1.374314427375793457e+00
1.101272010803222656e+01 2.579957485198974609e+00
1.061596584320068359e+01 1.363400816917419434e+00
1.058570861816406250e+01 1.338526129722595215e+00
1.062937927246093750e+01 1.370299577713012695e+00
1.063301467895507812e+01 1.382446885108947754e+00
1.064777469635009766e+01 1.411919951438903809e+00
1.070171928405761719e+01 1.452700734138488770e+00
1.074078941345214844e+01 1.501475095748901367e+00
1.073659229278564453e+01 1.504258275032043457e+00
1.075922584533691406e+01 1.553668856620788574e+00
1.081578731536865234e+01 1.620573282241821289e+00
1.101926422119140625e+01 2.623463869094848633e+00
1.082879734039306641e+01 1.681086540222167969e+00
1.083029842376708984e+01 1.719310998916625977e+00
1.099914741516113281e+01 2.654812097549438477e+00
1.104625034332275391e+01 2.722516536712646484e+00
6.396992206573486328e+00 1.962530136108398438e+00
6.380691051483154297e+00 1.997733592987060547e+00
6.733585834503173828e+00 2.231178045272827148e+00
6.879665851593017578e+00 2.299322366714477539e+00
7.320061683654785156e+00 2.608081817626953125e+00
7.386579990386962891e+00 2.659700632095336914e+00
7.407164096832275391e+00 2.795282363891601562e+00
7.440708160400390625e+00 2.793776273727416992e+00
7.419338226318359375e+00 2.906003952026367188e+00
7.338711738586425781e+00 2.958997726440429688e+00
7.351031780242919922e+00 2.972439765930175781e+00
7.248205661773681641e+00 3.018877267837524414e+00
6.407139778137207031e+00 2.019802570343017578e+00
7.191020011901855469e+00 3.000400304794311523e+00
7.141569614410400391e+00 3.037631750106811523e+00
6.984391689300537109e+00 2.943158864974975586e+00
6.540952205657958984e+00 2.555759906768798828e+00
6.460337162017822266e+00 2.487943649291992188e+00
6.422615051269531250e+00 2.382365703582763672e+00
6.448620796203613281e+00 2.372936010360717773e+00
6.437867641448974609e+00 2.345926761627197266e+00
6.481762886047363281e+00 2.292422771453857422e+00
6.560373783111572266e+00 2.208039283752441406e+00
6.405434131622314453e+00 2.091866493225097656e+00
6.566541671752929688e+00 2.101469278335571289e+00
6.660409927368164062e+00 1.838515043258666992e+00
6.663664340972900391e+00 1.757302284240722656e+00
6.708411216735839844e+00 1.741385936737060547e+00
6.693909168243408203e+00 1.762869238853454590e+00
6.736009597778320312e+00 1.721550464630126953e+00
6.779032230377197266e+00 1.771795272827148438e+00
6.801471710205078125e+00 1.746512413024902344e+00
6.835906982421875000e+00 1.769429326057434082e+00
6.850659847259521484e+00 1.881696701049804688e+00
6.444598197937011719e+00 2.091128349304199219e+00
6.820980548858642578e+00 1.929757595062255859e+00
6.911441326141357422e+00 2.012406110763549805e+00
6.937924385070800781e+00 2.116575956344604492e+00
6.962034225463867188e+00 2.130193233489990234e+00
6.948440551757812500e+00 2.162910938262939453e+00
6.981025695800781250e+00 2.179939270019531250e+00
7.050109863281250000e+00 2.212013959884643555e+00
7.153514862060546875e+00 2.311518192291259766e+00
7.266249179840087891e+00 2.386951923370361328e+00
7.375905036926269531e+00 2.534236431121826172e+00
6.484925270080566406e+00 2.155005693435668945e+00
7.389125347137451172e+00 2.599672794342041016e+00
7.406483173370361328e+00 2.684440135955810547e+00
7.461696147918701172e+00 2.816627025604248047e+00
7.433898448944091797e+00 2.916656255722045898e+00
7.311472892761230469e+00 2.971570253372192383e+00
7.286581039428710938e+00 2.997581958770751953e+00
7.248421669006347656e+00 3.010306835174560547e+00
7.194116115570068359e+00 3.002125024795532227e+00
7.031817436218261719e+00 2.931280374526977539e+00
6.724942684173583984e+00 2.705095767974853516e+00
6.567472457885742188e+00 2.236234664916992188e+00
6.514559745788574219e+00 2.432765960693359375e+00
6.467947483062744141e+00 2.351303815841674805e+00
6.441968441009521484e+00 2.400862932205200195e+00
6.465568542480468750e+00 2.333019018173217773e+00
6.515165328979492188e+00 2.216665506362915039e+00
6.521619796752929688e+00 2.158006191253662109e+00
6.537496089935302734e+00 2.086740493774414062e+00
6.505169391632080078e+00 2.001509428024291992e+00
6.530169486999511719e+00 1.947875857353210449e+00
6.495280265808105469e+00 1.998476028442382812e+00
6.605585575103759766e+00 2.200408458709716797e+00
6.419095516204833984e+00 1.949681758880615234e+00
6.435895919799804688e+00 1.978155136108398438e+00
6.613556385040283203e+00 2.205706596374511719e+00
6.663200855255126953e+00 2.174547672271728516e+00
1.292634868621826172e+01 -2.554216682910919189e-01
1.298412895202636719e+01 -8.508968353271484375e-02
1.369152355194091797e+01 6.524915695190429688e-01
1.384928321838378906e+01 7.469769716262817383e-01
1.396431732177734375e+01 8.482555747032165527e-01
1.405247879028320312e+01 9.785850644111633301e-01
1.416361236572265625e+01 1.140233397483825684e+00
1.401424884796142578e+01 1.258459210395812988e+00
1.164627647399902344e+01 2.078348875045776367e+00
1.166068077087402344e+01 2.158732891082763672e+00
1.163814926147460938e+01 2.130806684494018555e+00
1.178186225891113281e+01 2.086309432983398438e+00
1.307176589965820312e+01 8.162251114845275879e-02
1.548616313934326172e+01 6.870080232620239258e-01
1.552663707733154297e+01 5.733126997947692871e-01
1.527216625213623047e+01 2.889922857284545898e-01
1.488535404205322266e+01 4.046998545527458191e-02
1.369992446899414062e+01 -5.827804207801818848e-01
1.359123802185058594e+01 -6.329141855239868164e-01
1.343876075744628906e+01 -7.212917804718017578e-01
1.335976791381835938e+01 -7.403744459152221680e-01
1.329114627838134766e+01 -7.422345280647277832e-01
1.320636940002441406e+01 -6.973110437393188477e-01
1.316874027252197266e+01 2.249292433261871338e-01
1.310171699523925781e+01 -6.389286518096923828e-01
1.309817028045654297e+01 -6.291183233261108398e-01
1.304817390441894531e+01 -5.841145515441894531e-01
1.296027851104736328e+01 -4.444131255149841309e-01
1.289659976959228516e+01 -3.591101169586181641e-01
1.288702392578125000e+01 -3.657450973987579346e-01
1.290014266967773438e+01 -2.838003039360046387e-01
1.299126720428466797e+01 -1.308967620134353638e-01
1.311577033996582031e+01 1.241797953844070435e-01
1.318332004547119141e+01 2.237180769443511963e-01
1.323137474060058594e+01 3.005193769931793213e-01
1.325300788879394531e+01 2.420681864023208618e-01
1.329002952575683594e+01 3.580639958381652832e-01
1.334959983825683594e+01 4.168475568294525146e-01
1.337874221801757812e+01 4.522051215171813965e-01
1.343448925018310547e+01 4.953954517841339111e-01
1.359460067749023438e+01 6.096464991569519043e-01
1.370934200286865234e+01 6.664869189262390137e-01
1.378542804718017578e+01 7.155733704566955566e-01
1.394512081146240234e+01 8.432631492614746094e-01
1.411822509765625000e+01 1.047668576240539551e+00
1.329268360137939453e+01 3.682785034179687500e-01
1.417792701721191406e+01 1.113509058952331543e+00
1.404760932922363281e+01 1.249573111534118652e+00
1.184067153930664062e+01 2.151716232299804688e+00
1.172384071350097656e+01 2.169855833053588867e+00
1.169522857666015625e+01 2.131534814834594727e+00
1.180436897277832031e+01 2.098361968994140625e+00
1.551623439788818359e+01 6.641913652420043945e-01
1.551741981506347656e+01 5.477961301803588867e-01
1.528901958465576172e+01 3.626350164413452148e-01
1.487462139129638672e+01 7.974174618721008301e-02
1.329938983917236328e+01 3.755572736263275146e-01
1.367375564575195312e+01 -6.028382778167724609e-01
1.351850891113281250e+01 -6.952196359634399414e-01
1.347956085205078125e+01 -7.030993700027465820e-01
1.335000514984130859e+01 -7.060276269912719727e-01
1.325070285797119141e+01 -7.379819750785827637e-01
1.320046806335449219e+01 -6.899124383926391602e-01
1.319608020782470703e+01 -7.014850378036499023e-01
1.308316230773925781e+01 -6.233494877815246582e-01
1.305768013000488281e+01 -5.740638375282287598e-01
1.299304199218750000e+01 -5.132498741149902344e-01
1.336278438568115234e+01 4.272172749042510986e-01
1.294271945953369141e+01 -4.173423945903778076e-01
1.294135284423828125e+01 -2.921922504901885986e-01
1.342759227752685547e+01 4.867526888847351074e-01
1.354530239105224609e+01 5.680739879608154297e-01
