1.034641000000000000e+06
1.012198331136699533e+06
9.964748291601961246e+05
9.874704940704888431e+05
9.851853258675789693e+05
9.896193245514658047e+05
1.000772490122148767e+06
1.018644822579629836e+06
1.043236321923906449e+06
1.074546988154980354e+06
1.112576821272850269e+06
1.157325821277517825e+06
1.208793988168981159e+06
1.266981321947242599e+06
1.331887822612299351e+06
1.403513490164154209e+06
1.481858324602803681e+06
1.566922325928251259e+06
1.658705494140496245e+06
1.757207829239537707e+06
1.862429331225374946e+06
1.974370000098010059e+06
2.093029835857440950e+06
2.218408838503670413e+06
2.350507008036693092e+06
2.489324344456516206e+06
2.634860847763133701e+06
2.787116517956548370e+06
2.946091355036761146e+06
3.111785359003768303e+06
3.284198529857574962e+06
3.463330867598176003e+06
3.649182372225574218e+06
3.841753043739769142e+06
4.041042882140762638e+06
4.247051887428552844e+06
4.459780059603136964e+06
4.679227398664521053e+06
4.905393904612698592e+06
5.138279577447676100e+06
5.377884417169447057e+06
5.624208423778018914e+06
5.877251597273387946e+06
6.137013937655548565e+06
6.403495444924511015e+06
6.676696119080264121e+06
6.956615960122815333e+06
7.243254968052166514e+06
7.536613142868312076e+06
7.836690484571258537e+06
8.143486993160993792e+06
8.457002668637532741e+06
8.777237511000867933e+06
9.104191520250994712e+06
9.437864696387922391e+06
9.778257039411649108e+06
1.012536854932216741e+07
1.047919922611949034e+07
1.083974906980359741e+07
1.120701808037451468e+07
1.158100625783222355e+07
1.196171360217671655e+07
1.234914011340802349e+07
1.274328579152612016e+07
1.314415063653101586e+07
1.355173464842271060e+07
1.396603782720119506e+07
1.438706017286647484e+07
1.481480168541855738e+07
1.524926236485744081e+07
1.569044221118311584e+07
1.613834122439558618e+07
1.659295940449486114e+07
1.705429675148091838e+07
1.752235326535378397e+07
1.799712894611345232e+07
1.847862379375990108e+07
1.896683780829315260e+07
1.946177098971321061e+07
1.996342333802005276e+07
2.047179485321368650e+07
2.098688553529413044e+07
2.150869538426135853e+07
2.203722440011540800e+07
2.257247258285621926e+07
2.311443993248384818e+07
2.366312644899827987e+07
2.421853213239949197e+07
2.478065698268750682e+07
2.534950099986232445e+07
2.592506418392394483e+07
2.650734653487233073e+07
2.709634805270755291e+07
2.769206873742953688e+07
2.829450858903832361e+07
2.890366760753393173e+07
2.951954579291634634e+07
3.014214314518550783e+07
3.077145966434150562e+07
3.140749535038426146e+07
3.205025020331383497e+07
3.269972422313023359e+07
3.335591740983341262e+07
3.401882976342336833e+07
3.468846128390013427e+07
3.536481197126369923e+07
3.604788182551406324e+07
3.673767084665121138e+07
3.743417903467517346e+07
3.813740638958591223e+07
3.884735291138345748e+07
3.956401860006778687e+07
4.028740345563891530e+07
4.101750747809687257e+07
4.175433066744159907e+07
4.249787302367314696e+07
4.324813454679142684e+07
4.400511523679657280e+07
4.476881509368849546e+07
4.553923411746720970e+07
4.631637230813273787e+07
4.710022966568502784e+07
4.789080619012413174e+07
4.868810188145004213e+07
4.949211673966272920e+07
5.030285076476224512e+07
5.112030395674852282e+07
5.194447631562160701e+07
5.277536784138153493e+07
5.361297853402818739e+07
5.445730839356165379e+07
5.530835741998193413e+07
5.616612561328901350e+07
5.703061297348287702e+07
5.790181950056350976e+07
5.877974519453102350e+07
5.966439005538527668e+07
6.055575408312631398e+07
6.145383727775418758e+07
6.235863963926884532e+07
6.327016116767029464e+07
6.418840186295852065e+07
6.511336172513355315e+07
6.604504075419538468e+07
6.698343895014405996e+07
6.792855631297951937e+07
6.888039284270168841e+07
6.983894853931069374e+07
7.080422340280653536e+07
7.177621743318918347e+07
7.275493063045856357e+07
7.374036299461482465e+07
7.473251452565781772e+07
7.573138522358758748e+07
7.673697508840417862e+07
7.774928412010763586e+07
7.876831231869781017e+07
7.979405968417479098e+07
8.082652621653853357e+07
8.186571191578917205e+07
8.291161678192654252e+07
8.396424081495073438e+07
8.502358401486170292e+07
8.608964638165946305e+07
8.716242791534405947e+07
8.824192861591546237e+07
8.932814848337358236e+07
9.042108751771850884e+07
9.152074571895025671e+07
9.262712308706885576e+07
9.374021962207417190e+07
9.486003532396633923e+07
9.598657019274523854e+07
9.711982422841101885e+07
9.825979743096353114e+07
9.940648980040290952e+07
1.005599013367290050e+08
1.017200320399419367e+08
1.028868819100416601e+08
1.040604509470281601e+08
1.052407391509014964e+08
1.064277465216616094e+08
1.076214730593084842e+08
1.088219187638422102e+08
1.100290836352627426e+08
1.112429676735700518e+08
1.124635708787641376e+08
1.136908932508450449e+08
1.149249347898127139e+08
1.161656954956672192e+08
1.174131753684085011e+08
1.186673744080366194e+08
1.199282926145514250e+08
1.211959299879531264e+08
1.224702865282416046e+08
1.237513622354168594e+08
1.250391571094788909e+08
1.263336711504277438e+08
1.276349043582634032e+08
1.289428567329860479e+08
