6.681171436692487364e-02 1.355168398140024211e-01
7.256669476248928108e-02 8.692690248579716672e-02
1.403755869713048943e-01 9.315913689908768280e-02
9.161315903593365839e-02 1.836724196958952893e-01
3.842678601305277164e-02 2.019156308951731982e-01
9.902844077038996939e-02 1.152437100528914959e-01
-8.470070164359892739e-02 1.327789613676112479e-01
1.102396805687717862e-01 1.871127055754709945e-01
-3.420460149953297863e-02 1.411896202211533058e-01
1.523549826973955579e-01 1.197705110456142585e-01
9.759920532877824906e-02 1.195735405599534090e-01
1.656081690744952151e-01 8.596424673224349611e-02
1.382319216519971306e-02 2.234739947590860809e-01
2.470886802065175858e-01 3.315206506633009559e-02
8.708546785868272189e-02 1.415788445157109277e-01
9.325872218925318480e-02 1.460953175937006188e-01
-8.491995766556041658e-02 1.470639542004511247e-01
1.348946992876419171e-01 1.964149429733286212e-01
-8.653075794002816623e-02 1.823278762697674860e-01
1.328226746961250482e-01 1.654355543177771504e-01
9.207457258282326917e-02 1.598809498162379605e-01
5.407799930031546853e-02 1.793500600923947086e-01
4.579344926607306632e-02 1.201004991406888073e-01
8.157178263986493427e-02 9.988675928716772567e-02
6.066826383159536207e-02 1.819571678257665137e-01
9.711338959730592135e-02 1.114753597715932715e-01
1.553050557022353229e-01 9.652660345813496301e-02
1.645193404086915112e-01 1.864291167157988427e-01
3.430308311463146909e-02 1.250369303582705149e-01
1.791912343277369812e-01 9.122848514619069649e-02
5.593886001722520041e-02 1.501699216699250716e-01
1.373583214008543274e-01 1.084415131375864455e-01
4.051878850812695027e-02 1.121148504060098389e-01
1.495578817664491023e-01 1.289450334896742878e-01
-3.381696205091010848e-02 1.985724194254210317e-01
1.558856427890027881e-02 1.667540357388305750e-01
1.096000814969586706e-01 8.500486730625084197e-02
1.223738114714009589e-01 1.905958646699593972e-01
-7.280065557252857200e-02 1.295216347808257895e-01
1.631264236937288448e-01 1.664343741013099287e-01
3.972414135594738716e-02 8.278666387832304963e-02
1.591292825086940144e-01 1.844463961431783705e-01
-5.558344949824985809e-02 8.921331543706620404e-02
2.010912736725658512e-01 1.339984883384322534e-01
-6.272046042163559321e-02 1.085029145365611070e-01
1.157939359939983009e-01 1.215749986932630616e-01
1.775787661767163350e-01 1.925129868316539372e-01
1.191553606770350687e-01 1.533951751324919843e-01
1.688604518885095107e-01 1.154717892533097499e-02
1.115489282378002850e-01 1.010533894606761990e-01
-1.410953763469371437e-02 1.093105843530716298e-01
1.200085853636748690e-01 1.691993191777518835e-01
-2.007202769335902741e-03 9.921072240394510078e-02
1.949594447657403973e-01 1.984552807005598718e-01
6.707959491344578362e-02 9.023575769063252316e-02
1.074416014489820298e-01 1.032690140581114663e-01
4.986969461222053729e-02 1.013701930649980321e-01
2.321153869681490955e-01 1.419023651349292370e-01
5.208417423335542223e-02 1.516144640333760563e-01
1.844320288422644505e-01 1.468667345658606627e-01
-7.090538974421993490e-02 1.773204075821377679e-01
1.121821403236676618e-01 1.113807280189029747e-01
2.487032754859210340e-02 7.307933593100555958e-02
2.190665421576108718e-01 1.526774558186325403e-01
3.944091528862737894e-02 6.417461031505679314e-02
1.781401493292169291e-01 1.132025774975495835e-01
9.933483762027151345e-03 1.070851210570689105e-01
2.011678947456899125e-01 1.359752054268913435e-01
-5.089873084755478644e-02 9.314574360776502193e-02
8.607677671815007481e-02 2.125550167181800565e-01
4.511649387557736118e-02 1.018788265424823841e-01
9.823200921193379898e-02 7.863140828599006482e-02
1.636424884440690428e-03 3.117355773965676397e-02
8.589839174049487824e-02 1.501070620599326555e-01
-7.371464688543987766e-03 5.469397697643117728e-02
8.093496956055466762e-02 5.397320556265763208e-02
3.889456337202164271e-02 1.722444627719175447e-01
1.548719319129393535e-01 1.044763584000271001e-01
1.736904129698774515e-02 8.709061895875638837e-02
1.710235163750190301e-01 1.649208433050183831e-01
-7.018739580391825106e-02 1.863887654181502901e-02
5.899841824016616859e-02 1.591657081331533108e-01
-1.030590901225032774e-02 1.873117746157303976e-01
1.307274254482824472e-01 1.354594252067110316e-01
3.871185711889040676e-02 1.801726935731925161e-01
4.821828645574908340e-02 1.825305622494669266e-01
1.010740244007647531e-01 1.577052239011436374e-01
3.008270590639549463e-02 1.441035874845689457e-01
7.972957355647930511e-02 1.321309433450301718e-01
8.496269825422261834e-02 1.626392124371271453e-01
-2.336596955791982524e-02 4.798991054463905975e-02
1.462506458256352115e-01 1.773087524411801064e-01
-3.192595883944137486e-02 9.145831634955846334e-02
1.517992472841357965e-01 1.443403180160957588e-01
-3.631140333552766025e-02 7.633970242738315204e-02
7.024081560007637559e-02 1.334505464739502156e-01
-2.163019704048227063e-02 7.858117455530437556e-02
2.478510484535043912e-01 1.818003312220211332e-01
1.538732826986216259e-02 5.562977857218816963e-02
7.630980078791271826e-02 1.637123911227811590e-01
-1.085979570086006707e-01 1.207680786658146543e-01
2.137143939976929030e-01 1.010446077019802602e-01
-2.066275538097369843e-02 1.726052805453104078e-01
1.847725708062546435e-01 1.636238789342289723e-01
9.071694095124205326e-02 1.330848610139951926e-01
6.754958769366573024e-02 7.915969193328818709e-02
2.278156099461084438e-02 1.746275464808330069e-01
1.778291537830634372e-01 1.209184615246224614e-01
-9.830022405916791217e-02 6.571888567031961004e-02
6.234532180825065606e-02 6.352301259258026633e-02
-1.052570664542163692e-01 1.178496657864318842e-01
1.513954811937094913e-01 9.944644100272304055e-02
-2.751203795369991725e-02 9.633537327857195909e-02
6.099219188166667485e-03 1.902239639582302688e-01
1.721323696667457007e-02 5.190420881341600151e-02
2.102392650945150154e-01 1.135776689039711684e-01
2.166062129210365866e-02 2.053385163322637430e-01
1.513319019699094492e-01 1.424337486090849481e-01
1.296573186787322862e-01 9.864980808970225112e-02
1.745354471247870798e-01 1.454095825408312503e-01
6.766012931775924888e-02 1.898476497085151982e-01
1.501409721087680893e-01 8.235776831559182831e-02
3.405865810781000258e-02 7.141611300850690680e-02
2.272513670984467049e-01 1.278570131830737144e-01
1.562104073517479180e-02 9.736919494235388162e-02
1.416245667229725502e-01 1.123618297199859561e-01
-1.249786251032853311e-02 6.161694492939309709e-02
1.848290484246973009e-01 1.029242646943157452e-01
1.334669062926308568e-02 1.383277946595226800e-02
1.319179909942316542e-01 1.224074973513702980e-01
1.040585438380690481e-01 6.380844443034730529e-02
9.894195413192498345e-02 1.541246154443390581e-01
-5.186769869064589839e-02 1.154475435143283713e-01
1.250157677010430290e-01 1.208471482166591227e-01
5.129652163488331723e-02 6.133558735553148317e-02
1.643840240324586643e-01 1.566014226235246665e-01
-3.817588299840844225e-03 1.496507088160952958e-01
1.577857212562445988e-01 1.139366259501580492e-01
-2.430596559925416941e-03 7.437366521830243715e-02
1.257595607378390601e-01 7.643165587820133222e-02
1.184935865868620153e-01 7.755883672166001552e-02
2.564137527736082278e-01 1.559483724114145986e-01
7.831098062857200226e-02 6.102227974342637473e-02
1.996322553995181770e-01 1.204566870223519326e-01
7.866166613920025363e-02 1.317580643327600776e-01
-4.859993172782445421e-03 1.078225607021386784e-01
1.120986557814183660e-01 1.621683593702003823e-01
1.165621267249765669e-01 1.493107909243994169e-01
6.702301169938712500e-02 1.199598702695707231e-01
9.749559221769828199e-02 1.349136267304750780e-01
1.933383729420924679e-02 6.802531921191959374e-02
1.174482811560177975e-01 2.730327372959253599e-03
1.175862820605208803e-01 -6.319763949182975737e-02
1.543147687628484976e-01 -7.439467388414010285e-02
1.206973977541096338e-01 2.811223355128431370e-02
1.678951058864969204e-01 -1.055288394279078473e-01
3.652562992003758474e-02 1.118082624777231443e-02
1.861214922724630516e-01 1.975581591320407435e-02
1.153338330298300518e-01 -7.837025706112024648e-02
4.218261476958477980e-03 3.016875582293934363e-02
1.632838487247938730e-01 -8.545043587294737231e-02
6.766140656438415779e-02 -1.235768874639534779e-03
-9.742081418530501580e-02 1.660391816295780643e-01
9.677614083521637878e-02 -1.075519755227814095e-02
7.847236926385520173e-02 -1.004829924111384082e-01
1.019747145724222981e-01 1.396038307710153635e-03
-7.348301469497803273e-02 6.727123321092297326e-02
2.108621370901853365e-01 -5.628267377662964782e-02
1.908522411338259006e-01 -1.887140160929861310e-01
1.354855632962742584e-01 1.062676463646704435e-02
-1.897157288938713590e-02 -2.313712804788582364e-02
1.083686747209224310e-01 5.631420801966630085e-02
1.452429503071115402e-01 -2.946053131980252635e-02
2.174795762849211500e-01 4.313301433316391043e-02
1.362259253246657087e-01 -6.863245387316123380e-02
1.488905773222033990e-01 -2.803532376917746219e-03
9.570396305457687380e-02 -1.058125340446484236e-01
1.603120161581121084e-01 -6.325563122522624704e-02
1.049693306159657780e-01 -5.097203869215660710e-02
8.445561722906319568e-02 3.591256804694621402e-03
-1.731717793787823922e-01 8.688950786810153981e-02
1.702905130164904246e-01 6.756067168089562036e-02
1.517002296818125984e-01 -1.820718327868912634e-01
1.435338534511016173e-01 4.627898275984943660e-02
7.464797097462910758e-02 -8.464577876753877350e-02
1.311591503799912350e-01 -4.641573889347831022e-02
4.404112217433858029e-02 -3.653823423941816168e-02
6.689072471624754601e-02 -1.212701196609538949e-02
-2.075879434675467483e-01 1.011565355683455153e-01
2.534328322018475355e-01 -1.675215752844796263e-02
-1.761958485794992146e-01 8.765745338070123072e-02
8.961621717690720912e-02 -6.586402163078948491e-02
9.695119932118932693e-02 4.436184847881263597e-03
-4.223239216265538276e-02 1.166200085127882258e-01
1.058242732013289777e-01 5.241135788298266138e-04
1.186467657735767872e-01 -7.153269871879927577e-02
1.760688916256407388e-02 -7.744888121812423809e-02
1.614621986663109521e-01 -4.970444384836751606e-02
-1.029596325805410273e-01 6.090086868537886861e-02
2.060694303157083185e-01 -6.439708887675879567e-02
9.700621839962099424e-02 -5.920189577248808482e-02
1.487837571821992166e-01 -5.089438317410016621e-02
1.052329466620888776e-01 -8.950366894588157596e-02
9.290448113080120029e-02 5.316590413200702331e-03
-8.831458751855277012e-02 7.995919000197068693e-02
1.369297657590904382e-01 5.711845539867092814e-02
1.739153662399463007e-01 -8.604816628522526933e-02
1.586911245608522147e-01 4.027131351885390384e-03
-7.436524583433215541e-02 8.420792228208588692e-02
1.055157176664087565e-01 -6.495451946820098021e-02
1.301444589515282357e-01 2.128647135897316495e-02
1.224508988061541598e-01 -1.102421676464102884e-01
9.379401375312597378e-02 -2.332784085957710293e-02
8.177962792603399311e-02 -2.639925098761581376e-03
1.504491992852170223e-01 -1.786691026998883380e-01
1.162523431054884732e-01 3.753501135999128685e-02
9.940438641432647326e-02 -4.521127804214725154e-02
7.719205385421748500e-02 -9.540037231692698183e-02
1.099897770627111387e-01 -5.953144194238611103e-02
-3.632927060160982130e-02 -1.937355333893883425e-01
-2.653738872184829845e-01 -1.304905095367328571e-01
-3.834023354292844660e-02 -1.690589854903709610e-01
-2.407170868182386958e-01 -1.608342723285012543e-01
-1.791851759841609493e-01 -1.661099073505165891e-01
-4.556008713167814667e-02 -1.813703820321320714e-01
-9.043321964130268675e-02 -1.246203315170568843e-01
-1.636836189543058873e-01 -1.200838811931364825e-01
-1.149457205579816448e-02 -1.746108080265471596e-01
-1.537499290661683005e-01 -1.105020727994606572e-01
-1.177346453101011936e-01 -7.228490802686596273e-02
-2.251502218829664892e-01 -1.057034834398137696e-01
-6.229088027375447034e-02 -1.734657961123985681e-01
-2.629544891309802956e-01 -1.584413402494764256e-01
-1.060849168588015243e-02 -1.157961014003376227e-01
-2.675920400737617499e-01 -1.313914966820777519e-01
2.227191678410809367e-02 -1.632795965956218287e-01
-3.273250316403932270e-01 -1.783087646187891395e-01
-8.843248285202491565e-02 -1.331374139937077927e-01
-1.892979139685100343e-01 -1.511900988162696580e-01
-2.291968516671143707e-01 -2.031512707380642435e-01
-1.199947859006561535e-01 -1.381739727255890948e-01
-3.839431649121372025e-02 -1.323666144341109907e-01
-1.410031278755032591e-01 -8.900551197552457328e-02
-8.409161527524881830e-02 -2.213335036151800050e-01
-1.418473608986576540e-01 -1.185840929654284615e-01
7.251680402172159222e-03 -1.361638829774837467e-01
-2.301191926382412101e-01 -1.366292369549918784e-01
-6.101645872584075814e-02 -1.564173047955972895e-01
-2.216074940199517784e-01 -1.544506543707998836e-01
-1.747853278703303259e-01 -1.295462240094082396e-01
-6.873741077332747029e-02 -1.213509875220854239e-01
-1.216809652542278630e-01 -1.273591473168910748e-01
-3.831335839036985602e-01 -1.782377396955945603e-01
-1.568178690151648957e-01 -1.616715622824917153e-01
-2.076907698539462999e-01 -9.503305803698677834e-02
-1.369703265304780537e-01 -1.131323445602088473e-01
-1.835985694200697182e-01 -2.717822586467550164e-02
-1.062852674047993357e-02 -1.615705858328882472e-01
-1.892448775800501526e-01 -9.951296918613794507e-02
4.708911720212189539e-02 -1.518566563172700501e-01
-2.541763649024602056e-01 -1.326215352122666891e-01
-1.231983139636383048e-02 -1.612674422566706955e-01
-9.870212670187868131e-02 -1.469803723029918796e-01
-2.314995719904989757e-01 -1.382116870087398697e-01
-9.754680705887715242e-02 -1.680398690490603753e-01
-1.531743102035776002e-03 -1.511536476025390208e-01
-2.144082065379757374e-01 -1.391508983610353356e-01
-1.281421470215514113e-01 -1.933716656544002543e-01
-1.769924068523208160e-01 -8.241021674469577174e-02
-9.263774268445364168e-02 -1.546541309581375701e-01
-1.654322122536805995e-01 -1.934020123079339959e-01
-3.436124561719014481e-02 -1.233670644313984016e-01
-1.439979592368267891e-01 -1.718494129988483721e-01
-1.094188901532905100e-01 -1.518791108757758246e-01
-1.437459616769979631e-01 -9.861777802031197748e-02
-9.156670163847881877e-03 -1.418687810536677640e-01
-1.314247896940285154e-01 -1.226508322632179210e-01
-3.930823301390970470e-02 -1.037813321238758718e-01
-2.262637894904233060e-01 -1.637099127911049445e-01
1.932787044874406755e-03 -1.531871573443620571e-01
-1.747361059495342039e-01 -1.387765703330993972e-01
-3.174635164385536390e-02 -1.593051266415324019e-01
-2.511531419902648943e-01 -2.176760487878372785e-01
-8.035730197131432662e-02 -1.573636815466582795e-01
-2.732258022543600506e-01 -1.027216622829166537e-01
-7.249002655484762525e-02 -1.400287598542887535e-01
-2.756710135793380423e-01 -1.309298730052352866e-01
-7.517799386239566728e-02 -1.497125401225919417e-01
-2.224183249961207698e-01 -1.774423051890355596e-01
-9.729155694877479610e-02 -1.268861212036676289e-01
-1.407052034735325752e-01 -1.020112503012710753e-01
-1.590581489694806450e-01 -1.194516812547617574e-01
-1.553110871938706283e-01 -1.394500775446042562e-01
-8.772404295210338432e-02 -1.163420356446685927e-01
-2.748960742086548059e-01 -1.290097837168017458e-01
-5.904427430285261874e-02 -1.537534586823962046e-01
-3.009233372321420963e-01 -1.333629864342176230e-01
-7.662315006268413664e-02 -1.711682738615193655e-01
-2.910922736673482447e-01 -7.221246887742273357e-02
-6.791868311252304002e-02 -1.593446623885932945e-01
-2.130560012946405291e-01 -1.780950965765779048e-01
-8.433589573090986835e-02 -1.384317308302962790e-01
-2.055100497436766205e-01 -1.312715198242662695e-01
-7.245991137973432916e-02 -1.673888811740859017e-01
-2.643305607838862814e-01 -9.681384946752312481e-02
-6.411569955465407089e-02 -1.284773605099923666e-01
-1.708501640501764451e-01 -2.096100789041187018e-01
-9.795698217140484665e-02 -1.724952726050803797e-01
-2.718495775348095944e-01 -9.498293379037665851e-02
-1.261725918305468819e-01 -1.331698550687227256e-01
-2.203784832979723551e-01 -1.599973720821545320e-01
-8.382940255114303130e-02 -1.302167320101557946e-01
-2.473319749784564647e-01 -1.244534383999587185e-01
-1.005848248428522496e-01 -1.177554024382564957e-01
-1.838729761774423044e-01 -1.547461805518835776e-01
-1.344892866181187918e-01 -1.067752052226458165e-01
-1.145151078163895025e-01 -1.523439898484848232e-01
-5.370474638408203466e-02 -1.519237223068772014e-01
-2.117870046525110461e-01 -1.036952934468439308e-01
-1.157626630515359717e-01 -1.405232302578683923e-01
-2.308201125214725258e-01 -2.425857904716045566e-01
-1.293558111886357331e-01 -1.060248784000665800e-01
-2.165116437000089156e-01 -1.706966985044938712e-01
-8.020391695027873080e-02 -1.804254055438996029e-01
-2.113336344307945036e-01 -8.569047756614937839e-02
-8.275678210120174239e-02 -8.178255616421963026e-02
-2.180700794207452164e-01 -1.889441817817289759e-01
-4.498747549043675270e-02 -1.377655830888449007e-01
-2.061319463529940887e-01 -1.232763056434310472e-01
-1.389692554035462380e-01 -1.538597174239353660e-01
-2.919805301635446937e-01 -1.525124942401447914e-01
-7.590806608552647106e-02 -8.425607518134604901e-02
-2.395714961224767736e-01 -1.504658748107461641e-01
-3.303424707261726212e-02 -1.571793996455816966e-01
-2.797675883161638843e-01 -2.241446726072169326e-01
-1.145664946031793030e-01 -8.017218814740866006e-02
-2.961603890075990564e-01 -1.182083118450104470e-01
-1.027406631000755965e-01 -1.872864643615860802e-01
-1.002685592098830764e-01 -1.548472367623462131e-01
-2.558460618169492440e-01 -1.514023234797986506e-01
-1.530890553832383316e-01 -1.188389232397373679e-01
-2.067096836720670738e-01 -1.016390374250205064e-01
