5.831100000000000000e+04
5.694869948106101947e+04
5.560737185657992814e+04
5.428701712655668962e+04
5.298763529099133302e+04
5.170922634988385107e+04
5.045179030323424377e+04
4.921532715104250383e+04
4.799983689330864581e+04
4.680531953003266244e+04
4.563177506121453189e+04
4.447920348685429781e+04
4.334760480695192382e+04
4.223697902150743175e+04
4.114732613052079978e+04
4.007864613399204973e+04
3.903093903192117432e+04
3.800420482430816628e+04
3.699844351115304016e+04
3.601365509245577414e+04
3.504983956821639003e+04
3.410699693843488058e+04
3.318512720311123849e+04
3.228423036224547468e+04
3.140430641583758916e+04
3.054535536388757100e+04
2.970737720639542022e+04
2.889037194336115135e+04
2.809433957478474258e+04
2.731928010066622301e+04
2.656519352100556716e+04
2.583207983580278596e+04
2.511993904505787577e+04
2.442877114877084750e+04
2.375857614694168296e+04
2.310935403957039671e+04
2.248110482665698146e+04
2.187382850820144085e+04
2.128752508420377490e+04
2.072219455466397631e+04
2.017783691958205964e+04
1.965445217895800670e+04
1.915204033279183204e+04
1.867060138108353203e+04
1.821013532383310303e+04
1.777064216104054503e+04
1.735212189270586532e+04
1.695457451882905661e+04
1.657800003941011892e+04
1.622239845444905404e+04
1.588776976394586563e+04
1.557411396790054641e+04
1.528143106631310366e+04
1.500972105918353554e+04
1.475898394651183662e+04
1.452921972829801234e+04
1.432042840454206453e+04
1.413260997524398408e+04
1.396576444040378192e+04
1.381989180002145076e+04
1.369499205409699061e+04
1.359106520263040875e+04
1.350811124562169243e+04
1.344613018307085804e+04
1.340512201497789101e+04
1.338508674134279863e+04
1.338602436216558090e+04
1.340793487744623781e+04
1.345081828718476027e+04
1.351467459138116465e+04
1.359950379003543640e+04
1.370530588314758279e+04
1.383208087071760383e+04
1.397982875274549406e+04
1.414854952923126257e+04
1.433824320017490209e+04
1.454890976557641079e+04
1.478054922543580142e+04
1.503316157975305759e+04
1.530674682852819024e+04
1.560130497176119752e+04
1.591683600945207581e+04
1.625333994160082875e+04
1.661081676820745633e+04
1.698926648927195129e+04
1.738868910479432452e+04
1.780908461477456513e+04
1.825045301921268765e+04
1.871279431810867754e+04
1.919610851146253844e+04
1.970039559927427763e+04
2.022565558154388782e+04
2.077188845827137266e+04
2.133909422945673214e+04
2.192727289509995535e+04
2.253642445520106048e+04
2.316654890976003298e+04
2.381764625877688741e+04
2.448971650225160920e+04
2.518275964018420564e+04
2.589677567257466580e+04
2.663176459942301517e+04
2.738772642072923190e+04
2.816466113649332328e+04
2.896256874671528931e+04
2.978144925139510815e+04
3.062130265053281983e+04
3.148212894412840978e+04
3.236392813218186348e+04
3.326670021469319909e+04
3.419044519166240207e+04
3.513516306308945786e+04
3.610085382897441013e+04
3.708751748931723705e+04
3.809515404411793861e+04
3.912376349337650026e+04
4.017334583709292201e+04
4.124390107526724023e+04
4.233542920789943310e+04
4.344793023498949333e+04
4.458140415653743548e+04
4.573585097254322318e+04
4.691127068300690735e+04
4.810766328792845889e+04
4.932502878730789234e+04
5.056336718114519317e+04
5.182267846944034682e+04
5.310296265219339693e+04
5.440421972940432170e+04
5.572644970107311383e+04
5.706965256719978061e+04
5.843382832778430020e+04
5.981897698282671627e+04
6.122509853232701425e+04
6.265219297628517234e+04
6.410026031470120506e+04
6.556930054757508333e+04
6.705931367490686534e+04
6.857029969669651473e+04
7.010225861294406059e+04
7.165519042364945926e+04
7.322909512881269620e+04
7.482397272843384417e+04
7.643982322251287405e+04
7.807664661104975676e+04
7.973444289404455048e+04
8.141321207149712427e+04
8.311295414340765274e+04
8.483366910977604857e+04
8.657535697060229722e+04
8.833801772588644235e+04
9.012165137562845484e+04
9.192625791982829105e+04
9.375183735848605284e+04
9.559838969160165288e+04
9.746591491917516396e+04
9.935441304120654240e+04
1.012638840576957591e+05
1.031943279686429014e+05
1.051457447740478819e+05
1.071181344739107299e+05
1.091114970682315034e+05
1.111258325570100424e+05
1.131611409402465360e+05
1.152174222179408971e+05
1.172946763900931401e+05
1.193929034567032504e+05
1.215121034177711699e+05
1.236522762732970441e+05
1.258134220232807857e+05
1.279955406677223800e+05
1.301986322066218418e+05
1.324226966399791418e+05
1.346677339677943673e+05
1.369337441900674312e+05
1.392207273067984206e+05
1.415286833179872483e+05
1.438576122236339143e+05
1.462075140237385349e+05
1.485783887183009938e+05
1.509702363073213201e+05
1.533830567907995137e+05
1.558168501687355456e+05
1.582716164411294740e+05
1.607473556079813279e+05
1.632440676692910201e+05
1.657617526250585797e+05
1.683004104752840067e+05
1.708600412199673010e+05
1.734406448591084918e+05
1.760422213927075209e+05
1.786647708207645046e+05
1.813082931432792684e+05
1.839727883602519578e+05
1.866582564716825436e+05
1.893646974775709095e+05
1.920921113779172592e+05
1.948404981727214472e+05
1.976098578619834152e+05
2.004001904457033088e+05
