5.831100000000000000e+04
5.673950706724650809e+04
5.525787684661579988e+04
5.386610933810783172e+04
5.256420454172264726e+04
5.135216245746021741e+04
5.022998308532055671e+04
4.919766642530365789e+04
4.825521247740952822e+04
4.740262124163815315e+04
4.663989271798955451e+04
4.596702690646371775e+04
4.538402380706065014e+04
4.489088341978033714e+04
4.448760574462279328e+04
4.417419078158801858e+04
4.395063853067600576e+04
4.381694899188676209e+04
4.377312216522028029e+04
4.381915805067656038e+04
4.395505664825560962e+04
4.418081795795741346e+04
4.449644197978199372e+04
4.490192871372933587e+04
4.539727815979943989e+04
4.598249031799231307e+04
4.665756518830794812e+04
4.742250277074635233e+04
4.827730306530750386e+04
4.922196607199144637e+04
5.025649179079814348e+04
5.138088022172759520e+04
5.259513136477983062e+04
5.389924521995480609e+04
5.529322178725255799e+04
5.677706106667309359e+04
5.835076305821636925e+04
6.001432776188242133e+04
6.176775517767123529e+04
6.361104530558282568e+04
6.554419814561716339e+04
6.756721369777426298e+04
6.968009196205413900e+04
7.188283293845677690e+04
7.417543662698219123e+04
7.655790302763035288e+04
7.903023214040129096e+04
8.159242396529497637e+04
8.424447850231146731e+04
8.698639575145067647e+04
8.981817571271264751e+04
9.273981838609743863e+04
9.575132377160494798e+04
9.885269186923521920e+04
1.020439226789882814e+05
1.053250162008641346e+05
1.086959724348626769e+05
1.121567913809840393e+05
1.157074730392281344e+05
1.193480174095950206e+05
1.230784244920846977e+05
1.268986942866970639e+05
1.308088267934322503e+05
1.348088220122901548e+05
1.388986799432708940e+05
1.430784005863743369e+05
1.473479839416005707e+05
1.517074300089495955e+05
1.561567387884212949e+05
1.606959102800159017e+05
1.653249444837331830e+05
1.700438413995732262e+05
1.748526010275360313e+05
1.797512233676215401e+05
1.847397084198299563e+05
1.898180561841611343e+05
1.949862666606149578e+05
2.002443398491915723e+05
2.055922757498910651e+05
2.110300743627131742e+05
2.165577356876581325e+05
2.221752597247258527e+05
2.278826464739163057e+05
2.336798959352295497e+05
2.395670081086654973e+05
2.455439829942243523e+05
2.516108205919058237e+05
2.577675209017100860e+05
2.640140839236371685e+05
2.703505096576870419e+05
2.767767981038596481e+05
2.832929492621549289e+05
2.898989631325730006e+05
2.965948397151139216e+05
3.033805790097775753e+05
3.102561810165640200e+05
3.172216457354731392e+05
3.242769731665051077e+05
3.314221633096598089e+05
3.386572161649373011e+05
3.459821317323374678e+05
3.533969100118604838e+05
3.609015510035063489e+05
3.684960547072748886e+05
3.761804211231662193e+05
3.839546502511801082e+05
3.918187420913169626e+05
3.997726966435766080e+05
4.078165139079590444e+05
4.159501938844642136e+05
4.241737365730920574e+05
4.324871419738426339e+05
4.408904100867160596e+05
4.493835409117123345e+05
4.579665344488312840e+05
4.666393906980730244e+05
4.754021096594372648e+05
4.842546913329246454e+05
4.931971357185346424e+05
5.022294428162674885e+05
5.113516126261230092e+05
5.205636451481010299e+05
5.298655403822022490e+05
5.392572983284259681e+05
5.487389189867727691e+05
5.583104023572421866e+05
5.679717484398341039e+05
5.777229572345491033e+05
5.875640287413866026e+05
5.974949629603473004e+05
6.075157598914306145e+05
6.176264195346361957e+05
6.278269418899650918e+05
6.381173269574166043e+05
6.484975747369907331e+05
6.589676852286877111e+05
6.695276584325073054e+05
6.801774943484499818e+05
6.909171929765152745e+05
7.017467543167033000e+05
7.126661783690142911e+05
7.236754651334475493e+05
7.347746146100041224e+05
7.459636267986833118e+05
7.572425016994853504e+05
7.686112393124098890e+05
7.800698396374572767e+05
7.916183026746273972e+05
8.032566284239202505e+05
8.149848168853359530e+05
8.268028680588747375e+05
8.387107819445359055e+05
8.507085585423196899e+05
8.627961978522267891e+05
8.749736998742562719e+05
8.872410646084086038e+05
8.995982920546835521e+05
9.120453822130812332e+05
9.245823350836021127e+05
9.372091506662454922e+05
9.499258289610116044e+05
9.627323699679005658e+05
9.756287736869121436e+05
9.886150401180463377e+05
1.001691169261303730e+06
1.014857161116683623e+06
1.028113015684186481e+06
1.041458732963811839e+06
1.054894312955559930e+06
1.068419755659430986e+06
1.082035061075425008e+06
1.095740229203541530e+06
1.109535260043780552e+06
1.123420153596142773e+06
1.137394909860627493e+06
1.151459528837235412e+06
1.165614010525965830e+06
1.179858354926818516e+06
1.194192562039794633e+06
1.208616631864893017e+06
1.223130564402114600e+06
1.237734359651459381e+06
1.252428017612925731e+06
1.267211538286515512e+06
1.282084921672228025e+06
1.297048167770063272e+06
1.312101276580021717e+06
1.327244248102101963e+06
1.342477082336305873e+06
1.357799779282631818e+06
1.373212338941081194e+06
1.388714761311653070e+06
1.404307046394347213e+06
1.419989194189164788e+06
1.435761204696104862e+06
1.451623077915168134e+06
1.467574813846353907e+06
1.483616412489661947e+06
1.499747873845093185e+06
1.515969197912647156e+06
