2.763237959164925872e-01 7.271285062655301612e-01
5.552558434227842232e-01 1.661692622700465805e-01
3.778130849481220466e-01 1.189182500462097059e-01
4.518578267632321621e-01 4.018713488818722590e-01
7.903316660089194645e-01 6.787939529334270361e-01
1.773777790894517370e-01 2.145527423988001781e-01
2.642886831050380581e-01 4.952405682051450597e-01
7.134877031910875633e-01 5.722044388952557403e-01
8.419594965099227446e-01 6.631492918479254817e-01
5.672035918720212955e-01 7.173154331337499023e-01
6.117436355934866565e-01 9.268555266202990195e-01
2.650356219589552476e-01 3.891368596055578832e-01
1.307863971581669782e-01 9.006046634331839051e-01
1.233073895231452388e-01 6.112209375774377840e-01
4.970301174311120285e-01 1.342829555498237237e-01
1.078321485564293081e-01 2.948189436165160604e-02
7.415586542172462048e-01 7.271111510334826722e-02
9.527173241314081942e-01 7.882559060889188229e-01
8.886067418413245989e-03 6.470550135299809602e-01
7.990281659249979240e-01 2.880059317147956044e-01
1.986312030579207022e-02 3.514992777420490322e-01
6.399463509154951213e-01 3.094180189945010540e-01
5.912129150680056622e-02 1.575191637305664027e-01
2.139567822412141718e-01 1.409198619669642660e-01
7.375114083436652423e-01 7.170205461149657955e-01
1.460396917221935542e-01 4.169890091434781398e-01
1.932129549874928021e-01 7.327154113905998134e-02
2.322602127311472753e-01 4.206980007964105095e-01
4.765386866941191402e-01 9.932876248781494777e-01
6.483884712533553030e-01 3.563655599453874334e-02
1.542662978925046779e-01 7.770142558385740861e-01
9.125724134168916590e-01 1.401522658384118936e-01
6.306015966362046310e-01 1.347698985412815187e-01
8.694926710315963314e-01 5.573873703280688430e-01
2.200997660247134835e-01 8.671220897123433913e-01
2.958405452264556423e-02 9.296558846506970397e-01
9.701923992377835537e-01 7.760711928476340393e-01
9.897423148188042585e-01 6.714197117705659190e-01
6.241730739629208768e-01 6.928985955745750047e-01
4.519876381915329810e-01 8.785009576329175784e-01
9.963492078154393417e-01 2.015647445788498748e-01
9.740516918908291855e-01 8.929257556937839624e-01
4.629778369372594682e-02 4.613569290549085489e-01
4.796976008124096413e-01 4.011628001026651402e-01
2.433769507429466294e-01 2.602308668897044264e-01
3.135283871840578440e-01 1.634698335927686763e-02
6.076484373368893355e-01 2.579394257203685425e-01
6.931833006893880489e-01 2.976951689184380578e-01
4.050899660482724096e-01 5.245041713623000978e-01
8.807127602741223749e-01 3.380509586724855797e-01
1.558670820569554305e-01 9.455359319491276615e-01
3.837654411984561253e-01 7.683449210865732626e-01
1.685292553157849982e-01 7.792177374545983248e-02
2.076781678352926930e-01 5.678844732771345383e-01
1.426456763293022512e-01 7.899445526137193196e-01
7.715881674235255394e-01 6.063325305553267652e-01
8.900305910420028832e-01 2.053068950354008937e-01
9.580449546847934483e-01 5.707027891006354325e-01
8.334152113386138483e-01 2.770255687842693160e-01
9.054041509924654063e-01 4.836915531223840992e-01
5.404746358476386625e-01 7.050549726253427796e-01
3.575738215608182946e-01 2.520504103806853191e-01
5.829805917863174480e-01 1.167285841993436213e-01
7.253494085711446049e-01 5.965509066879993716e-01
9.810576050661358183e-01 8.758330240447335102e-01
9.973559058703196367e-01 2.875069272383415919e-01
7.502024245048984907e-01 6.486700947079990787e-01
1.150543888425470396e-01 1.690382320560466223e-01
1.929256565428327796e-01 6.388110816938717962e-01
6.564661213348595981e-01 6.808054979693773934e-01
2.641852128831643221e-01 8.727230611513921987e-01
9.631194753644745088e-02 7.803857265124780618e-03
2.537620516797158832e-01 9.357120507749330240e-01
1.844063297789253486e-01 6.041645004553514164e-01
7.044376972694326167e-01 7.117801121286924104e-01
6.008392553524113389e-01 1.385692754510159386e-01
3.676728536942984737e-01 7.702364940373520596e-01
6.352106642846758744e-01 5.553615987166815593e-02
9.582243841557461783e-01 8.944633277477456179e-01
4.014492617828069321e-01 9.268224547395532698e-01
9.686361324191852251e-01 7.098431439326376990e-01
8.802770413733042032e-01 6.534551644975611362e-01
5.259708360407899796e-03 9.901938440811131059e-02
2.046698555869110869e-01 1.159601880331029289e-02
5.542904433197906044e-01 7.549307191127032635e-01
3.012347589216299859e-01 1.623195585706075361e-01
8.853884956466341327e-01 5.315287666560369884e-01
1.589197947807707845e-02 8.895552614320922924e-01
5.742665130564257314e-01 5.563722201615329821e-01
7.639722718545344238e-01 9.135678761819203686e-01
8.541678198075989270e-01 6.033583436194543959e-01
9.592093378802328818e-01 9.952205643155707104e-01
5.607497683656995635e-01 9.075121799311115511e-01
3.785127643932305608e-01 6.944940160475947533e-01
1.530201464047931115e-01 6.718148725082451200e-01
9.151007083642236362e-01 3.643704576217471347e-01
1.094791372975890686e-01 8.108498044661751614e-01
5.101588915486703346e-01 2.161146235318978093e-02
1.244023870498565110e-01 3.209661446114352445e-01
6.916045674785833430e-01 6.044945832389314599e-02
7.006502472821628524e-01 9.690161362857228067e-01
8.004215487748908009e-01 7.186798511216196950e-01
1.691201806842130839e-01 8.228081661100028477e-02
3.451426438606161051e-01 1.789473585858391003e-01
3.422819044283221812e-01 2.382597716269315713e-01
5.737451009363236931e-02 1.674050129792310493e-01
2.437299584143826081e-01 3.507663628573683967e-01
7.215034941690372516e-01 2.293421991702863094e-01
7.696072509765067293e-01 5.091230012233322055e-01
6.446493233397698752e-02 9.679722145145741585e-01
5.104611751423127064e-02 9.986231922891835033e-01
8.589408807172119742e-01 7.526880874551882261e-01
4.878653579310165966e-03 6.261693007894012508e-01
8.637224301981262231e-01 8.779006791312446989e-01
2.509822571662377877e-01 5.866043246435237446e-02
8.376972696327483758e-01 4.227609725889158732e-02
8.278480080941930108e-02 8.937271466569784995e-01
6.231777413169102831e-01 9.227031093679296525e-01
1.419833139435366931e-01 8.642718916810386842e-01
2.553054744768996631e-01 4.624663122356558187e-01
3.035022814097383392e-01 5.092922125114340837e-01
1.636249379763328182e-01 6.703097060025320353e-02
2.283228542989469423e-01 1.421261527950508086e-01
7.763482259409518749e-01 2.816374987740174474e-01
2.800802748412821730e-01 8.287131988623062107e-01
6.639649708942803041e-01 9.176643140706237656e-01
8.407721471966005389e-01 9.118507777355042698e-01
4.000500913150741855e-01 2.195796053705517670e-01
1.287859884730711002e-01 5.462838671398863033e-01
2.359436054593698762e-01 1.314985188022425033e-01
2.534952347019824304e-01 7.145570843267822214e-01
2.604654371592647344e-01 5.214869255360387035e-01
7.400917786353041761e-01 7.492030100512369062e-01
6.903011840240386165e-01 9.122335454394524534e-01
4.622046382195205139e-01 5.870402515056291071e-01
1.694474252836357664e-01 8.619840919722565609e-02
6.903176547221816506e-01 2.980699639086701325e-01
1.601913118595921226e-03 6.357284097247581922e-01
1.757152231860729108e-01 3.724952692723594305e-01
1.835563791020955460e-02 2.243278990241505122e-01
2.717932919135563896e-01 1.293062421406475648e-01
9.839630934293664977e-01 4.544551925575250895e-01
2.413062289243498304e-01 1.095475491267184909e-01
2.332236102971241287e-02 1.956816132482160908e-01
6.302963655480789962e-01 7.990446308818106580e-01
1.103892047176076030e-01 3.219168044331262024e-01
8.037713203274207130e-01 5.564829252894868405e-01
4.254744725343062584e-01 9.278671283965661543e-01
4.120298022684041328e-01 2.124521190602138843e-01
5.213871460870656005e-02 2.047956798540693235e-01
2.313855094798010770e-01 1.527745381386488299e-01
8.579998904350869537e-01 7.737226298667970736e-01
5.982083586888597981e-01 9.121271531799284293e-01
9.281004447245804201e-01 4.629768292364666582e-02
7.810915819109375269e-01 2.461410881598835587e-02
4.961946100694053507e-01 8.293743128357504713e-01
7.363852041311281793e-01 9.759788616852642651e-01
9.694733915172153438e-01 5.225123437711434171e-01
5.283598685113023441e-01 3.797095447695023607e-01
3.279026370390094591e-01 4.880395559693440077e-01
4.437263078856257259e-02 1.469044842903645121e-01
8.255408120359974955e-01 7.373727737588146036e-01
9.167910029490248247e-01 7.755540906737916629e-01
7.320530242110812047e-01 7.276018139497865134e-01
4.630437219663888770e-01 2.574600800525809197e-01
8.649389826901665579e-03 4.180208883389369134e-02
2.364121468917703695e-01 1.547385383359735078e-01
4.104686335662678376e-01 2.890946182736495729e-01
1.518482615250225098e-01 2.971687680904285811e-01
7.301922661758699640e-01 7.617075873524361551e-01
5.837192490775173770e-01 1.227137358459547967e-01
3.328138349876113011e-01 1.309171236520024761e-01
6.608735408657329113e-01 3.679510042543600035e-01
9.555103169142594721e-01 2.347263238650597605e-01
5.832234550994267464e-01 1.437881557657402221e-01
5.881268487868336337e-01 6.622694181571112670e-01
3.509119598423624531e-01 9.631324287502781578e-01
2.339184062793289165e-01 5.505374819574965217e-01
4.913001581622022940e-01 7.045091667489163934e-01
4.859310433832442211e-01 5.375939204876174493e-01
8.818556909020039969e-01 8.743607277255123211e-01
5.444265899647471318e-01 4.317267973549383520e-01
7.057408834555944921e-02 7.857118427805356298e-01
7.811231058924273940e-01 8.692965457817745101e-01
9.820509531020600313e-01 8.459114153125311120e-01
9.346905861054692899e-01 9.995239396847552804e-01
8.879586814925115590e-01 6.272576363827462309e-01
2.859946095581719083e-01 6.181572537683616142e-01
3.798533407477501234e-01 9.354843600264477477e-01
2.176689890039968933e-01 1.068852930332193640e-01
7.772315996091657686e-01 7.729086346969233912e-01
4.491482245137762286e-01 7.203291031657714782e-01
7.364570289454218655e-01 5.471852662672225254e-01
3.179789528049822289e-01 1.501771842933274925e-02
5.256511537708719040e-01 8.612205689430696420e-01
6.179143926558816613e-01 8.169734252185840706e-01
1.667125796439017371e-02 8.840979085013822569e-02
5.619808241872334964e-01 4.280758909605432150e-01
2.185778131987256012e-01 1.739310057052360081e-01
8.244196324214490001e-01 7.104298633101364668e-01
3.729340915074771390e-01 1.377717009445246221e-01
2.939111076970053471e-01 6.118813119329558070e-02
6.557502309986729117e-01 1.312523194874677390e-01
7.308728348096162897e-01 1.598010752798116885e-01
4.014758875738866362e-02 4.611680724942937015e-01
3.047240071542622886e-01 7.660429372951611526e-01
8.721030258188594564e-01 1.671470252231849196e-01
8.895351091194567683e-01 8.999485379782924399e-01
4.730146369354315539e-02 6.129033780012888011e-01
1.237853513505282610e-02 5.776413226709378179e-01
1.914180634793440916e-01 4.720625728467702231e-01
6.010463227986403423e-01 6.418150150017860600e-01
4.754248705548780318e-01 2.772475681391998181e-01
8.022549921793606931e-01 8.715255561827613962e-01
2.683467990773281686e-01 4.337000255302485563e-01
5.805340303591804973e-01 2.579609094823849258e-01
1.217182504962914802e-01 5.664503404771592532e-01
5.962424342292866886e-01 5.396335895940820304e-01
4.898531474585574585e-01 7.518395736280441000e-01
4.724571848748950753e-01 4.466086590218891761e-01
9.583678094642419376e-01 3.620763733747076607e-01
7.481305424908339941e-01 6.142966634694709827e-01
6.586245998075008767e-01 6.293927446428188022e-01
3.258313882899784852e-01 8.838242013603057057e-01
6.953170969154552905e-01 5.646325688340946281e-01
9.426204393722158459e-01 6.097218040071011869e-01
1.463545670129864362e-01 7.083632829676078657e-01
4.327903123037202260e-02 4.098683354761524233e-01
4.474499274601128063e-01 9.903936873596201895e-01
1.885515468931858729e-01 2.420876400428340069e-01
4.236971585494325732e-01 7.651928306404526259e-01
6.192748044467316637e-01 2.897771837780520610e-01
6.638471920524441350e-01 6.167504028089706436e-01
9.444640912496861107e-01 8.304308415843195679e-01
4.641637109079197465e-01 8.996104518006478035e-01
1.809454901971589980e-01 5.141211623455992363e-01
7.635981414899963848e-01 8.768513401624101755e-01
6.358520411499706260e-01 5.772969839104657996e-02
6.035594299264106510e-01 2.704757545717630940e-01
6.354288697895533744e-01 4.410519440991655937e-01
1.491639532637514254e-01 2.623936446382157950e-01
7.789162146989967450e-01 4.492315506892653465e-01
4.465169262607149303e-02 9.247451013397910424e-01
2.442907244294613145e-01 5.769250574910796958e-01
3.838427473046757132e-01 6.288967497532182982e-01
8.212437406720767274e-01 7.675730824626870730e-01
6.825521216292821380e-01 1.825743681420507469e-01
2.884193904516617613e-01 7.882486344324979299e-03
1.070819710228662069e-01 4.056543364120801520e-01
7.076849093717392236e-01 8.384589055524142021e-01
2.799093615200847207e-01 7.350088076931402536e-01
9.214872936499178824e-01 5.451397506072725996e-01
2.683230910879922382e-01 6.753841467858707759e-01
5.754580597778838902e-01 3.646161478484726270e-01
6.597225203038574737e-01 4.523510851878713712e-01
9.759709651939059150e-01 5.549370977121385051e-01
8.595011459932084819e-01 4.721770959105628940e-01
2.889142976643371830e-01 3.357368164076918182e-01
6.793734608037367284e-01 7.044138785966560512e-01
6.731733858315461783e-01 4.136992935176742048e-02
8.867310337698003364e-01 6.507031742608604397e-02
5.757044787637409788e-01 7.102427385432984464e-01
2.734548915855004037e-01 3.221465579404977353e-01
5.719423525256914775e-01 8.121513808313265415e-01
3.401493255342802335e-01 3.518212431772922422e-01
6.900544025124589753e-01 1.639630872679921358e-01
1.051504662191105055e-02 5.320013970229175992e-01
6.336426246623165781e-01 4.834058738988363801e-01
6.433491169162375289e-02 1.995236357092985413e-01
8.143879205928232778e-01 4.805874665166773863e-01
5.671830558085111385e-01 7.328276379383288353e-01
5.120064172563045801e-01 6.311020619277782906e-01
3.086874500923117992e-01 7.409354138223547270e-01
6.943972666011654082e-01 9.067529110509868762e-01
5.266806300786982531e-01 5.014972624364388842e-02
1.871945935680902062e-01 3.803147019130198592e-01
6.643017439777095801e-01 3.380497157231467931e-01
5.248912598725412604e-01 9.775848056734356417e-01
5.930113530825448231e-01 5.371341249540441121e-01
5.043562447692516715e-01 9.195874014112905837e-01
8.174039454801531601e-01 8.237881884462920912e-01
8.901671443238542425e-01 8.753661085686859078e-02
1.571376739949861268e-01 7.352951532942477719e-01
2.709275562109092483e-01 7.573438069678672946e-02
1.182997167971567842e-01 4.141009865110417687e-01
4.651296593785623212e-01 4.948797545341998561e-01
2.865532362353255813e-01 7.508148892960107013e-01
7.006224818858129977e-01 1.476883959620035602e-01
9.323756185589249235e-02 5.797644537697088651e-01
4.903470499843698427e-01 5.589860698694211205e-01
6.428604628405180099e-01 1.797835738009259110e-01
4.308084048309124281e-01 2.513263655028964427e-01
8.437926694889591461e-01 7.796409242969254416e-01
3.358115327699598973e-01 9.036257137494938529e-01
9.530757261402978964e-01 6.335292524589719587e-02
7.935248207969128886e-01 8.112427687612756566e-01
1.935807819489573367e-01 8.150625150881829484e-01
9.523618601004731898e-01 3.717992360031396881e-01
5.596820482003135311e-01 8.231938398928548839e-01
1.161532866439193290e-01 3.743910525437821324e-01
9.598029637266034531e-01 4.900045082108888117e-01
6.642521266581157269e-01 3.475906846934802008e-01
6.981402848469808742e-01 1.723883368830042562e-01
7.273204685855584328e-01 4.909759418707801970e-01
6.479886940440033882e-01 2.269929353254107607e-01
9.371562340058626761e-01 7.567942205679462075e-01
9.440992315155831704e-01 6.638749164386962276e-01
5.173010369071506798e-01 3.188295998001855480e-02
8.802483678374602993e-01 7.926674857851329081e-01
3.374889189634487918e-01 7.061960200563315304e-01
2.120149844795919947e-01 3.316937344181642988e-01
1.530082184028023207e-01 9.228361372128723872e-02
7.917563371529160454e-01 1.344339849388448416e-01
6.315758365551894515e-01 7.004469344372231676e-01
7.199965286378183782e-01 6.318292153271664047e-01
8.268346382593889654e-01 3.454099260058774989e-01
5.821641625938968057e-01 5.912750207518533418e-01
7.149306916129436473e-01 6.552454584996235676e-01
6.690543317478929719e-01 2.668067552674813214e-01
7.344912802298306786e-01 3.022485800079743878e-01
2.903662956368757708e-01 1.681621373478880965e-01
3.096389796904830405e-01 2.503543710778521891e-02
7.072590410998584876e-01 5.107551051115583052e-01
3.579245927883242251e-01 5.395696743831058795e-01
2.282337603095689893e-01 5.994670693355657054e-01
9.183433774859057763e-01 6.197369365554549203e-01
5.613722035107366892e-01 8.138648024770980260e-01
2.164022991722069911e-01 1.785255712850886134e-01
1.665251522037857201e-01 9.860260851967883600e-02
2.961760404867619378e-01 1.889328473514343409e-01
8.924400823067212274e-01 3.191516489823545966e-01
1.546464067665805908e-01 8.444757107933925644e-01
4.238981963755159565e-01 4.617860352066360807e-01
8.376788024300176883e-01 5.431911395839206236e-02
9.261351736655731859e-02 4.221906477714600925e-01
4.299794365125481077e-01 2.286801647704223006e-01
1.539180464755459665e-01 4.752239481059243875e-01
7.306011194115058505e-01 2.300663392638535587e-01
9.391208569644904358e-01 6.211551537785572341e-01
2.635986179149459874e-01 7.725923403486985030e-01
3.287729422126469681e-01 9.072730907746742179e-01
5.707524026865946620e-01 3.373670035910917298e-01
