5.831100000000000000e+04
5.829005774839263904e+04
5.826912562307217740e+04
5.824820362403862237e+04
5.822729175129197392e+04
5.820639000483224663e+04
5.818549838465941866e+04
5.816461689077349729e+04
5.814374552317448251e+04
5.812288428186237434e+04
5.810203316683717276e+04
5.808119217809888505e+04
5.806036131564749667e+04
5.803954057948302943e+04
5.801872996960546152e+04
5.799792948601479293e+04
5.797713912871104549e+04
5.795635889769419737e+04
5.793558879296427040e+04
5.791482881452124275e+04
5.789407896236511442e+04
5.787333923649590724e+04
5.785260963691359939e+04
5.783189016361820541e+04
5.781118081660971075e+04
5.779048159588812268e+04
5.776979250145344849e+04
5.774911353330568818e+04
5.772844469144481263e+04
5.770778597587087279e+04
5.768713738658383227e+04
5.766649892358369834e+04
5.764587058687046374e+04
5.762525237644413573e+04
5.760464429230472160e+04
5.758404633445222134e+04
5.756345850288662041e+04
5.754288079760793335e+04
5.752231321861614560e+04
5.750175576591127174e+04
5.748120843949330447e+04
5.746067123936224380e+04
5.744014416551808972e+04
5.741962721796084952e+04
5.739912039669050864e+04
5.737862370170708164e+04
5.735813713301056123e+04
5.733766069060094014e+04
5.731719437447824748e+04
5.729673818464243959e+04
5.727629212109355285e+04
5.725585618383157271e+04
5.723543037285649189e+04
5.721501468816832494e+04
5.719460912976706459e+04
5.717421369765270356e+04
5.715382839182527096e+04
5.713345321228473040e+04
5.711308815903111099e+04
5.709273323206438363e+04
5.707238843138457014e+04
5.705205375699166325e+04
5.703172920888567023e+04
5.701141478706657654e+04
5.699111049153438216e+04
5.697081632228911621e+04
5.695053227933074959e+04
5.693025836265928228e+04
5.690999457227473613e+04
5.688974090817708202e+04
5.686949737036635634e+04
5.684926395884251542e+04
5.682904067360560293e+04
5.680882751465558977e+04
5.678862448199248320e+04
5.676843157561627595e+04
5.674824879552698258e+04
5.672807614172460308e+04
5.670791361420913745e+04
5.668776121298056387e+04
5.666761893803891144e+04
5.664748678938415105e+04
5.662736476701630454e+04
5.660725287093537190e+04
5.658715110114133859e+04
5.656705945763421187e+04
5.654697794041399902e+04
5.652690654948068550e+04
5.650684528483430040e+04
5.648679414647480735e+04
5.646675313440222089e+04
5.644672224861654831e+04
5.642670148911777505e+04
5.640669085590591567e+04
5.638669034898096288e+04
5.636669996834291669e+04
5.634671971399177710e+04
5.632674958592755866e+04
5.630678958415023226e+04
5.628683970865981973e+04
5.626689995945630653e+04
5.624697033653971448e+04
5.622705083991002175e+04
5.620714146956724289e+04
5.618724222551135608e+04
5.616735310774238314e+04
5.614747411626033136e+04
5.612760525106517889e+04
5.610774651215693302e+04
5.608789789953559375e+04
5.606805941320116835e+04
5.604823105315364228e+04
5.602841281939303008e+04
5.600860471191932447e+04
5.598880673073252547e+04
5.596901887583264033e+04
5.594924114721963997e+04
5.592947354489356803e+04
5.590971606885441724e+04
5.588996871910215123e+04
5.587023149563679181e+04
5.585050439845834626e+04
5.583078742756681459e+04
5.581108058296216768e+04
5.579138386464445648e+04
5.577169727261363005e+04
5.575202080686973204e+04
5.573235446741274063e+04
5.571269825424264855e+04
5.569305216735946306e+04
5.567341620676319144e+04
5.565379037245381187e+04
5.563417466443136072e+04
5.561456908269580163e+04
5.559497362724714912e+04
5.557538829808541777e+04
5.555581309521058574e+04
5.553624801862267486e+04
5.551669306832164875e+04
5.549714824430753652e+04
5.547761354658034543e+04
5.545808897514005366e+04
5.543857452998667577e+04
5.541907021112018992e+04
5.539957601854062523e+04
5.538009195224795985e+04
5.536061801224221563e+04
5.534115419852336345e+04
5.532170051109143242e+04
5.530225694994639343e+04
5.528282351508826832e+04
5.526340020651705709e+04
5.524398702423275245e+04
5.522458396823535440e+04
5.520519103852487024e+04
5.518580823510127811e+04
5.516643555796460714e+04
5.514707300711483549e+04
5.512772058255197044e+04
5.510837828427601198e+04
5.508904611228696012e+04
5.506972406658482942e+04
5.505041214716960530e+04
5.503111035404127324e+04
5.501181868719986960e+04
5.499253714664536528e+04
5.497326573237775301e+04
5.495400444439706189e+04
5.493475328270328464e+04
5.491551224729641399e+04
5.489628133817643538e+04
5.487706055534338520e+04
5.485784989879722707e+04
5.483864936853797553e+04
5.481945896456564515e+04
5.480027868688021408e+04
5.478110853548168234e+04
5.476194851037006447e+04
5.474279861154536047e+04
5.472365883900756307e+04
5.470452919275666500e+04
5.468540967279268807e+04
5.466630027911561046e+04
5.464720101172544673e+04
5.462811187062217505e+04
5.460903285580582451e+04
5.458996396727638057e+04
5.457090520503384323e+04
5.455185656907821249e+04
5.453281805940949562e+04
5.451378967602767807e+04
5.449477141893276712e+04
5.447576328812476277e+04
5.445676528360367956e+04
5.443777740536948841e+04
5.441879965342221112e+04
5.439983202776184771e+04
5.438087452838837635e+04
5.436192715530182613e+04
5.434298990850218252e+04
