-7.578427314758300781e+00 5.677951335906982422e+00
-9.796264648437500000e+00 7.954294204711914062e+00
-1.055188941955566406e+01 1.050505924224853516e+01
-6.242640018463134766e+00 7.294955253601074219e+00
-8.900658607482910156e+00 3.048772335052490234e+00
-9.043233871459960938e+00 8.125188827514648438e+00
-6.455829620361328125e+00 -1.884959697723388672e+00
-6.701073169708251953e+00 9.827486038208007812e+00
-8.006447792053222656e+00 -4.287653565406799316e-01
-9.384400367736816406e+00 1.165964889526367188e+01
-8.969036102294921875e+00 8.489071846008300781e+00
-1.146857547760009766e+01 1.079985904693603516e+01
-8.857024192810058594e+00 2.481039524078369141e+00
-9.014593124389648438e+00 1.207802057266235352e+00
-7.881547927856445312e+00 8.404335975646972656e+00
-6.929910659790039062e+00 7.035233020782470703e+00
-8.223148345947265625e+00 -1.208626151084899902e+00
-6.313467025756835938e+00 1.073843955993652344e+01
-9.230485916137695312e+00 -1.205095410346984863e+00
-5.182103157043457031e+00 1.017774200439453125e+01
-7.510902404785156250e+00 6.833923339843750000e+00
-6.554130554199218750e+00 5.060925960540771484e+00
-5.465931892395019531e+00 4.922371387481689453e+00
-9.345478057861328125e+00 8.149734497070312500e+00
-6.201947689056396484e+00 5.580523967742919922e+00
-8.788582801818847656e+00 6.162031173706054688e+00
-1.085413360595703125e+01 1.073203945159912109e+01
-5.042773723602294922e+00 1.090214061737060547e+01
-5.538208961486816406e+00 3.531021833419799805e+00
-1.109583377838134766e+01 1.193255233764648438e+01
-5.422587394714355469e+00 5.756753921508789062e+00
-1.021361923217773438e+01 1.043168640136718750e+01
-5.696462631225585938e+00 3.188232898712158203e+00
-8.295805931091308594e+00 1.179103851318359375e+01
-8.645405769348144531e+00 9.581933617591857910e-01
-7.904068470001220703e+00 2.560715198516845703e+00
-9.486773490905761719e+00 5.921889305114746094e+00
-5.103971004486083984e+00 9.631372451782226562e+00
-5.745031833648681641e+00 -1.897970080375671387e+00
-6.477090358734130859e+00 1.189493465423583984e+01
-5.652768611907958984e+00 1.852758526802062988e+00
-6.037526130676269531e+00 1.187900733947753906e+01
-7.816161155700683594e+00 -1.355089306831359863e+00
-9.153811454772949219e+00 1.333674240112304688e+01
-5.610128879547119141e+00 -1.680699467658996582e+00
-9.158286094665527344e+00 6.053814411163330078e+00
-5.276654720306396484e+00 1.157337570190429688e+01
-7.347657680511474609e+00 1.004777336120605469e+01
-8.769147872924804688e+00 -2.820998728275299072e-01
-1.003051280975341797e+01 9.285673141479492188e+00
-5.250629901885986328e+00 -5.870342850685119629e-01
-7.046062469482421875e+00 1.017777061462402344e+01
-7.093991279602050781e+00 4.589849114418029785e-01
-6.503507137298583984e+00 1.287288188934326172e+01
-6.110841751098632812e+00 2.821024179458618164e+00
-9.767965316772460938e+00 9.109279632568359375e+00
-6.056504726409912109e+00 2.500097274780273438e+00
-9.151985168457031250e+00 1.408130931854248047e+01
-6.943457126617431641e+00 5.052587985992431641e+00
-8.338681221008300781e+00 1.299944496154785156e+01
-8.511716842651367188e+00 -6.304394006729125977e-01
-9.019311904907226562e+00 9.230332374572753906e+00
-5.211056232452392578e+00 1.120695829391479492e+00
-9.005148887634277344e+00 1.384208297729492188e+01
-5.158305168151855469e+00 1.646692872047424316e+00
-8.512891769409179688e+00 1.233928585052490234e+01
-6.330436229705810547e+00 7.173430323600769043e-01
-8.603730201721191406e+00 1.336321544647216797e+01
-6.961617469787597656e+00 -1.230087876319885254e+00
-5.470510482788085938e+00 7.832282066345214844e+00
-5.557310581207275391e+00 2.769460201263427734e+00
-1.083027172088623047e+01 8.802949905395507812e+00
-1.201118373870849609e+01 -1.226864099502563477e+00
-7.654689311981201172e+00 9.080311775207519531e+00
-6.050990581512451172e+00 -1.161602288484573364e-01
-1.129221439361572266e+01 8.304945945739746094e+00
-6.794728279113769531e+00 4.326784133911132812e+00
-8.718832015991210938e+00 1.137756061553955078e+01
-6.524814128875732422e+00 8.768947124481201172e-01
-7.693145751953125000e+00 1.261219787597656250e+01
-5.544649124145507812e+00 -2.452906131744384766e+00
-6.459370613098144531e+00 5.474851131439208984e+00
-7.283738613128662109e+00 3.247598409652709961e+00
-8.416098594665527344e+00 1.052167034149169922e+01
-9.368808746337890625e+00 3.295873403549194336e+00
-6.928884029388427734e+00 4.632170200347900391e+00
-6.624261379241943359e+00 7.927573204040527344e+00
-6.773589134216308594e+00 3.762581110000610352e+00
-7.360073089599609375e+00 6.234780788421630859e+00
-6.704852581024169922e+00 9.361278533935546875e+00
-5.967959403991699219e+00 -6.479299664497375488e-01
-7.507161617279052734e+00 1.161120986938476562e+01
-4.833168506622314453e+00 -1.159719228744506836e+00
-8.037277221679687500e+00 1.178515815734863281e+01
-6.466372489929199219e+00 -7.244732975959777832e-01
-6.893592357635498047e+00 6.104337692260742188e+00
-5.512967586517333984e+00 -7.852318286895751953e-01
-8.259911537170410156e+00 1.452503776550292969e+01
-5.799279689788818359e+00 4.948523938655853271e-01
-7.175014019012451172e+00 8.894152641296386719e+00
-7.216058254241943359e+00 -1.944881677627563477e+00
-9.665228843688964844e+00 1.371826934814453125e+01
-7.922853469848632812e+00 1.699755311012268066e+00
-5.765574932098388672e+00 1.251701641082763672e+01
-8.249252319335937500e+00 6.147140979766845703e+00
-1.080844688415527344e+01 7.751357555389404297e+00
-7.904330730438232422e+00 2.943574428558349609e+00
-9.837505340576171875e+00 1.241997432708740234e+01
-6.737487792968750000e+00 -2.252822637557983398e+00
-1.092213630676269531e+01 7.655685424804687500e+00
-8.426458358764648438e+00 -1.780989766120910645e+00
-1.043279647827148438e+01 1.089070987701416016e+01
-7.169923782348632812e+00 -5.455397367477416992e-01
-8.587696075439453125e+00 2.231402158737182617e+00
-5.627695083618164062e+00 6.558527946472167969e-01
-9.963112831115722656e+00 1.327571678161621094e+01
-8.506035804748535156e+00 3.045528173446655273e+00
-8.108136177062988281e+00 1.185260486602783203e+01
-9.783348083496093750e+00 6.518625736236572266e+00
-8.250306129455566406e+00 1.273588085174560547e+01
-8.271257400512695312e+00 4.453098773956298828e+00
-1.173342895507812500e+01 1.018455600738525391e+01
-5.963508605957031250e+00 1.488024592399597168e+00
-8.460974693298339844e+00 1.403167057037353516e+01
-6.431553840637207031e+00 1.172446489334106445e+00
-9.910670280456542969e+00 1.079787921905517578e+01
-5.578888893127441406e+00 -3.471414446830749512e-01
-1.022472667694091797e+01 1.255200672149658203e+01
-1.125605964660644531e+01 5.661808699369430542e-02
-9.557085990905761719e+00 1.044006538391113281e+01
-1.279561996459960938e+01 3.331184625625610352e+00
-6.635079860687255859e+00 8.081959724426269531e+00
-5.071192741394042969e+00 -1.426893472671508789e+00
-9.241846084594726562e+00 1.009718322753906250e+01
-4.706764221191406250e+00 2.215610265731811523e+00
-7.576455116271972656e+00 1.238252735137939453e+01
-7.913651943206787109e+00 1.343134999275207520e+00
-8.974927902221679688e+00 1.181976509094238281e+01
-4.794030189514160156e+00 -2.345971316099166870e-01
-1.097955799102783203e+01 9.709771156311035156e+00
-1.119689559936523438e+01 9.435702323913574219e+00
-7.948199272155761719e+00 1.446674060821533203e+01
-1.112269115447998047e+01 8.262543678283691406e+00
-9.304303169250488281e+00 1.320185852050781250e+01
-7.656463146209716797e+00 6.101383209228515625e+00
-4.957637786865234375e+00 -3.705224096775054932e-01
-6.450082778930664062e+00 8.621192932128906250e+00
-7.344235420227050781e+00 1.005107212066650391e+01
-6.640852451324462891e+00 6.559115886688232422e+00
-8.220382690429687500e+00 9.158415794372558594e+00
-5.879309177398681641e+00 1.042379736900329590e+00
-1.517302513122558594e+01 2.661453723907470703e+00
-1.673060989379882812e+01 -1.872421503067016602e+00
-1.736824798583984375e+01 -1.026851058006286621e+00
-1.421568298339843750e+01 2.830248355865478516e+00
-1.757116699218750000e+01 -1.912985444068908691e+00
-1.404092884063720703e+01 9.401754140853881836e-01
-1.471172046661376953e+01 3.933400392532348633e+00
-1.652614974975585938e+01 -4.583303034305572510e-01
-1.208664035797119141e+01 -1.246261358261108398e+00
-1.746925735473632812e+01 -1.802279591560363770e+00
-1.523677158355712891e+01 1.587500572204589844e+00
-1.761496925354003906e+01 -2.199459791183471680e+00
-1.588375854492187500e+01 2.262129068374633789e+00
-1.549900817871093750e+01 -1.609803438186645508e+00
-1.588183021545410156e+01 2.924061536788940430e+00
-1.635695648193359375e+01 -2.502488374710083008e+00
-1.820999717712402344e+01 -9.602745175361633301e-01
-1.885785484313964844e+01 -2.713547945022583008e-01
-1.448908042907714844e+01 2.765211105346679688e+00
-1.445154762268066406e+01 -2.450198173522949219e+00
-1.218874168395996094e+01 8.827072143554687500e+00
-1.659941291809082031e+01 2.138940572738647461e+00
-1.295672035217285156e+01 1.102383136749267578e+01
-1.705242919921875000e+01 -1.489506244659423828e+00
-1.515927028656005859e+01 3.292705774307250977e+00
-1.564982795715332031e+01 -2.281107902526855469e+00
-1.737799644470214844e+01 2.299395650625228882e-01
-1.640941047668457031e+01 -1.238258004188537598e+00
-1.532923507690429688e+01 2.054869651794433594e+00
-1.576106739044189453e+01 -4.062729358673095703e+00
-1.187478065490722656e+01 1.118223381042480469e+01
-1.647019386291503906e+01 -4.024721622467041016e+00
-1.243884181976318359e+01 9.851922035217285156e+00
-1.566395282745361328e+01 -2.220206737518310547e+00
-1.684675407409667969e+01 -1.179064884781837463e-01
-1.570653152465820312e+01 1.492876648902893066e+00
-1.536622428894042969e+01 4.832385778427124023e-01
-1.561020469665527344e+01 -4.425415039062500000e+00
-1.585225582122802734e+01 5.607115268707275391e+00
-1.588521003723144531e+01 -4.017361164093017578e+00
-1.615130996704101562e+01 -2.727931737899780273e+00
-1.557370281219482422e+01 2.434902191162109375e+00
-1.741180419921875000e+01 -7.163826227188110352e-01
-1.592211437225341797e+01 3.336848735809326172e+00
-1.663290786743164062e+01 1.611211746931076050e-01
-1.484544754028320312e+01 -2.814172029495239258e+00
-1.714882469177246094e+01 1.119064807891845703e+00
-1.545905208587646484e+01 -3.316800355911254883e+00
-1.795123672485351562e+01 4.095332026481628418e-01
-1.638938331604003906e+01 1.005548238754272461e+00
-1.669350814819335938e+01 3.533824920654296875e+00
-1.626979637145996094e+01 -1.891171336174011230e+00
-1.568784236907958984e+01 2.777734994888305664e+00
-1.641346740722656250e+01 -2.724521875381469727e+00
-1.221575260162353516e+01 9.701173782348632812e+00
-1.768309020996093750e+01 -3.712490499019622803e-01
-1.599276924133300781e+01 4.346743583679199219e+00
-1.630882835388183594e+01 -2.841345310211181641e+00
-1.635264015197753906e+01 -1.231655478477478027e+00
-1.365832805633544922e+01 2.739961385726928711e+00
-1.674418258666992188e+01 -2.597660303115844727e+00
-1.636797523498535156e+01 2.856027364730834961e+00
-1.595215988159179688e+01 2.805836200714111328e+00
-1.717913055419921875e+01 -3.461545228958129883e+00
-1.362627792358398438e+01 3.841857910156250000e+00
-1.615326690673828125e+01 1.450368203222751617e-02
-1.572220420837402344e+01 -2.762099266052246094e+00
-1.647689437866210938e+01 -8.690766096115112305e-01
2.093503189086914062e+01 -8.623476982116699219e+00
3.209468078613281250e+01 -3.379210472106933594e+00
2.157412719726562500e+01 -5.458575248718261719e+00
3.135667610168457031e+01 -4.890614509582519531e+00
2.863789558410644531e+01 -5.557309150695800781e+00
2.118203735351562500e+01 -8.253111839294433594e+00
2.311928367614746094e+01 -7.199783802032470703e+00
2.734661865234375000e+01 -5.958962440490722656e+00
1.925300216674804688e+01 -7.488371849060058594e+00
2.700596046447753906e+01 -6.100255012512207031e+00
1.984883308410644531e+01 -6.452108383178710938e+00
3.060981369018554688e+01 -4.864501476287841797e+00
2.174707984924316406e+01 -7.816597938537597656e+00
3.157242965698242188e+01 -5.846657276153564453e+00
1.954059982299804688e+01 -8.930740356445312500e+00
3.205891036987304688e+01 -4.875186920166015625e+00
1.856846618652343750e+01 -7.879179954528808594e+00
3.292247009277343750e+01 -5.276251316070556641e+00
2.307805061340332031e+01 -6.701379299163818359e+00
2.896824455261230469e+01 -4.654910087585449219e+00
3.130592918395996094e+01 -5.578988075256347656e+00
2.459786224365234375e+01 -7.395566940307617188e+00
2.045426177978515625e+01 -8.256759643554687500e+00
2.654895973205566406e+01 -6.180316448211669922e+00
2.308929634094238281e+01 -9.165226936340332031e+00
2.650848770141601562e+01 -6.551106929779052734e+00
1.896623992919921875e+01 -8.806874275207519531e+00
3.077385520935058594e+01 -5.731070041656494141e+00
2.226863288879394531e+01 -5.639122009277343750e+00
3.080014228820800781e+01 -4.455817699432373047e+00
2.781676101684570312e+01 -5.548498630523681641e+00
2.065417671203613281e+01 -6.878418445587158203e+00
2.465607070922851562e+01 -7.901213645935058594e+00
3.282073974609375000e+01 -1.504452466964721680e+00
2.751202774047851562e+01 -4.623823165893554688e+00
2.994651031494140625e+01 -4.623409748077392578e+00
2.287841987609863281e+01 -8.920683860778808594e+00
2.852090072631835938e+01 -7.407607078552246094e+00
1.936160850524902344e+01 -7.804171562194824219e+00
2.950990867614746094e+01 -5.743611812591552734e+00
1.841361045837402344e+01 -8.296551704406738281e+00
3.182022094726562500e+01 -3.933053970336914062e+00
1.966319084167480469e+01 -8.353020668029785156e+00
2.439501953125000000e+01 -4.782011985778808594e+00
3.105175018310546875e+01 -3.721910238265991211e+00
2.286896324157714844e+01 -8.472398757934570312e+00
1.940156745910644531e+01 -8.606939315795898438e+00
3.043014335632324219e+01 -3.394288301467895508e+00
2.365166091918945312e+01 -8.909989356994628906e+00
2.787620162963867188e+01 -6.787618637084960938e+00
2.328585243225097656e+01 -6.879241466522216797e+00
2.822429275512695312e+01 -4.791765689849853516e+00
2.006688499450683594e+01 -7.939753532409667969e+00
2.684521484375000000e+01 -4.104128837585449219e+00
2.415598106384277344e+01 -6.688225269317626953e+00
2.625487709045410156e+01 -6.730937480926513672e+00
1.926125717163085938e+01 -7.879708290100097656e+00
2.565313911437988281e+01 -6.609466552734375000e+00
1.983120918273925781e+01 -7.209463596343994141e+00
3.084137535095214844e+01 -4.018877983093261719e+00
1.923031044006347656e+01 -8.459759712219238281e+00
2.783263206481933594e+01 -6.017555713653564453e+00
2.029419136047363281e+01 -8.338751792907714844e+00
3.215813064575195312e+01 -2.104243516921997070e+00
2.230715370178222656e+01 -7.230463027954101562e+00
3.233716964721679688e+01 -3.154701471328735352e+00
2.226965141296386719e+01 -6.756272315979003906e+00
3.241260528564453125e+01 -3.707592487335205078e+00
2.150359153747558594e+01 -7.377499103546142578e+00
3.073108673095703125e+01 -4.182903766632080078e+00
2.406826210021972656e+01 -5.487601280212402344e+00
2.625889015197753906e+01 -5.974745750427246094e+00
2.700224876403808594e+01 -5.138322353363037109e+00
2.723741722106933594e+01 -6.305803775787353516e+00
2.359430694580078125e+01 -5.855640411376953125e+00
3.245807266235351562e+01 -4.020849704742431641e+00
2.207146835327148438e+01 -5.970022678375244141e+00
3.304771041870117188e+01 -3.840623617172241211e+00
2.228698158264160156e+01 -7.767691612243652344e+00
3.326965713500976562e+01 -4.861212253570556641e+00
2.272341918945312500e+01 -5.202921390533447266e+00
3.064525032043457031e+01 -3.074118137359619141e+00
2.307049560546875000e+01 -5.939247608184814453e+00
3.005729103088378906e+01 -3.539322137832641602e+00
2.219771957397460938e+01 -7.852091312408447266e+00
3.200140762329101562e+01 -2.673226594924926758e+00
2.105705261230468750e+01 -7.185069561004638672e+00
2.843465423583984375e+01 -3.973869085311889648e+00
2.346653175354003906e+01 -6.608273983001708984e+00
3.170285987854003906e+01 -2.352338075637817383e+00
2.541832160949707031e+01 -5.687501907348632812e+00
3.125753402709960938e+01 -2.088497638702392578e+00
2.276198387145996094e+01 -7.090219020843505859e+00
3.162810516357421875e+01 -3.877960443496704102e+00
2.359276580810546875e+01 -7.637487411499023438e+00
2.948613739013671875e+01 -3.184208154678344727e+00
2.601708412170410156e+01 -4.613213062286376953e+00
2.463763618469238281e+01 -6.118697643280029297e+00
2.212203216552734375e+01 -5.212409973144531250e+00
3.019739723205566406e+01 -2.622344255447387695e+00
2.498905563354492188e+01 -5.157235145568847656e+00
3.209126281738281250e+01 -1.628874778747558594e+00
2.603901290893554688e+01 -5.695268630981445312e+00
3.013926124572753906e+01 -4.113012313842773438e+00
2.248930358886718750e+01 -6.624696731567382812e+00
2.988064193725585938e+01 -5.711640357971191406e+00
2.041580772399902344e+01 -6.421175003051757812e+00
3.083329582214355469e+01 -2.678125858306884766e+00
2.023118782043457031e+01 -7.169354915618896484e+00
2.987627029418945312e+01 -5.954934597015380859e+00
2.637812232971191406e+01 -4.244562625885009766e+00
3.276358032226562500e+01 -4.031085968017578125e+00
2.098288345336914062e+01 -6.431088447570800781e+00
3.137156105041503906e+01 -2.799416303634643555e+00
2.032873535156250000e+01 -8.652112960815429688e+00
3.267708206176757812e+01 -2.085506677627563477e+00
2.569230842590332031e+01 -7.057646274566650391e+00
3.281969451904296875e+01 -4.506818294525146484e+00
2.367086791992187500e+01 -7.337406158447265625e+00
2.366670417785644531e+01 -6.637625694274902344e+00
3.176469230651855469e+01 -4.275608062744140625e+00
2.666095161437988281e+01 -7.248251438140869141e+00
3.002104377746582031e+01 -4.845809459686279297e+00
