1.365641212463378906e+01 6.939854621887207031e+00
1.398822212219238281e+01 7.934991359710693359e+00
1.415582466125488281e+01 8.821404457092285156e+00
1.276890277862548828e+01 7.104003429412841797e+00
1.285361099243164062e+01 5.653497695922851562e+00
1.381473731994628906e+01 8.216051101684570312e+00
1.412612056732177734e+01 4.373901367187500000e+00
1.259551620483398438e+01 7.934959411621093750e+00
1.361668872833251953e+01 4.836891651153564453e+00
1.359890174865722656e+01 9.448245048522949219e+00
1.369728279113769531e+01 8.121953010559082031e+00
1.471949672698974609e+01 8.882729530334472656e+00
1.286968135833740234e+01 5.580885410308837891e+00
1.309076023101806641e+01 5.467788219451904297e+00
1.338836669921875000e+01 7.849823474884033203e+00
1.303800582885742188e+01 7.119094371795654297e+00
1.362595748901367188e+01 4.720805644989013672e+00
1.263390064239501953e+01 8.432248115539550781e+00
1.356257724761962891e+01 4.769086360931396484e+00
1.307903003692626953e+01 8.241690635681152344e+00
1.327930927276611328e+01 7.459131240844726562e+00
1.287264060974121094e+01 6.525111675262451172e+00
1.364160919189453125e+01 7.217461585998535156e+00
1.385070323944091797e+01 8.068410873413085938e+00
1.285756683349609375e+01 6.675502300262451172e+00
1.381851100921630859e+01 7.096703052520751953e+00
1.439147663116455078e+01 8.966734886169433594e+00
1.291712951660156250e+01 8.596962928771972656e+00
1.389429187774658203e+01 6.367409229278564453e+00
1.442975425720214844e+01 9.261788368225097656e+00
1.358475494384765625e+01 7.415035724639892578e+00
1.407749938964843750e+01 8.896512985229492188e+00
1.407625484466552734e+01 6.224244594573974609e+00
1.316208457946777344e+01 9.664015769958496094e+00
1.305621719360351562e+01 5.314165115356445312e+00
1.286467742919921875e+01 5.792700290679931641e+00
1.403687763214111328e+01 7.154784202575683594e+00
1.297038078308105469e+01 8.206554412841796875e+00
1.449030208587646484e+01 4.313939094543457031e+00
1.292926788330078125e+01 9.055124282836914062e+00
1.446150016784667969e+01 5.880420684814453125e+00
1.289787292480468750e+01 8.874036788940429688e+00
1.384712886810302734e+01 4.679652690887451172e+00
1.366640186309814453e+01 1.018024826049804688e+01
1.441182994842529297e+01 4.370874404907226562e+00
1.398492240905761719e+01 7.194591522216796875e+00
1.304207706451416016e+01 8.807767868041992188e+00
1.264600467681884766e+01 8.094653129577636719e+00
1.335680484771728516e+01 4.934255599975585938e+00
1.415729999542236328e+01 8.515877723693847656e+00
1.445315170288085938e+01 4.520340442657470703e+00
1.258329200744628906e+01 8.152152061462402344e+00
1.408840751647949219e+01 5.351801872253417969e+00
1.302102851867675781e+01 9.183955192565917969e+00
1.437654018402099609e+01 6.328311920166015625e+00
1.404122066497802734e+01 8.559044837951660156e+00
1.432116508483886719e+01 6.003715515136718750e+00
1.365856456756591797e+01 1.032667255401611328e+01
1.298527145385742188e+01 6.601630210876464844e+00
1.330186653137207031e+01 9.993388175964355469e+00
1.337781524658203125e+01 4.915912151336669922e+00
1.382239723205566406e+01 8.325222969055175781e+00
1.460899734497070312e+01 5.543340206146240234e+00
1.379271316528320312e+01 1.014623355865478516e+01
1.458605480194091797e+01 5.854736804962158203e+00
1.318817234039306641e+01 9.739099502563476562e+00
1.417105007171630859e+01 5.296186447143554688e+00
1.346707057952880859e+01 1.016777133941650391e+01
1.413672256469726562e+01 4.566480159759521484e+00
1.261392879486083984e+01 7.239967346191406250e+00
1.425174808502197266e+01 6.147987365722656250e+00
1.443522930145263672e+01 8.376612663269042969e+00
1.517724895477294922e+01 5.282278060913085938e+00
1.308920192718505859e+01 7.940893650054931641e+00
1.471705532073974609e+01 5.049212455749511719e+00
1.447273063659667969e+01 8.260632514953613281e+00
1.293719482421875000e+01 6.316630840301513672e+00
1.322661972045898438e+01 9.385387420654296875e+00
1.430192947387695312e+01 5.382399082183837891e+00
1.313134479522705078e+01 9.778203964233398438e+00
1.454284286499023438e+01 4.534097671508789062e+00
1.294476985931396484e+01 6.646021842956542969e+00
1.321308708190917969e+01 5.997832775115966797e+00
1.339091300964355469e+01 8.756121635437011719e+00
1.288335800170898438e+01 5.747198581695556641e+00
1.282775592803955078e+01 6.342245101928710938e+00
1.282546615600585938e+01 7.453713417053222656e+00
1.318060970306396484e+01 6.184358119964599609e+00
1.319299983978271484e+01 6.964690685272216797e+00
1.263178348541259766e+01 7.829216003417968750e+00
1.461467647552490234e+01 4.916455745697021484e+00
1.291136741638183594e+01 9.495524406433105469e+00
1.457764720916748047e+01 4.487777709960937500e+00
1.319517421722412109e+01 9.687303543090820312e+00
1.447656345367431641e+01 5.032080173492431641e+00
1.323523902893066406e+01 6.941908359527587891e+00
1.459025287628173828e+01 4.691632747650146484e+00
1.351194190979003906e+01 1.035838890075683594e+01
1.480301284790039062e+01 5.320780754089355469e+00
1.290806293487548828e+01 7.762657165527343750e+00
1.403175830841064453e+01 4.505266666412353516e+00
1.365157794952392578e+01 1.035275840759277344e+01
1.308184623718261719e+01 5.760105609893798828e+00
1.319444561004638672e+01 8.966503143310546875e+00
1.366882038116455078e+01 7.065138816833496094e+00
1.429811859130859375e+01 8.103962898254394531e+00
1.290326404571533203e+01 5.935356140136718750e+00
1.380184555053710938e+01 9.750448226928710938e+00
1.411666774749755859e+01 4.444329738616943359e+00
1.425512123107910156e+01 8.166244506835937500e+00
1.373185062408447266e+01 4.646142005920410156e+00
1.414173793792724609e+01 9.061470031738281250e+00
1.406305694580078125e+01 4.851658821105957031e+00
1.291828727722167969e+01 5.581435203552246094e+00
1.467768573760986328e+01 5.394865989685058594e+00
1.382050514221191406e+01 1.001211261749267578e+01
1.279562187194824219e+01 5.779913425445556641e+00
1.308110332489013672e+01 9.596535682678222656e+00
1.412864017486572266e+01 7.477466583251953125e+00
1.331171989440917969e+01 9.879807472229003906e+00
1.284394073486328125e+01 6.838898658752441406e+00
1.453399276733398438e+01 8.879187583923339844e+00
1.466953468322753906e+01 5.632488250732421875e+00
1.353498077392578125e+01 1.029458045959472656e+01
1.440200901031494141e+01 5.480473041534423828e+00
1.399468517303466797e+01 8.988748550415039062e+00
1.466886901855468750e+01 4.915412425994873047e+00
1.389237403869628906e+01 9.771706581115722656e+00
1.489999675750732422e+01 5.481910228729248047e+00
1.386595630645751953e+01 8.799616813659667969e+00
1.595009803771972656e+01 7.080118656158447266e+00
1.269411182403564453e+01 7.572109699249267578e+00
1.447522354125976562e+01 4.548550128936767578e+00
1.378307628631591797e+01 8.698455810546875000e+00
1.453550624847412109e+01 6.482373714447021484e+00
1.309401798248291016e+01 9.645472526550292969e+00
1.331071853637695312e+01 5.403295040130615234e+00
1.333781719207763672e+01 9.436341285705566406e+00
1.464901447296142578e+01 4.673918247222900391e+00
1.451876354217529297e+01 8.681365966796875000e+00
1.454851531982421875e+01 8.626672744750976562e+00
1.352868461608886719e+01 1.030968856811523438e+01
1.440547752380371094e+01 8.214366912841796875e+00
1.360957813262939453e+01 1.006628131866455078e+01
1.351265525817871094e+01 7.046614170074462891e+00
1.455413341522216797e+01 4.539916992187500000e+00
1.285656738281250000e+01 8.033191680908203125e+00
1.263194370269775391e+01 7.985384464263916016e+00
1.322560882568359375e+01 7.436978340148925781e+00
1.341892623901367188e+01 8.098177909851074219e+00
1.458367061614990234e+01 5.469738483428955078e+00
1.669268989562988281e+01 7.299612522125244141e+00
1.843257141113281250e+01 8.185863494873046875e+00
1.810301780700683594e+01 7.855577945709228516e+00
1.637855339050292969e+01 7.059015274047851562e+00
1.817129707336425781e+01 8.114590644836425781e+00
1.653368186950683594e+01 6.663367748260498047e+00
1.639836120605468750e+01 7.179023265838623047e+00
1.802818298339843750e+01 7.475849151611328125e+00
1.516500186920166016e+01 5.278921127319335938e+00
1.816201019287109375e+01 8.166550636291503906e+00
1.688768196105957031e+01 6.941430091857910156e+00
1.819968605041503906e+01 8.137038230895996094e+00
1.677347183227539062e+01 7.355964183807373047e+00
1.846144676208496094e+01 8.508267402648925781e+00
1.664914703369140625e+01 7.398209095001220703e+00
1.879987716674804688e+01 8.539932250976562500e+00
1.794249534606933594e+01 7.849200725555419922e+00
1.788515281677246094e+01 7.510904788970947266e+00
1.635113525390625000e+01 7.078721523284912109e+00
1.871188926696777344e+01 8.758237838745117188e+00
1.459247398376464844e+01 8.510388374328613281e+00
1.705322074890136719e+01 7.469645023345947266e+00
1.522056579589843750e+01 8.699428558349609375e+00
1.822031402587890625e+01 7.985877513885498047e+00
1.643847274780273438e+01 7.235516071319580078e+00
1.854603767395019531e+01 8.675919532775878906e+00
1.780668258666992188e+01 7.591476917266845703e+00
1.829831504821777344e+01 7.898237228393554688e+00
1.683933448791503906e+01 7.265870094299316406e+00
1.903577232360839844e+01 8.542607307434082031e+00
1.485818767547607422e+01 8.927560806274414062e+00
1.910519599914550781e+01 8.472754478454589844e+00
1.492436122894287109e+01 8.757654190063476562e+00
1.865542221069335938e+01 8.600897789001464844e+00
1.797093009948730469e+01 7.511700630187988281e+00
1.690722465515136719e+01 7.220852851867675781e+00
1.708691978454589844e+01 6.986927986145019531e+00
1.912930870056152344e+01 8.531520843505859375e+00
1.604838371276855469e+01 8.006122589111328125e+00
1.909004402160644531e+01 8.550241470336914062e+00
1.875036811828613281e+01 8.598413467407226562e+00
1.677993965148925781e+01 7.317572116851806641e+00
1.790658187866210938e+01 7.734614849090576172e+00
1.663339424133300781e+01 7.559561252593994141e+00
1.790988922119140625e+01 7.424324989318847656e+00
1.885106468200683594e+01 8.706030845642089844e+00
1.750925254821777344e+01 7.469224929809570312e+00
1.897730255126953125e+01 8.629175186157226562e+00
1.769743537902832031e+01 7.620584964752197266e+00
1.755440139770507812e+01 7.372639656066894531e+00
1.660181808471679688e+01 7.714957714080810547e+00
1.852960205078125000e+01 8.342501640319824219e+00
1.668352508544921875e+01 7.417107105255126953e+00
1.881035041809082031e+01 8.629803657531738281e+00
1.488209247589111328e+01 8.731899261474609375e+00
1.782815933227539062e+01 7.704943180084228516e+00
1.632507514953613281e+01 7.829435825347900391e+00
1.869611167907714844e+01 8.524011611938476562e+00
1.833542251586914062e+01 7.864442348480224609e+00
1.627662658691406250e+01 7.098033428192138672e+00
1.884461784362792969e+01 8.448885917663574219e+00
1.668233680725097656e+01 7.446713447570800781e+00
1.674595069885253906e+01 7.392993927001953125e+00
1.883956146240234375e+01 8.300904273986816406e+00
1.601935577392578125e+01 7.211915016174316406e+00
1.794888305664062500e+01 7.383737087249755859e+00
1.884357643127441406e+01 8.511283874511718750e+00
1.820169258117675781e+01 7.772897720336914062e+00
-4.528062343597412109e+00 4.865095615386962891e+00
-5.913282871246337891e+00 1.019352531433105469e+01
-5.207002639770507812e+00 5.421582698822021484e+00
-5.929191112518310547e+00 9.444630622863769531e+00
-5.947881698608398438e+00 8.411981582641601562e+00
-4.721802711486816406e+00 5.104648590087890625e+00
-5.065189361572265625e+00 6.080121517181396484e+00
-6.151119232177734375e+00 7.806688785552978516e+00
-4.042141914367675781e+00 4.698597431182861328e+00
-6.123682022094726562e+00 7.757949352264404297e+00
-4.244339466094970703e+00 5.482972621917724609e+00
-6.464256763458251953e+00 9.180240631103515625e+00
-4.711188316345214844e+00 5.438402652740478516e+00
-5.775519847869873047e+00 9.131404876708984375e+00
-4.239641666412353516e+00 4.313522338867187500e+00
-5.716291904449462891e+00 9.735936164855957031e+00
-3.947831392288208008e+00 4.416004180908203125e+00
-5.547966003417968750e+00 9.855076789855957031e+00
-5.108037948608398438e+00 6.013988494873046875e+00
-6.003835678100585938e+00 8.542811393737792969e+00
-5.872254848480224609e+00 9.217368125915527344e+00
-4.951645374298095703e+00 6.530794143676757812e+00
-4.477378368377685547e+00 4.560311794281005859e+00
-6.258024692535400391e+00 7.522931575775146484e+00
-4.368667602539062500e+00 5.886338710784912109e+00
-6.059889316558837891e+00 7.573007106781005859e+00
-4.191558837890625000e+00 4.268669605255126953e+00
-5.911269664764404297e+00 8.980222702026367188e+00
-5.343684196472167969e+00 5.586777210235595703e+00
-6.130853176116943359e+00 9.439231872558593750e+00
-5.945640087127685547e+00 8.072987556457519531e+00
-4.248421192169189453e+00 5.312877178192138672e+00
-5.120262622833251953e+00 6.553444385528564453e+00
-6.365891933441162109e+00 1.047154426574707031e+01
-5.721465587615966797e+00 8.085680961608886719e+00
-6.557398319244384766e+00 9.127879142761230469e+00
-4.323878288269042969e+00 5.800239562988281250e+00
-6.353711605072021484e+00 7.961954593658447266e+00
-4.174932956695556641e+00 4.616436481475830078e+00
-6.357361316680908203e+00 8.948177337646484375e+00
-3.976051807403564453e+00 4.339667797088623047e+00
-5.968969345092773438e+00 9.830530166625976562e+00
-4.259957790374755859e+00 4.465581417083740234e+00
-5.513934612274169922e+00 7.141389369964599609e+00
-6.325284957885742188e+00 9.744653701782226562e+00
-4.473910331726074219e+00 5.894460201263427734e+00
-4.168926239013671875e+00 4.349384784698486328e+00
-6.520657539367675781e+00 9.767192840576171875e+00
-4.485830307006835938e+00 5.930254459381103516e+00
-6.251467704772949219e+00 7.886426925659179688e+00
-5.237981319427490234e+00 6.026463508605957031e+00
-5.855027198791503906e+00 8.380689620971679688e+00
-4.290608882904052734e+00 4.577147483825683594e+00
-5.516996383666992188e+00 7.803255081176757812e+00
-5.231942176818847656e+00 6.395549297332763672e+00
-6.216332912445068359e+00 7.545534610748291016e+00
-4.080087661743164062e+00 4.463599205017089844e+00
-6.003045082092285156e+00 7.297878265380859375e+00
-4.183995246887207031e+00 5.112437248229980469e+00
-6.134183883666992188e+00 9.462393760681152344e+00
-4.188167572021484375e+00 4.420575618743896484e+00
-6.042259216308593750e+00 7.970965862274169922e+00
-4.375449180603027344e+00 4.599508762359619141e+00
-6.499004364013671875e+00 1.020276927947998047e+01
-4.866422176361083984e+00 5.862436771392822266e+00
-6.017393112182617188e+00 1.027527236938476562e+01
-4.910052776336669922e+00 6.088593006134033203e+00
-5.766142368316650391e+00 1.009113788604736328e+01
-4.512084960937500000e+00 5.702427387237548828e+00
-6.160858631134033203e+00 9.434505462646484375e+00
-5.502375125885009766e+00 6.822282791137695312e+00
-6.178020477294921875e+00 7.456344127655029297e+00
-5.854700088500976562e+00 7.764467239379882812e+00
-6.083616733551025391e+00 7.910099029541015625e+00
-5.385063171386718750e+00 6.407062053680419922e+00
-5.730193138122558594e+00 1.008667278289794922e+01
-5.270979404449462891e+00 5.550425529479980469e+00
-5.608102798461914062e+00 9.943838119506835938e+00
-4.806426525115966797e+00 5.707037925720214844e+00
-5.682065963745117188e+00 1.008892250061035156e+01
-5.325012683868408203e+00 5.623348236083984375e+00
-6.420837402343750000e+00 9.859527587890625000e+00
-5.387073516845703125e+00 6.224520683288574219e+00
-6.488522529602050781e+00 9.585023880004882812e+00
-4.643686294555664062e+00 5.685494422912597656e+00
-6.291010856628417969e+00 1.025369834899902344e+01
-4.511457443237304688e+00 5.585533142089843750e+00
-5.842926025390625000e+00 8.499121665954589844e+00
-5.307365894317626953e+00 6.101215839385986328e+00
-6.347665786743164062e+00 1.022029209136962891e+01
-5.675555706024169922e+00 7.233911991119384766e+00
-6.418592453002929688e+00 1.015975856781005859e+01
-4.988336563110351562e+00 5.981638431549072266e+00
-6.065747737884521484e+00 9.817413330078125000e+00
-4.860274791717529297e+00 6.239010334014892578e+00
-6.565369129180908203e+00 9.593047142028808594e+00
-5.657326221466064453e+00 7.520885467529296875e+00
-5.427793025970458984e+00 6.734621047973632812e+00
-5.324114799499511719e+00 5.615437030792236328e+00
-6.594364166259765625e+00 9.774470329284667969e+00
-5.473771572113037109e+00 7.097911834716796875e+00
-6.440615177154541016e+00 1.033144378662109375e+01
-5.892075538635253906e+00 7.526329517364501953e+00
-6.048859596252441406e+00 9.297146797180175781e+00
-5.151434421539306641e+00 5.961366653442382812e+00
-6.394855499267578125e+00 8.929484367370605469e+00
-4.281661033630371094e+00 5.490773200988769531e+00
-6.640936851501464844e+00 9.885463714599609375e+00
-4.274973869323730469e+00 5.268898487091064453e+00
-6.122347354888916016e+00 8.856884956359863281e+00
-5.585124969482421875e+00 7.653236389160156250e+00
-5.691722393035888672e+00 1.006134223937988281e+01
-4.571378707885742188e+00 5.766872882843017578e+00
-6.410330295562744141e+00 1.001344680786132812e+01
-4.371210575103759766e+00 4.504550933837890625e+00
-6.428440570831298828e+00 1.035095882415771484e+01
-6.096770763397216797e+00 7.405578613281250000e+00
-5.559696197509765625e+00 9.956933021545410156e+00
-5.268998622894287109e+00 6.149109840393066406e+00
-5.235596179962158203e+00 6.132575988769531250e+00
-5.964716434478759766e+00 9.723962783813476562e+00
-6.036373615264892578e+00 7.649826049804687500e+00
-6.519582271575927734e+00 9.192829132080078125e+00
