5.831100000000000000e+04
5.825617056005387713e+04
5.820143218965593405e+04
5.814678488880618534e+04
5.809222865750460915e+04
5.803776349575124914e+04
5.798338940354605438e+04
5.792910638088904670e+04
5.787491442778024793e+04
5.782081354421962897e+04
5.776680373020719708e+04
5.771288498574295227e+04
5.765905731082690181e+04
5.760532070545902388e+04
5.755167516963935486e+04
5.749812070336785837e+04
5.744465730664456350e+04
5.739128497946944844e+04
5.733800372184252046e+04
5.728481353376378684e+04
5.723171441523323301e+04
5.717870636625087354e+04
5.712578938681670843e+04
5.707296347693071584e+04
5.702022863659292489e+04
5.696758486580332101e+04
5.691503216456189693e+04
5.686257053286865994e+04
5.681019997072363185e+04
5.675792047812677629e+04
5.670573205507811508e+04
5.665363470157763368e+04
5.660162841762533935e+04
5.654971320322124666e+04
5.649788905836534104e+04
5.644615598305761523e+04
5.639451397729808377e+04
5.634296304108673939e+04
5.629150317442357482e+04
5.624013437730861187e+04
5.618885664974182146e+04
5.613766999172323995e+04
5.608657440325283096e+04
5.603556988433062361e+04
5.598465643495658878e+04
5.593383405513075559e+04
5.588310274485310219e+04
5.583246250412364316e+04
5.578191333294237120e+04
5.573145523130928632e+04
5.568108819922438124e+04
5.563081223668768507e+04
5.558062734369916870e+04
5.553053352025883942e+04
5.548053076636668993e+04
5.543061908202273480e+04
5.538079846722697403e+04
5.533106892197939305e+04
5.528143044627999916e+04
5.523188304012881417e+04
5.518242670352578716e+04
5.513306143647096906e+04
5.508378723896433803e+04
5.503460411100589408e+04
5.498551205259562994e+04
5.493651106373356015e+04
5.488760114441967744e+04
5.483878229465399636e+04
5.479005451443648781e+04
5.474141780376716633e+04
5.469287216264603921e+04
5.464441759107309917e+04
5.459605408904835349e+04
5.454778165657178761e+04
5.449960029364340880e+04
5.445151000026323163e+04
5.440351077643122699e+04
5.435560262214742397e+04
5.430778553741180076e+04
5.426005952222437190e+04
5.421242457658511557e+04
5.416488070049408270e+04
5.411742789395120053e+04
5.407006615695653454e+04
5.402279548951004108e+04
5.397561589161173470e+04
5.392852736326161539e+04
5.388152990445969044e+04
5.383462351520597440e+04
5.378780819550041633e+04
5.374108394534305262e+04
5.369445076473389054e+04
5.364790865367290098e+04
5.360145761216010578e+04
5.355509764019550494e+04
5.350882873777909117e+04
5.346265090491085721e+04
5.341656414159081032e+04
5.337056844781897234e+04
5.332466382359529962e+04
5.327885026891982852e+04
5.323312778379254451e+04
5.318749636821344029e+04
5.314195602218253043e+04
5.309650674569980765e+04
5.305114853876527923e+04
5.300588140137892333e+04
5.296070533354077634e+04
5.291562033525081642e+04
5.287062640650902904e+04
5.282572354731542873e+04
5.278091175767003733e+04
5.273619103757281846e+04
5.269156138702380122e+04
5.264702280602295650e+04
5.260257529457030614e+04
5.255821885266584286e+04
5.251395348030957393e+04
5.246977917750148481e+04
5.242569594424159004e+04
5.238170378052989690e+04
5.233780268636636902e+04
5.229399266175104276e+04
5.225027370668390358e+04
5.220664582116493693e+04
5.216310900519418647e+04
5.211966325877160853e+04
5.207630858189721766e+04
5.203304497457102116e+04
5.198987243679301173e+04
5.194679096856318938e+04
5.190380056988154683e+04
5.186090124074810592e+04
5.181809298116284481e+04
5.177537579112577805e+04
5.173274967063689837e+04
5.169021461969619850e+04
5.164777063830369298e+04
5.160541772645938181e+04
5.156315588416325772e+04
5.152098511141532072e+04
5.147890540821557806e+04
5.143691677456400794e+04
5.139501921046063217e+04
5.135321271590545075e+04
5.131149729089845641e+04
5.126987293543965643e+04
5.122833964952902897e+04
5.118689743316660315e+04
5.114554628635236440e+04
5.110428620908630546e+04
5.106311720136842632e+04
5.102203926319875609e+04
5.098105239457726566e+04
5.094015659550396958e+04
5.089935186597885331e+04
5.085863820600193139e+04
5.081801561557319656e+04
5.077748409469265607e+04
5.073704364336028812e+04
5.069669426157612179e+04
5.065643594934013527e+04
5.061626870665234310e+04
5.057619253351273801e+04
5.053620742992132000e+04
5.049631339587810362e+04
5.045651043138305977e+04
5.041679853643621027e+04
5.037717771103754785e+04
5.033764795518707251e+04
5.029820926888478425e+04
5.025886165213069035e+04
5.021960510492477624e+04
5.018043962726705649e+04
5.014136521915752382e+04
5.010238188059617823e+04
5.006348961158302700e+04
5.002468841211807012e+04
4.998597828220127849e+04
4.994735922183268849e+04
4.990883123101229285e+04
4.987039430974006973e+04
4.983204845801604824e+04
4.979379367584022111e+04
4.975562996321256651e+04
4.971755732013311354e+04
4.967957574660182581e+04
4.964168524261873972e+04
4.960388580818386254e+04
4.956617744329714333e+04
4.952856014795864030e+04
4.949103392216830252e+04
4.945359876592616638e+04
4.941625467923221004e+04
4.937900166208644805e+04
4.934183971448887314e+04
4.930476883643947804e+04
4.926778902793828456e+04
4.923090028898527089e+04
4.919410261958045157e+04
