2.907905000000000000e+05
2.814775179005861282e+05
2.725572386618704768e+05
2.640296622838525800e+05
2.558947887665328453e+05
2.481526181099108944e+05
2.408031503139868437e+05
2.338463853787608678e+05
2.272823233042326756e+05
2.211109640904026455e+05
2.153323077372703992e+05
2.099463542448362277e+05
2.049531036131000146e+05
2.003525558420616144e+05
1.961447109317213180e+05
1.923295688820788055e+05
1.889071296931342513e+05
1.858773933648877719e+05
1.832403598973392509e+05
1.809960292904886592e+05
1.791444015443359385e+05
1.776854766588811763e+05
1.766192546341244306e+05
1.759457354700656724e+05
1.756649191667046689e+05
1.757768057240417984e+05
1.762813951420767989e+05
1.771786874208097288e+05
1.784686825602407334e+05
1.801513805603696965e+05
1.822267814211964433e+05
1.846948851427212358e+05
1.875556917249438993e+05
1.908092011678646086e+05
1.944554134714833053e+05
1.984943286357999023e+05
2.029259466608143994e+05
2.077502675465268549e+05
2.129672912929372396e+05
2.185770179000456410e+05
2.245794473678518552e+05
2.309745796963562025e+05
2.377624148855584499e+05
2.449429529354586848e+05
2.525161938460568781e+05
2.604821376173528552e+05
2.688407842493468779e+05
2.775921337420388008e+05
2.867361860954287113e+05
2.962729413095167256e+05
3.062023993843026692e+05
3.165245603197861928e+05
3.272394241159680532e+05
3.383469907728476683e+05
3.498472602904252126e+05
3.617402326687008608e+05
3.740259079076746129e+05
3.867042860073458869e+05
3.997753669677153812e+05
4.132391507887825719e+05
4.270956374705480412e+05
4.413448270130113233e+05
4.559867194161722437e+05
4.710213146800316172e+05
4.864486128045888618e+05
5.022686137898440938e+05
5.184813176357970806e+05
5.350867243424478220e+05
5.520848339097966673e+05
5.694756463378438493e+05
5.872591616265884368e+05
6.054353797760312445e+05
6.240043007861721562e+05
6.429659246570108226e+05
6.623202513885474764e+05
6.820672809807820013e+05
7.022070134337143973e+05
7.227394487473451300e+05
7.436645869216733845e+05
7.649824279566998594e+05
7.866929718524242053e+05
8.087962186088466551e+05
8.312921682259668596e+05
8.541808207037849352e+05
8.774621760423008818e+05
9.011362342415151652e+05
9.252029953014269704e+05
9.496624592220365303e+05
9.745146260033448925e+05
9.997594956453510094e+05
1.025397068148054997e+06
1.051427343511456624e+06
1.077850321735556237e+06
1.104666002820354421e+06
1.131874386765849311e+06
1.159475473572042771e+06
1.187469263238935266e+06
1.215855755766524468e+06
1.244634951154812472e+06
1.273806849403797416e+06
1.303371450513480930e+06
1.333328754483862314e+06
1.363678761314941105e+06
1.394421471006718464e+06
1.425556883559192996e+06
1.457084998972365865e+06
1.489005817246237537e+06
1.521319338380805915e+06
1.554025562376072630e+06
1.587124489232038148e+06
