-6.370199854586089394e-01 -3.887146477474806017e-01
-5.492554921791081846e-01 1.788372378901110227e-01
-1.674246031336515117e-01 1.734086163861080776e-01
1.974105466537960263e+00 -1.999353799828225420e-01
-2.637735694837186617e+00 -1.274509878205676572e-01
-1.022390531814050485e+00 1.711501867566075141e+00
-4.726250197250321805e-01 -1.099399016897706360e+00
-1.927847968355492769e-01 -3.522874094615902618e-01
1.946879480875381319e+00 -2.374267181777044655e+00
-3.298010857085741376e-01 1.725858046929551914e+00
-1.461755393946208903e+00 -6.951312822082279519e-01
-4.989286488732906921e-01 5.583945467676458829e-01
-1.796504941619678775e+00 -4.515358872552530101e-01
1.400920280354585046e+00 2.207109328944134141e+00
2.211603622496062016e+00 1.072345039401210842e+00
6.385238154124970311e-01 -3.418027816960276244e-01
9.233068749285860966e-01 -2.446943376451028718e-01
8.528276840336926901e-01 -1.903595014329261925e+00
-7.461070641193360276e-01 4.474330483940096026e-01
1.797886727644870897e+00 1.117779228595663810e+00
-2.086863810318968948e+00 -1.780896436980007547e+00
9.090934388212120743e-01 1.173990563290786548e+00
3.048081728575732230e-01 5.365307629038486015e-01
1.941152885015249296e-01 1.015438331638613967e+00
2.688023401012674118e-01 9.986727499216420736e-03
-1.889686977058075756e+00 -1.309262459982989402e-01
1.028716862085373496e+00 -1.999768285276857016e+00
1.540710305648095968e+00 -1.581844390774828080e+00
1.429598600910077510e-01 -6.384927118735498341e-01
-6.108915719797271965e-02 -1.043897088932728812e+00
-1.343018680203874604e-01 1.359696334326576217e+00
1.681172071317107997e-01 7.785605360412976850e-02
7.692077396845685699e-01 -3.315803982246555703e-01
-1.157627838556271715e+00 -4.312374783165430214e-01
5.877314044567436557e-01 1.765522178333554404e+00
-1.087881938059181097e+00 -1.787088185883959832e-02
-4.740942075965118851e-01 2.191132275452868594e+00
-1.152926515980713607e+00 5.779981972864707274e-01
6.790020170841423175e-01 -6.179278539051754615e-01
-3.086645383837377743e+00 -3.260014199207016961e-01
7.203317601580850882e-01 -5.509516702685706147e-01
2.255236699118006616e+00 6.485723280543354008e-01
-4.900113456701412074e-01 -3.715554396367437562e-01
3.295447020930354354e-01 2.777617198517173591e+00
4.715150795484513435e-01 -9.162607036099388313e-01
5.804453978735010095e-02 1.332252704191980941e+00
2.150330605622906288e-01 -1.369347404947914848e+00
-1.107459831039583342e+00 -5.639418306064168940e-01
-1.303437238689353350e-01 -3.158138113978972150e+00
-1.038250049483525173e+00 -1.372660198195159165e+00
2.593022835378498425e-01 1.182268382742911045e-01
1.693609105115555513e-01 -2.706794496987422249e+00
2.905477122424264369e+00 7.457920555249754058e-01
-1.941765452096315681e+00 -1.214723525184987052e+00
-3.686543784724219397e-01 -1.168631384938170426e+00
-1.134201090543847323e+00 4.567692176296171414e-01
-8.946542731296260875e-01 -9.653760633349488529e-01
3.509310137680384800e-01 1.343135383881146172e+00
-2.730275696394560025e+00 4.121491690118265772e-01
-3.302332214667700772e+00 7.488406417223136824e-01
1.366043968044513779e+00 -1.091075893234618066e+00
2.551956778611887522e+00 -7.043295476586741190e-03
7.226649052420748287e-01 1.708522512468234389e+00
1.382148218194182876e+00 -2.751450505189271478e+00
-4.671813314772069736e-01 2.436346437364521833e+00
8.755789058281512327e-01 1.267971175720431776e-01
-1.265139747996673725e+00 -1.103277529281313507e+00
2.313319928536467618e+00 3.302766001730523815e-01
1.096120113865015178e+00 7.942393985211471108e-02
2.825496477893785913e-02 -5.072204428235964624e-01
-9.606553855311674717e-01 -1.604663443899858599e+00
-3.339826383248367669e+00 -9.666019211614750306e-01
4.958618065306527045e-01 2.648969753354754708e+00
-2.514728217025173684e+00 2.749896325772694272e+00
-2.473361676002498122e+00 -6.426411557117017725e-01
-9.330447289844272518e-01 -1.767871236366496679e-01
5.731949220258367728e-01 9.344987163432316724e-01
5.506442688166536259e-01 -8.924878490050935920e-01
2.081137060879111045e-01 -1.218717479216761435e+00
-4.285353118604607658e+00 -6.182893203925075021e-01
-5.638859400814258960e-01 8.624040401719451632e-01
-4.758606328245631456e-01 -3.482945499420732616e-01
-2.414591908939338893e-01 -1.070377556420160747e+00
-3.064191288274983882e-01 -9.189558276351014188e-01
-1.367658972927351613e+00 1.736119612980297489e-01
9.745860177109779698e-01 9.345266645705949671e-01
-4.793264751463622853e-01 2.622384779586437897e+00
-6.385808119853624287e-01 2.633254571250119858e-01
7.833068594828943576e-01 -3.429606393640977635e-01
-6.119489080046830454e-01 1.378964583357501050e+00
2.134992968208485609e-01 -1.437521414248082552e+00
-6.262332511481570885e-01 -2.719412192458510180e-01
8.003179981549091160e-01 -1.478854762340816364e+00
1.498245853322480281e+00 -1.106974531955072116e+00
-8.405370977334428728e-01 7.072296081967284209e-01
1.044054110043257877e+00 -5.354862493800548878e-02
1.900405474932839400e+00 8.410069212349896572e-01
2.178454088085227447e+00 7.044538987935768937e-01
-2.347766208769717922e-01 -1.594456503348662846e+00
-7.670359578820276636e-02 -5.868254244859309049e-02
3.093119291447894437e-01 1.136276971114723588e+00
1.031785084651538897e-01 -3.924091277507948949e-01
-1.296095368014272387e+00 -1.542881171391281114e+00
3.979761780733396814e-01 5.194468288634562780e-01
9.960548074757828996e-01 -7.322771398864048598e-01
9.651347785754768038e-01 -5.880423615370228285e-01
2.138690506072388864e+00 -1.230251882046943912e+00
-1.554138511464472128e+00 -1.305205836207568248e+00
-2.022907998407210250e+00 -7.315613749840348401e-01
-1.274730583501729742e+00 4.458498061719626815e-01
2.073944530160504396e+00 -5.491337273200916913e-01
4.128306548734630432e-01 1.419320148935057979e+00
2.615287215124794118e-01 1.091350108658121654e+00
2.105952026757828277e-01 2.241697986051747471e-01
-3.379200288650262340e+00 -1.612151285039539639e+00
-1.054800116258197917e+00 1.475517755377645734e+00
8.319917808931802661e-01 -7.027262994384805284e-01
8.350664708400439007e-02 2.009234168926413933e+00
1.031341196208406474e+00 1.752759781960642638e+00
-2.142630231232637572e-01 -2.107908416523163186e-01
1.324459964566763459e-01 -1.284440298405419012e-01
-2.089709777126964041e-01 4.453548642120754297e-01
4.290418714708770231e-01 4.578600700784461464e-01
1.030525089213406575e-01 -8.466616476134473934e-02
4.571054519290951745e+00 -1.490837711308071523e+00
1.830367385240243339e+00 -1.814536850463575490e+00
1.859969297626242746e+00 -1.208441973659042157e+00
-7.574151600471459300e-01 -8.889216587905358624e-01
1.748145795586490414e-01 -1.131544438224958843e-01
-2.288454547471935552e+00 -3.453192783474706706e-01
1.392221191208113718e+00 4.613562999607213611e-01
2.630456489615454196e-01 2.566998694363764599e+00
-6.820330472052851256e-01 -1.376709865698335367e-01
9.572165607904702112e-02 1.068271507851482616e-01
6.202025631722422050e-01 1.364442163260260799e+00
1.328592309639959668e+00 5.153928251858533871e-01
-1.666402272486930292e+00 -2.275989968167100752e+00
-2.269863978005667859e-01 -8.144704290494603205e-02
-1.630104555039820546e+00 -2.605757761930132421e+00
-1.373559362594530819e-01 2.142772047195544260e+00
-8.957678714766713624e-01 1.612628645629038404e+00
-6.544545397272830689e-01 -2.941566681267311356e-01
2.389563881652789767e+00 -1.644880367761487050e-01
1.746323928954021998e+00 -6.604315252507828582e-01
6.248766703075442352e-01 -1.451651601251418899e+00
1.274648312616960988e+00 -2.041119435346756106e+00
6.071490554303797804e-01 1.634604914164067280e-01
2.198451468481547266e+00 -1.455100378240394288e-01
-6.795383143607761078e-02 1.248943680427533121e+00
1.688013593493599807e+00 -6.310815634463138313e-01
-1.212333531322569713e-01 -1.179013978024729070e+00
-6.643078416718086743e-01 1.237192106642109213e+00
-1.459220913900658667e+00 1.705480767795807262e+00
1.099048072868797021e+00 -7.408516254507212517e-01
-1.166616849465425876e+00 -5.522086835518006387e-01
4.489046005723473093e-02 2.798135350525317588e-01
-8.440046029728874855e-01 4.249409691115830778e-01
4.100494615727468428e+00 -3.323509207895620210e-01
7.324098971812635916e-01 -1.711674366012851722e+00
-8.223094708284670734e-03 -5.194578153833822043e-01
1.401222026803638832e+00 -8.040102113389434590e-01
6.988658962760331272e-01 1.346371648543557065e+00
-2.088952736380932929e-01 -1.191864666819033164e-01
-2.805259950544367054e-01 -5.756035872812381715e-01
6.483924590299154911e-01 3.078869640204122682e-01
-8.948487280398544075e-02 -6.213039543873657422e-01
6.784802594208553250e-01 -1.149702083239353273e-02
-4.603556599456304355e-02 -1.244115537135471294e+00
-1.434486461110148119e-03 2.590094867161740755e-01
-7.474490852226325921e-02 -7.583428099724708327e-01
-2.336400825413714966e+00 -2.170521869844718399e+00
-1.619618439826052692e+00 1.448726592706437444e+00
-2.326569665666145259e-01 1.299219392052026523e+00
-1.677667986520459675e-01 -7.103536283880028564e-03
-1.638462917008931818e-01 -1.691622500613191027e-01
8.635773247835947242e-01 2.193169235849592447e+00
1.972989682292489055e+00 1.483186964506666206e+00
-8.483430262546203249e-01 4.996875363506971812e-01
-6.778458798556283860e-01 2.982879800465154219e+00
-4.944955367350928332e-01 5.341300250130569249e-02
1.846386736588876976e-01 -7.861033482190205035e-01
1.660851713446820588e+00 -3.928264867028912644e+00
-1.189855708328892758e+00 -1.939941124613257628e+00
-2.458461998583797992e-01 3.304334354089094816e+00
1.232144083628946785e+00 1.453685602832520962e-01
3.397542653143710289e-01 1.037792951934551205e-01
1.549390519133892141e+00 -1.711774333383219826e+00
-2.356381129112091966e+00 1.562536730489617609e+00
-1.609047135920084415e+00 -9.625414746742362304e-01
1.031815528387276304e+00 -1.346855198264859332e+00
-1.581815519099251333e+00 6.265599734035544044e-01
-8.828980504441060750e-01 -3.272535726021761793e+00
-1.688409701564759224e+00 7.776454447988721819e-02
2.023296350025720614e+00 -1.424544102817063118e+00
1.933088327422908925e+00 4.852506855339682179e-01
-7.113136443478393911e-01 1.940508597336007279e-01
2.401882136449015603e-02 5.040621013886260604e-01
-6.662203573811772417e-01 1.356796896850423373e+00
1.700276148607760440e+00 3.296774422536324689e+00
8.803089789757958528e-01 -5.591872638622948921e-01
9.695204190907408259e-01 1.310163146962922465e+00
1.473405960756053457e+00 -6.383500068984664100e-02
3.983060858263507420e-01 -3.070455070047189428e-01
-7.496154382003533678e-01 -1.445559486370918134e-01
-2.287428594900023704e+00 -1.632892211552192385e-01
-9.280970289574718146e-01 -4.248297404592645266e-01
-1.418181173763128911e-01 2.740713965103551253e+00
4.730726550889147175e-01 -1.330379601491433750e-01
-1.773022418332219630e+00 -7.749680872864060932e-01
1.063522834629773844e-01 1.318908984317379574e-01
-1.518764805131455953e+00 -2.733285228339918493e+00
1.087452093294784428e+00 -1.085626584534957750e+00
-2.241174638726222135e+00 2.344460811876180717e+00
-7.499189723449025680e-01 1.102739044464231544e-01
-1.894883042092419256e-01 1.728902776006711939e+00
1.078539437693955438e+00 -1.756308146952845206e+00
5.909065545928383623e-01 1.204655263673783727e+00
-4.938973051560220373e-01 -6.492912645516333292e-01
-4.039451422082312448e-01 -5.826006424854544008e-01
1.203843712882501693e+00 3.527230603340054949e-02
6.833670623643005315e-02 2.659687096554581132e+00
-8.153562535938581046e-01 -4.128606996579690103e-01
-7.249593262238903657e-01 -2.833580278821479781e-01
-1.594365388286159924e+00 -1.428496458888451892e+00
1.693473782622498813e+00 8.686817673128057748e-01
1.085070221321981915e-01 -5.354912985400193115e-01
3.993616188081234447e-02 1.711071123857875298e+00
1.047885059625719206e+00 -1.464288208227815025e+00
1.205398687626688448e+00 -1.573238436974997226e-03
1.090697326346999896e+00 2.311198760545970232e-01
4.948372839236708232e-01 -3.651129955982101438e-01
-3.051361706848403910e-01 -5.244882150780573182e-01
6.455271911160930243e-01 -5.608538143855585495e-02
-1.244253994110526618e+00 -8.634856056517482559e-01
-2.084498658679529104e+00 1.034447414742005744e+00
-8.981714938462861397e-01 -8.248264552945174799e-01
-6.011301073341325518e-02 1.099746060788215352e-01
5.648227589120115022e-01 8.220955463107038064e-01
-1.777650071245886754e-01 1.251940639258761534e+00
-1.019137455822657135e+00 1.724513507572917215e+00
1.029186472930414264e-02 -2.303611715163189355e-01
-3.948263583261524823e-01 1.607900011012585451e-01
7.474365812656822428e-01 6.509880696465818462e-01
7.953344395559810986e-02 -8.629097143889222776e-01
-1.508042409714482057e-01 -7.627826954452186781e-02
1.076594062204261126e+00 -3.096934394544304858e+00
-1.594637164871113288e+00 -3.211222008429871072e-02
3.890696933736407237e-01 -4.573248856485610976e-03
8.368449066232966915e-01 5.763230762320197265e-01
-5.705604386583239540e-01 3.600006798035472189e-01
1.408132375890868593e+00 2.016133297976842320e-01
-3.742600423786601738e-01 1.583531557953343549e+00
1.543373161270541249e+00 -2.344237355640415577e-01
-9.984927781422321402e-01 -1.974832222158811712e+00
1.798928728411764544e+00 9.267406647668318120e-01
-5.125114865273260323e-01 4.651378660832972134e-01
-6.220135476862233004e-01 -1.810368210074819517e+00
3.399736269907158714e-01 -1.943827772686388844e+00
9.706962187538196174e-01 1.811457483396964774e+00
1.283746745168502512e+00 2.939968916763691098e+00
1.301807963646453681e+00 -2.210481155153630972e+00
-1.077919955873453128e+00 2.265239057056890992e+00
-2.191392755197342779e-01 -2.809301675437609822e-02
-3.106604366406518380e+00 1.553943723007493061e+00
-1.601697794981942646e+00 -1.638602659455393962e+00
-9.088946796229261382e-01 -2.288897942736739299e+00
-3.438088727990585181e+00 3.613492133683517404e-01
-7.090571436871237476e-02 -1.766017405414420649e-01
8.091031546884976111e-02 1.259486874388595634e+00
-7.274639158463951372e-01 7.092330323447006979e-01
-9.044853321855070849e-01 2.084437816113079656e+00
-1.747715039631058564e+00 -1.712012972905257113e+00
-1.717306763217934407e+00 1.861547676979049548e+00
2.483995192996432400e-01 5.089228444979466796e-03
-1.965983149566117860e-01 1.093104750881595866e+00
-3.144174072700535727e-01 -5.749053894619629013e-01
-4.102950592324948742e-01 2.972502533172705630e-01
1.021551965760916891e+00 4.825913684390211178e-01
1.371704160839521291e+00 1.476374813221384530e+00
-7.468635178533585828e-01 -5.070176205191809782e-01
-3.162613253723805529e-01 -1.100590384864673865e+00
-7.533889483499601747e-01 2.854667803430031570e-01
-1.172290362384852846e+00 7.117922260425978420e-01
-1.100715160654488906e-01 -2.818399573662954793e+00
-1.517250637049945228e+00 1.586890350942816941e+00
-1.107578688940352996e-01 1.056107764067537369e+00
1.065437764854031855e+00 -5.983873664182636221e-01
-6.473875291256898645e-01 1.379448237106037034e+00
1.792796351817146805e+00 1.637607224133227346e+00
7.837756532436089829e-01 9.143474402673146262e-01
-1.034230035310244933e+00 -6.502920815647001973e-01
2.839644700741868366e+00 9.117129061963618053e-01
1.465573758876547172e+00 3.581370476494624366e+00
1.206939663081220360e+00 -3.670905991241517619e-01
1.228609156997663376e+00 1.306979218207355853e+00
-2.707088447557716826e+00 -5.996081857842185947e-01
-2.522838899551624881e+00 -1.603510301698018559e+00
-1.502758524857513989e-01 -1.835596790265458189e+00
-1.267994213085458677e+00 -1.336197698688938562e+00
-3.362415127020556560e-01 2.331937918529199127e-02
-3.292896904102463607e-01 -2.119138629880518820e+00
-2.266422739082557258e-01 2.640672417483452605e+00
6.554330840006857839e-01 -1.586946197483137533e-01
-1.662816688732894066e-01 -9.148214838864462961e-02
5.183631259178189676e-01 2.333205378435659616e-01
1.804216103090432233e+00 -6.689038954856425523e-01
-1.225464834554076621e+00 -1.437753373488532382e+00
1.819101502177175478e+00 5.064426293585554406e-01
-6.661816590739910726e-02 -1.369495580063845863e-01
3.476371458429801997e+00 3.475529973097207098e-02
2.043705836638221918e+00 2.141454832208361303e+00
-7.960688728415183935e-01 -9.821998588622091741e-01
1.198207490914830892e-01 1.753675304331812734e+00
1.443046162725392656e-01 8.322199233130191109e-02
5.678806310091052412e-01 1.591538499755807523e+00
2.549365854934494191e+00 -1.683100476373170062e+00
-7.500434642147362219e-01 -1.695669864517706626e+00
-1.657994735554509935e+00 -9.486969277421213320e-01
1.781219252072389736e+00 -1.901489489364838859e+00
4.520855326693841714e-01 4.773507333647052930e-01
2.448659320034205500e+00 2.190256365358629886e-01
-9.686628595241970896e-02 -5.109619131409978698e-02
1.613744940971125308e+00 -1.822012838210482988e+00
1.472998920743290752e+00 1.745164556605264705e+00
-1.276838715965718851e+00 3.478655217046388581e-01
9.818816119223955363e-01 -2.160501414039292190e+00
3.350035174623955947e-01 -2.549159409490216799e+00
-4.253065077070205535e-01 -4.377014449410217972e-02
1.190491085128827509e+00 2.131912380325141909e-01
8.470650371204728746e-01 1.872151408274300266e+00
-1.231246416044020076e-01 -9.494259352908891447e-01
1.164951374332576339e+00 -2.806098409913898806e+00
-1.222946903116025164e+00 2.462804083707939906e+00
1.114369974303600186e+00 -1.282029131789409027e+00
-4.317548393698778519e-01 -3.567257641133836366e-01
-2.006336517362178551e+00 6.276398592338636728e-01
-7.789635909658615409e-01 -5.149461849607135377e-01
-1.323988664004288884e-01 1.098891733501424550e+00
-8.172211104415422200e-01 -5.980601279207745091e-02
-4.439712494067703519e-01 -5.296743885668546703e-01
-9.766512017407309454e-01 -6.716567725456287219e-01
-8.503451248504158011e-01 2.384514291799124663e+00
-2.444094769067563178e+00 1.859099762169655001e+00
-4.483776196482816556e-01 -9.252723763729335804e-01
9.608375937118145138e-02 1.557021435642582385e-01
-2.083750981243726486e+00 -3.912246477206421380e-01
-6.747047183936010217e-01 -2.837738502425351417e+00
3.826051196149460321e-01 -4.109178828774686654e-01
-1.843196903359491712e+00 1.554507086221255330e+00
-1.018151716848514354e+00 7.077134605505065457e-01
-1.478774528519089193e+00 6.649428735196885043e-01
-8.350807338599602891e-01 -1.643157933104749668e+00
-1.511835403569393721e+00 1.963572338925917204e+00
-2.266603749955590774e-01 -1.804025891059993114e+00
-1.697950896063987747e+00 2.316077690165299907e-01
7.108342505103996123e-01 -5.620010503577265171e-01
9.515829193783793549e-01 2.445901277822834230e-01
1.410953104288172610e-01 1.013868715261236481e-01
-7.441912049348824443e-01 -1.027369074587479281e+00
-2.211210988069816918e-01 -1.497145045927807061e+00
-1.066630049306121375e+00 -9.794037188973310215e-01
1.324588176230759418e+00 -4.993947207497101415e-01
1.225067580424693769e+00 -1.448509559295868276e-01
1.452145536559962702e+00 1.302082331486932032e-01
1.777715636125958065e+00 1.040723701810480240e+00
4.262185330434780650e-01 2.446359276570618801e-01
-4.969997806551818553e-01 1.639948554578412043e+00
1.209603289084829336e-01 1.242514090387699666e+00
-4.913552023604914054e-01 1.040272211385509626e+00
2.325584957835467481e+00 -1.139574325594493232e+00
-2.372373583916251583e-01 -2.083180357253602288e+00
1.292420041319032598e-01 7.399899816715840295e-01
-2.239088045807357263e-01 2.938544610233625662e-02
-4.691943252097015016e-01 -3.136608840340620041e+00
6.135972028992791455e-02 1.623366191390788416e+00
-5.418950776686888050e-03 -2.667116662905554825e-01
1.313201479442309472e+00 2.062646893254342917e+00
4.549313565746855859e-01 1.744920083700355784e+00
-8.654517036500388727e-01 -1.163834235242032999e+00
1.382990302564141460e+00 1.911334022731901339e+00
-1.400830176798781856e+00 -1.018170989923417924e+00
5.861603809961053457e-01 -1.981647624756238679e+00
-5.539858006561433346e-01 1.090445444561236821e+00
2.085030745486555759e-01 2.136721059085610275e+00
-9.357893034336502991e-01 -1.101451217782448921e+00
3.261154919651080064e+00 2.601350921408526196e-01
-1.227374359888210753e+00 1.601931521493905386e+00
-5.871850707828421001e-01 9.101574744641391379e-02
-3.844003315312970459e-01 4.246289672060845621e-01
1.240190841317312907e-02 2.705732985909046762e-01
-4.010415389098143657e-01 -1.178636912045573915e-01
2.575312841750235116e+00 -4.870442719170656742e-01
-1.883004262643869220e+00 -3.216275447679184940e-01
7.445129717016487625e-01 4.158997504156503044e-01
6.757290865845236860e-01 -2.458033448252151754e+00
1.413476351953473209e+00 1.217055387696601043e+00
-4.672130709182535924e-01 -1.603513564081328946e+00
-1.377607095421245820e+00 -3.912867360720618248e-01
1.022911453909547186e+00 2.133767530830454451e+00
-8.060837506489524351e-01 2.223265534425229450e-01
7.340559708130545147e-02 -1.156696940532477402e+00
-1.218184038663489011e+00 -2.400840671510942492e+00
-1.131195160737039490e-01 -2.772891071453477685e-01
5.601856871594010912e-01 -3.518720004129456402e-01
-6.521694516493727889e-01 -9.997146461987610477e-01
-8.911909349849469475e-01 7.608341968075450490e-01
1.816301749454672043e+00 -8.332624927690689409e-01
-6.012541506484795351e-01 1.024585138123236483e+00
-1.418478107987248382e+00 6.594090921226865298e-02
-5.595686892700596493e-01 3.498750391876802368e+00
2.072932441987790142e+00 -1.080848427765275510e-01
-4.722045010031853396e-01 4.968943248165217375e-01
-1.063707465996524028e-03 9.583129880522250899e-01
-7.927910491074511290e-01 1.758049275006526857e+00
-2.128536079865010144e+00 -2.269058690728910088e-01
-5.854158742768681423e-01 2.509246226063279184e-01
8.608277909352017587e-02 2.002677833346253322e-01
-2.428051776458941102e+00 1.271588399695410265e+00
8.545311587441070111e-01 8.800284333990129187e-03
4.170595871651162079e-01 2.278938879632787629e+00
-5.604014377664284785e-01 -6.564131199837999753e-02
6.518976642152035650e-02 -9.155581369113137413e-02
2.208723965406249157e+00 -2.885400124353529883e+00
-2.264514977590119382e-01 -2.575614658062908013e+00
-2.312971218413058805e-01 -2.183360320062099458e+00
-3.161503348817150449e+00 1.034340844592372077e+00
-1.870160554912646544e+00 -8.406244943712486428e-01
7.990709486223247504e-01 7.672664381570716285e-01
5.634796844942400185e-01 3.532371808493369181e-01
2.006790048335858542e-02 6.099187092766640284e-01
5.995362755857197579e-01 2.050003529719496953e+00
-3.565567813114379203e-01 1.479757949286565122e+00
-7.038640940641114341e-01 2.072332329942811580e+00
1.755670491211178963e-01 -1.181697132587022692e+00
6.218257063342284841e-02 2.490880423212616379e-01
1.766778416437032526e-02 -1.812107327035297200e+00
6.982240660736713789e-01 -2.940197924420992148e+00
1.090955366240915048e+00 1.597805890475993973e+00
-3.503063918292992351e-01 -2.481975603317833901e-01
4.142557748630729120e-01 -2.211524429238573286e-01
8.874816287101829904e-01 1.220284881818587630e+00
1.771442472120876355e+00 -1.062901347014388653e+00
-1.888768378088983013e+00 3.728007778078056500e+00
-7.610966245429866550e-01 9.581618558165529986e-01
2.081487430228568414e+00 2.255148178231427547e-01
4.309089764432681435e-01 4.989516153729421921e-01
9.894905923683811055e-01 -1.288664898242237455e-01
-6.661968752947180494e-01 4.923686104411004183e-01
-3.144944965694094763e-01 -1.463439289882717098e+00
-1.780018755192055657e+00 8.073494269438324933e-01
-6.056582669263596008e-01 -1.241822517109309576e+00
-1.424463905130275876e+00 -9.189140206715017134e-02
-2.101203724049255928e-01 3.829926903465291632e-02
1.098153671742734927e+00 9.336616508081627686e-01
2.500316882741719926e-01 -4.975925789477964600e-01
-1.854996169092984872e-03 -1.462087071235249891e-01
2.177548008151691528e-01 -3.153651743843621791e-01
5.738356784950379152e-01 7.042660246096586751e-02
-1.226673287153580150e+00 1.552629965937482703e+00
8.535976408416727779e-01 1.499612154628667149e+00
-1.540393266051774512e+00 1.269539266037014613e+00
3.220144920416720069e+00 3.040101182740380548e+00
-4.884706719529187391e-02 6.458454690313834012e-01
-1.535826632755339594e+00 1.343966729360402068e+00
-6.080255904682428936e-01 -3.442097913802589781e-01
-7.869304041960174523e-01 -8.208676138896988661e-01
2.247330043960407142e+00 -9.388945107314455862e-01
-1.612927370172572150e+00 -1.319893255615446792e+00
-1.304120923319057157e+00 -4.282749048708334172e-02
-2.545039083978564709e-01 4.140622285088466081e-01
-3.643446285678543783e-01 -2.050983375462657812e-02
1.178051697307872070e+00 4.137499670066582258e-01
1.090507194489805709e+00 -4.925648168855631392e-02
2.499434005712096174e-01 1.088219574953722402e-01
1.004700879365780369e-01 -7.986147567804492420e-01
8.019452773961764924e-01 4.357868826073330593e-01
-1.417462759598820510e+00 -1.370798642011076485e+00
3.339680918443055813e+00 1.969085720470397760e+00
5.695183410340266539e-01 -9.613011427545692378e-01
-1.824998018314818893e+00 1.533913024765517497e+00
-1.065493121727051795e+00 2.552617106333903152e+00
-2.316476561290791381e+00 -8.753048355564343463e-01
-1.516453560986076310e+00 -4.945045713236643770e-01
1.066716535188220183e+00 -8.608557428907334108e-01
-1.430800283836114239e+00 2.703204195561874190e+00
-1.776286845548534332e+00 -1.979074954883833115e+00
1.217670871956219703e+00 9.185574900299172674e-01
-5.146258711390716556e-01 -1.081628339609768785e+00
-4.053073801449397912e-02 9.933181534409001034e-02
-1.214905924526142739e-01 -1.169973847643936415e-01
1.065930098514479063e+00 -1.517114662916108914e-01
3.048473095079461126e-02 -1.933446613834856498e+00
1.480654492552974655e-01 -9.778189796637534181e-01
2.229814207733368026e+00 -6.941081502513259949e-01
3.940926569706891813e-01 -2.255309257603416384e+00
2.405051315552537150e-01 9.737326447403976681e-01
-8.050188163707465705e-01 -3.077905334764703960e-01
-7.256485530055190036e-01 -3.840632329705227777e-02
-7.262895019440731570e-01 9.705687640066337218e-01
3.350622792186884746e-01 5.220682344161969857e-01
1.156095664144999535e+00 3.687739819483360382e+00
1.440059060642643329e+00 1.260319502304272810e+00
-1.608356522898733543e+00 1.198521532565712144e+00
9.014334422393350810e-01 1.626679455135046526e+00
-5.009055200805407893e-01 2.618124053383334982e-01
4.198398308997340900e-01 -4.078133390539329106e+00
-1.037013753505871549e-01 -1.941325019482345038e-01
4.065612986537003870e-01 4.061305815413088216e-02
1.422497054881297851e+00 -1.991145822210227623e+00
7.262055140088329308e-01 -1.246762893469836264e+00
6.858018693627947471e-01 6.826864605198861291e-01
-6.057144028661654023e-01 -6.321959020076350910e-01
-1.280987067083978026e+00 7.188702035603995455e-01
3.205354015184742167e+00 -4.286548816703457110e-01
-1.725428540307444747e+00 2.227989057176364696e-01
5.197895826572169753e-01 -3.463038808327563722e-01
-1.481129806246591907e-01 6.112294878298668577e-01
-1.211287667527724432e+00 1.086437228466560434e+00
2.431571741670269127e+00 1.204764069209621313e+00
1.183534897468446756e+00 6.573018471956869613e-01
1.270438685852407046e+00 -5.561528668613108239e-02
3.833182865643232073e-01 9.837673861544475873e-01
-3.569779171264546136e+00 2.328273875052473851e+00
-8.442479125717055055e-01 -8.960963246835796925e-01
-1.655531108210553493e+00 1.009075133273106717e+00
-2.289666628525842018e+00 6.755605777500799380e-01
-1.817696285686152491e+00 -5.591311895176158675e-01
1.545350880306649355e+00 -6.921283431103260053e-01
-3.879888000269044457e-01 -1.482850689088391176e-02
-1.076968977619315648e+00 -8.097761135571575064e-01
-5.397426986526990822e-01 -1.827881268256869252e+00
-9.139576802781294029e-01 -5.283453406073759240e-01
2.039663927076881045e+00 -7.167681898891269388e-01
-1.870292057081785198e-01 5.975192479140092328e-01
8.504256270977509358e-01 1.190982176303236884e+00
8.470199928268634659e-02 7.528996278160683675e-02
3.636431569842562411e-02 7.838833036976264879e-01
-1.507951002683143027e-01 -8.198465196270179334e-01
2.008107445954538051e+00 4.331583604834822743e-01
1.094442755225138120e+00 7.344644786619098920e-01
-3.232108076693273713e+00 -1.351595595805680894e+00
-1.589723099910695936e-01 -1.328467213173802897e+00
-8.528757558036592634e-01 -2.627943109712281844e-01
2.489708010417179262e-01 -1.677495322502824626e+00
1.036799425066440294e+00 7.682724156999358733e-01
1.569628728521381966e-01 -4.957514813404446247e-02
-1.205251359950769263e+00 1.547638406992956073e-01
-7.347815519863284406e-01 -2.450717441047375100e+00
1.874037162895193287e+00 3.128011953027721725e-01
-2.161617106262338162e+00 1.908481648093963423e-01
-1.449123712593348934e+00 9.228067995309393590e-01
1.089952488804433850e+00 -6.107137295070822480e-01
2.408952632376245795e+00 1.077088707426540615e-01
-1.755258358112770090e+00 2.142044814310607226e+00
7.822264913306670175e-02 -2.357943862743434524e-02
-1.251464338685466249e+00 -1.633815684956259728e+00
1.148499577543126149e+00 1.896918695220951356e+00
1.287438096731494452e+00 1.819234293866246244e+00
-1.286551080432438043e+00 1.921739937893975902e+00
5.493771972808496606e-01 8.940173352939346785e-01
5.669184615504702096e-01 -1.198245099904883482e+00
5.862513520467449446e-01 -1.159209052637161008e+00
7.498598781906921085e-01 -1.300227896654967685e-01
-1.177527580178619138e+00 -1.064537024683408273e+00
-2.839266531661635562e-01 -1.416916740687186316e+00
6.355056366962880121e-01 2.792505325579356379e-01
3.289421877097855051e-01 9.994279744062889437e-01
-1.340482175648061158e+00 9.800188002496283968e-01
-1.531890161183366850e+00 -1.225892188453985954e+00
-5.253539625756431519e-01 1.772462912500921250e+00
-1.194590833945407660e+00 7.305247405320593190e-02
1.412946387957945416e-01 -2.087969989534102400e+00
-1.244880951524095503e+00 -1.685440658087184129e+00
6.900059772864086671e-01 -8.997829293155853447e-01
-4.293203337300962597e-01 -2.602584800179320812e+00
-1.368019210092040971e+00 -8.360685616773561035e-01
-2.843538719445069529e-01 -3.368582582508975465e-01
3.299768729565124015e-01 -2.132442999195755640e+00
8.667581934097078056e-02 2.002605965777389807e-01
7.702702915445810428e-01 2.552970021010454893e+00
-4.958366650688533772e-02 1.113291111629775454e+00
4.096660730581609400e+00 -2.680689485092277557e+00
-1.578674920729920828e-01 -2.625176748408489247e-01
4.737851190314308347e-01 4.575129794873677991e-01
-2.414665307717360321e+00 -2.121743592450471561e-01
-2.536318896981509141e+00 1.201080973003959773e+00
-1.042099480673578382e+00 6.031737450244251120e-01
3.122882922329133781e-01 6.956987145663947603e-01
-2.914104662068775498e-01 8.848508283984175826e-02
3.753750495894125350e-01 -1.287163418453028729e+00
2.079208963986438174e+00 6.962952006534499638e-01
-2.127383352631264213e+00 1.353174197479374952e+00
-6.820436430109522163e-01 2.594202119887326408e+00
1.912317978737165802e+00 1.850267187296612548e+00
1.504327880677349683e-01 -1.557722374056122350e+00
2.441846227792009660e+00 -1.021095213081175013e+00
6.917836352736336791e-02 1.272140712874526569e-01
-1.442806796408899528e+00 1.775193869029423555e+00
-1.288728007648601404e+00 -1.621421877412657364e-01
6.489346267964249959e-01 3.298166555898208313e-02
2.074598948555285371e+00 2.614360918088797892e+00
-1.577016545021821647e+00 6.455197102431236011e-01
1.498279059612955821e+00 8.412617429018821591e-01
1.245756003944373136e+00 1.195666814495187413e+00
-6.980779795078301264e-01 -9.510627979730806869e-01
5.009418215346386205e-01 4.872491895988004806e-01
-2.105968314065793212e+00 -4.760983488132523034e-01
1.053783256573703753e+00 -3.315221999268692099e-01
1.424780722535159416e+00 1.342818273545492769e+00
2.402181554764852844e+00 2.224306641492567738e-01
1.151610363058984232e+00 -1.629030752024854534e-01
1.858128444116663003e+00 1.621935974776128164e+00
-2.379824662441860195e+00 -1.960661712068788143e+00
-5.634287755363576178e-01 -1.571117724371341895e+00
6.549285659204688581e-02 2.495077479751488803e-01
1.492497915961408517e-01 -2.026267603289384489e+00
7.492135556928777307e-01 8.205122759346745731e-01
2.290849634395542012e+00 2.063255657082541994e+00
6.176569659959719322e-02 2.800311575405708409e-01
3.237167695283556246e-02 -1.087194449942292633e-02
-1.277975497249779879e+00 1.191813635415638117e+00
-1.284848844242292842e-01 -5.785134256889948867e-01
2.377454163743804028e+00 -5.101835689766029969e-01
-7.812797055858238249e-01 -1.385142801008298674e+00
5.815489147655715785e-01 2.427756483675844734e+00
1.601572124129458485e+00 2.569637306277098965e+00
-2.344718769036513717e-01 7.349684543971173045e-02
-1.708493489830224116e-02 -1.980146471606236913e+00
-3.212866690222834221e-01 8.752831817225708022e-01
3.151472973239172748e-01 -9.609415731644009862e-01
2.649182345994450793e-01 3.736229156234231574e+00
1.485928288016263032e-01 2.440720575619798272e+00
-2.018465845388899726e+00 -6.696551926391382248e-02
-1.095870357586032684e+00 1.253921543235657632e+00
-1.099077646281806375e+00 9.570882986518650659e-01
6.910754745302984947e-01 6.098642456815956958e-01
-4.546086362780569767e-01 -1.185346617336072716e+00
4.414279468535026729e-01 2.208477440975001316e-01
-3.410354661372391183e-01 2.510451930289887001e-01
-2.024428871776851935e+00 5.282262762406194634e-01
1.781877260650184036e+00 -1.021673242899531653e+00
-2.525122069764171862e-01 7.113716370220513063e-01
-1.457087357206795719e+00 3.369649201542061490e-01
-6.371444994107698934e-01 -2.325226328117978802e+00
-3.548466367843748637e-02 5.888633208121227813e-01
6.252191032396186010e-01 -1.123846846273664601e+00
-1.168090351229407409e+00 -6.043594111611728763e-04
1.177775261452167710e+00 -2.393974139608178842e+00
2.106554670163083287e+00 1.212966344690611376e+00
6.504385699615529148e-01 9.864352208754398887e-01
-2.347269209377678134e+00 4.718555322848297928e-01
-1.007305250881324943e+00 -2.188195136252616968e-01
3.932294293095502380e-01 1.150769658802164974e+00
1.615610677740221490e+00 -1.527745265338467995e+00
6.393461395205101150e-01 5.270452957064084565e-01
-3.387568435605244344e-01 -3.079276757685888377e+00
1.356647809680452399e+00 2.435880286309900722e+00
8.218295788604973451e-01 2.247156927137131444e+00
7.667448202552883396e-01 -2.210753899754092977e+00
-3.928580125957367719e-01 2.396440735386285159e-01
2.282640279647981885e+00 1.412023369946515450e+00
1.876739302957362687e+00 6.632304375874269464e-01
3.349402115863888696e-01 1.981703829722117671e+00
4.333608014238801015e-02 -5.495279231551326582e-01
-1.858042731766374134e+00 4.621146127503556467e-01
5.375703828314839505e-01 -1.295522867737378014e+00
-8.836702060885108789e-01 1.196279453879590532e-01
-2.572994567014886269e-01 -4.868385927491117315e-01
1.825574701260021873e-02 1.899098003861692668e-02
-5.597026326811680441e-01 -2.025252931452696803e+00
-1.057480798563412261e+00 -3.045901336014818384e+00
-1.614220864187029481e+00 -7.691821186287546297e-01
-1.341041826903679179e-01 -1.729236915913657247e-01
9.387762152646091929e-01 -6.806172530348507665e-01
8.905363980032988680e-01 6.885074822326516797e-01
-1.549191170585631827e+00 -2.816606298996721769e+00
-6.754029105465216842e-01 -1.065648163064467635e+00
7.238965983152142146e-03 7.099356794565246931e-01
2.994346172895209213e-01 -4.915793179133576274e-01
1.650285561214290153e+00 -1.352539319550326802e+00
-2.544651025140896028e+00 -1.312675996383148691e+00
-1.585716738265512848e+00 -4.681789076532556493e-01
3.610616719063505786e-01 -5.656127936997352307e-02
-4.330592494620076893e-01 -2.404546133094089544e-01
1.834792398735276331e+00 -2.757550905712295108e+00
-1.290150908594035695e+00 8.460771873146788469e-01
3.217700377581529381e+00 6.831414298251441419e-01
-1.233454124393059903e+00 9.313598875412916478e-02
-7.358920575495802030e-01 -1.931833292976820049e+00
6.015964459982625634e-01 -4.241522419540084687e-01
1.868323393246005826e-01 7.992853109256305988e-01
2.387904245947543025e+00 -1.322084960542222687e+00
-1.495340266880220981e-01 -4.119866246872956328e-01
6.448196299388871955e-01 1.991544196797327748e+00
-4.100176064727417136e-01 -1.677104490456074348e+00
1.606383243530116189e-01 2.472441175498712174e-01
2.275153633555414334e+00 -2.195543462099216914e+00
1.052058364948119662e+00 -4.745443211181391008e-02
2.757905334624797700e+00 1.910276333659129300e+00
5.764233623677976759e-01 -2.154399309227909565e-01
1.025512694218772891e+00 2.595632208389035078e+00
-2.115552187175489873e+00 -9.634443585543934763e-01
-1.163686883594468702e+00 3.512155035730183172e+00
6.217524952958084494e-01 -2.820764160202820392e+00
-8.738807264371492023e-01 1.837008460010265187e+00
-1.658677768905533867e+00 -4.906021850692580955e-02
-5.364242080071034424e-01 -1.084906133295086894e+00
-3.067637589023708977e-01 -8.230101516743028034e-01
6.172720117012622243e-01 -8.318563270310208591e-01
4.886667253281621881e-01 6.805114909496908782e-01
-5.857126704671755668e-01 5.463466060364315265e-03
-1.896060658266897958e+00 -2.196110766036675876e+00
-5.932585044819038700e-01 -1.905868634190739097e-01
1.308791386665308698e+00 1.524290260130124475e+00
7.542666564566302689e-01 1.879065726553416082e-01
2.310467248717046340e-01 1.096792469565443406e+00
-1.270520440067682388e+00 -2.512956758907221588e-01
-5.515381864682548096e-01 -1.870306826812783152e-01
-2.824424991706995236e+00 1.223056020011196593e-01
-9.359692803473259604e-01 7.688152158191940977e-01
-2.638425408911168280e+00 6.439680580081680317e-01
-4.153643837444239706e-01 1.214335922922263888e+00
1.088818730389114142e+00 -9.013365136303155278e-01
1.272186679041785284e+00 9.632427743137487175e-01
1.178468688345583493e+00 -3.973914289198617888e-01
4.445039512323725184e-01 -4.002218838573831650e-01
-5.118702297834947235e-01 8.491647193383902725e-02
6.346292711816239329e-01 1.108725321383058571e+00
-1.333142168686495710e+00 -7.235267011638438772e-01
-6.184697767580569217e-01 3.994426582887398713e-01
-1.405847302223839135e+00 -5.674462823691009961e-01
1.538676161511068008e+00 -1.266112244806690601e+00
-4.583943555259944458e-01 -7.431178054213046780e-01
-1.621201989101413332e+00 9.188146965477882455e-01
-1.593605292972285203e-01 -6.727165653496305353e-01
-1.260615599862917380e+00 3.828713796318878315e-01
5.292825931722439092e-01 4.473664417576482810e-01
-2.281390727727298895e+00 1.128168268632255167e+00
1.236269700242386804e+00 -1.399751277915929792e+00
1.855854285392244618e+00 -6.374335294819385433e-01
8.627643349356904634e-02 2.002664547311372722e-01
8.460694116614632387e-02 -1.302969949502952085e+00
3.237022502013992553e-01 -1.448639916709535180e+00
6.239247303459865002e-01 -3.213041934534469402e+00
-3.865897862434203303e-01 8.887185184684479600e-01
2.612179426801726212e-01 1.272958055747795303e+00
-1.098408222080878405e+00 2.551084000204101088e+00
-2.892911052393126070e+00 -1.441410110613605244e+00
1.905231059535511529e-01 -6.562537282030993513e-01
-1.224896461355222677e+00 8.050984780224953452e-01
9.851717054271054153e-01 -1.226184535138859610e+00
6.078732656693252023e-01 -1.934853512398510000e+00
-8.436306854773951702e-01 1.244289603042124437e+00
-3.618316406817496250e-02 -5.338896352861318695e-01
9.348792251697815581e-02 -1.197785793659369658e+00
2.933284102298905793e+00 -1.043563252202293290e+00
-1.004830824624300956e+00 -1.519380871692900536e-01
2.389832819284411158e+00 6.684114175175962513e-01
2.040247413185551084e-01 1.810009565604905335e+00
-1.047856159564418826e-01 2.133790430907944735e+00
2.895490156816254990e-02 1.281304598101098424e+00
1.061400395916284323e+00 -2.663080982720649192e-01
-1.089615712897939126e+00 1.219407321120073995e+00
1.367840960321482946e+00 -2.480997705060863923e-01
6.004810466963877991e-01 -8.530885024700278763e-01
-8.117152805014675732e-01 -1.890643873207950687e+00
4.335600006346480573e-01 -1.068734198176654937e+00
1.756896604544256058e-01 3.513956825266763562e-01
-1.766288858939465189e+00 -2.872893848058503119e-01
1.018313199096662347e-01 7.800296477922631644e-02
9.054442930800354894e-01 1.564584380874350089e-01
1.658165245419045197e+00 -3.349760826036069505e-01
-1.854714299638509312e+00 -8.300643282652110377e-01
-1.206626804019337085e+00 -1.963698102851060057e+00
3.641191367284080105e+00 -7.662877433188378662e-01
-8.642022948466090426e-01 1.376635044702605004e+00
-2.455153689857523691e+00 9.675188083084064194e-01
-1.422745609582687365e-01 6.777996191853709052e-01
4.364073617967966640e-02 3.716046707233192081e-01
1.218552102223058320e+00 5.300522226183161933e-01
-2.297518990056778565e-01 -8.856985572513850768e-02
2.592314555430771605e+00 -2.113721786978825512e-01
-1.836908583368761949e+00 -6.990644734402726712e-01
-1.837676019788682391e-01 -1.067100902920623262e-01
1.231275314871551174e+00 2.794799527506238723e-01
-1.466958198032998872e+00 -1.101962347582028157e+00
-1.487172176262598677e+00 -3.223185294798580625e-01
6.318911602999905952e-01 1.058689132486332618e-01
2.593081784965342584e-01 1.182038482446148425e-01
-1.779076013100196751e-01 -1.422466496208330822e-01
-7.975601117315718191e-01 1.108538956700953593e+00
-2.059355515833189987e+00 -2.462197315516426510e+00
2.629109638602062371e-01 1.304982822643346196e+00
-8.616439509633855298e-01 8.022478445707978759e-03
1.818423962818965789e-01 1.651036447046069777e-01
-2.751141209660057818e+00 -3.675512338886759989e-01
-3.742610521263910472e-01 7.722567568478753142e-01
2.874580315124162788e-01 3.762568941179857129e-02
-1.233258239159032099e+00 -3.757393985175348505e-01
1.682147439039380021e+00 2.226726653463856120e+00
-2.362284730579208292e-01 9.875489732191303771e-01
6.931107680773547219e-01 2.034846981279252454e-01
2.828019553472373437e-01 1.725209416963417564e+00
-5.493710990730957082e-03 1.879886819112673579e-01
-2.615064365332451235e-01 4.742553941377326554e-01
-3.042559603270346136e-01 1.076790078712435372e+00
1.022151678465530233e+00 4.237949836689529626e-01
6.476877412098793751e-01 -2.198664195641074848e+00
-1.666159034549685725e-01 3.682493700245791368e-01
-5.231535608582090768e-01 1.818070892002641381e+00
-2.375710902196765506e+00 -1.526599896891842612e+00
1.712217254073420625e+00 -2.653385242496699714e-01
1.757333643511337362e-01 5.207944603770600089e-01
-3.328518281477175211e-01 2.230309425264285661e+00
-8.779057712259050184e-02 -9.023057564535297281e-02
2.997261290352506435e-01 5.266051511984450872e-01
6.699552864952744435e-02 3.574443649243385646e-01
2.280789129788495795e-01 7.877206160972400895e-01
-3.241656962295123012e+00 -4.639710269980691915e-01
-1.862747453029240718e+00 1.300070632282481098e+00
-1.283947782280409511e+00 -1.174663866141542057e+00
3.679379852296030262e-02 -7.591629955158095688e-01
3.629179742268056064e-01 1.471927540384871946e+00
-2.626390525610715621e-01 2.334966763357445352e+00
4.282479710827369890e-01 -3.072449758695087185e-01
-1.236342580356642129e+00 1.664506866724449474e-01
-2.486412774132706449e+00 -9.272500394492988463e-01
-1.390347405999775132e+00 8.017891669614216621e-01
-1.329496783174066721e-01 -1.508943267648731323e-01
-1.207477686111664728e+00 4.091829142543464970e-01
-2.287545050385541845e-01 8.015795725835680452e-01
1.803515128533258682e+00 4.230924459550501893e-01
2.609828293374586661e+00 1.155266324610317197e+00
6.123691029714989353e-01 -2.187978399510613625e-01
3.811561827591471441e-01 -1.473250867898641403e-01
5.346374171377548112e-01 8.228950877450947887e-01
1.030566819615694296e+00 5.557483314113940143e-01
-9.376247770969667328e-02 -2.764369346043553666e-01
5.773958095886957409e-01 -1.662813028339861443e+00
-9.036341271911221273e-01 1.331248639456204641e+00
-2.039980171578419377e+00 4.437492311430198816e-02
-4.582474289778313836e-01 2.109911932515721400e+00
4.368689632144289625e+00 1.131592906153180644e+00
-2.380075765042479308e+00 -6.022201524880099743e-01
1.550276084808444033e+00 4.157148067325037721e-01
-3.256864999199242106e-01 -1.773544068184707445e+00
1.684686194950320681e+00 -4.526166911016613059e-01
1.939178427292876927e+00 -4.641951331168582828e-01
-2.138023601525798956e+00 2.008883565926861348e+00
-8.685255349564859895e-01 1.176908884131875777e+00
2.069004600166447272e+00 -1.243858774732766292e+00
-1.117674173375746260e+00 2.971429208827345292e-01
-4.947470893310786932e-01 1.126626338178752018e+00
1.089531732765386840e+00 6.883474710692331078e-01
-2.029007616392185742e+00 8.068840680715919644e-01
-1.507181268955397835e+00 -1.635787540255446482e+00
-4.824099744495588538e-01 1.346163205924482131e+00
-1.894828807366973011e+00 1.866942103732170677e-01
2.818090398220871151e+00 -3.054436229578933459e-01
-1.430864614688733161e+00 7.688301660839270690e-01
-1.589533489521928189e+00 4.433617981816026510e-01
1.326845306504022437e+00 -1.064863421960156264e+00
1.582679926458857855e-01 -1.319757544964161033e-01
-5.394436513966740510e-01 -8.572894474999017689e-01
-1.028456877756759980e+00 -1.543890695537685209e+00
2.406304734711385840e-01 -6.468398364956290392e-01
9.138141216007308332e-01 -1.145075734634570130e+00
1.254052928179732795e+00 4.427811144106504971e-04
9.527877789292796828e-01 9.641541334096856986e-01
1.973727153608703100e+00 2.651804452405163159e-01
-6.699055260103747855e-02 -3.785793550367313326e-02
5.586671010513734048e-01 -4.907700833053517120e-01
1.287538797267359314e+00 -7.044418449524139092e-01
-8.065876357240783223e-01 -1.222407503105216398e+00
2.775604383614784787e-01 1.091959380824292891e+00
-2.337001480372877360e+00 -1.161542492662434922e+00
-1.890669183660365738e+00 -4.338290302803438775e-02
-2.201720924338568697e+00 1.959036023017463324e-01
1.024068591131893635e+00 2.326855148843531840e+00
1.110910656943016273e+00 -1.559549544298744372e+00
1.233388163390062742e+00 -6.390921354183523029e-01
8.494508287168597294e-01 -1.974116379145375744e+00
-8.715343051238281236e-01 -1.585773051584239424e-01
-2.627703437871664605e+00 3.689640277473719698e-01
-1.504901719696965845e+00 7.125520470536074180e-01
8.572293873086407334e-01 -1.008395209188514885e+00
4.718183063841256408e-01 -3.637520670089002262e-01
-6.767700562815687215e-02 1.710152408735605478e+00
-3.181696051391921243e-01 3.571308203628726918e-01
6.986320675784702949e-01 3.254780038132627784e-02
3.718787634058859370e-01 -1.005781746280238975e+00
2.740616522120499221e-01 1.818173135422523901e+00
-2.178066274312186135e+00 1.066648768750853238e+00
9.628049861472324222e-01 -1.741118074159792473e+00
-4.077592577942164009e-01 -1.180289453902395591e-01
-1.882025311228811448e+00 6.122828671104382225e-01
-1.530329271148039405e+00 2.304471542886180391e+00
9.593609127254032476e-01 -7.342460658040350641e-01
-1.125695021949605218e-01 8.136867058688646015e-01
1.018045136414534424e+00 1.184037427438238976e-01
-2.789872982810760682e+00 8.950937591242719149e-01
-2.779619293834488802e-01 -5.281212288922676468e-01
5.316426360019032016e-01 4.039953118991770897e-02
-1.106530114186720509e-01 -6.842301935321267771e-03
2.017447957465491548e+00 1.291715648628022350e+00
4.329317083614515893e-02 -1.281369635742922730e+00
-1.891682135407483090e-01 -8.606377938712168607e-01
8.222498461217641053e-01 -1.513726299805917275e-01
7.147783506500137163e-01 1.588390836070662671e+00
-6.258083763298236679e-01 1.792586257016455908e+00
-1.690230991663070051e-03 2.310705546357060491e+00
1.713501895202297121e+00 -2.727954748737103710e-02
-2.708395224996037687e+00 6.562120930350374692e-01
-1.348543652074296384e+00 2.332213521051885508e+00
1.842315777307473201e+00 1.918171010031034296e+00
1.720831506454240101e+00 1.351810311127509934e+00
2.475137053388337893e+00 1.559314717660930327e+00
-8.833756501831478702e-02 -4.016610937011905746e-01
1.656764797461415695e+00 -1.991914118556445512e+00
-1.091489901598834411e+00 4.863885028220595874e-01
8.587364417872975220e-02 2.002681622949943618e-01
1.496977563173675030e+00 -1.483784648303042852e-01
3.966663394032651779e-01 -2.382848158468406030e+00
-1.432150585536694498e+00 -4.531558138772458499e-01
-3.421740087647516249e-01 -1.129031511086527606e-01
-1.376795463545490428e+00 -2.016658074252491717e-01
-1.634713278646454881e+00 1.714562195462869365e+00
1.287516291949293290e+00 -3.193494031126254962e-01
-2.073037368376435818e+00 2.302759160414892481e+00
-1.983464312835351517e+00 -1.430629655374700437e+00
-6.956910950655806336e-02 2.756172646171327623e-01
5.363635703486425710e-01 6.583338610013258485e-01
-2.132128116660329253e-01 -3.291995672230108028e-01
2.542462185833492261e-01 -4.720543523854247581e-01
1.411106347089108870e-01 -5.011508770204460284e-01
2.960614416915258729e-01 -3.214470488700213457e-01
1.617761771158200634e+00 1.096109467526748427e+00
-2.601318808235576263e+00 1.066562519040819973e-01
-6.605052943018796530e-01 -6.244665310718013895e-01
-7.347926704163209033e-01 3.422452401052159532e-01
5.303269117543567557e-01 -8.998988179588164327e-01
2.604632360577332495e-01 5.846496191078817128e-01
-5.055184319310987440e-02 1.685907962076263145e+00
-3.654512191769591634e-01 1.153524692589099621e+00
1.725236194962790348e+00 -8.157027355275635605e-01
-4.317180928648819416e-01 -5.647230305600445810e-01
1.921465323667866654e-01 -7.343854581882994781e-01
6.139377670798144004e-01 2.298774580569759862e-01
-3.626253899605886288e-01 7.211925956169842888e-02
8.912647245320159950e-01 2.930912012433301239e+00
1.022665869919215709e+00 -3.439232037820066923e-01
-5.407492438937333556e-01 3.373230717853455962e-01
-5.690017817306780579e-01 -5.504940346388647043e-01
-7.422205532719597931e-01 -1.392751192267082994e+00
-9.225734406744555693e-01 -1.702449420787687462e+00
9.191673913576027255e-01 -9.133737796207783699e-01
7.527816020497509752e-01 -1.636688093962512802e+00
-1.450713348387615342e+00 -3.234243641661127544e-01
2.278823950428748579e-01 6.370270495961090074e-01
-2.347337644749919738e-01 1.425299478458894598e+00
-9.498416045907440708e-01 9.586831886255716695e-01
-5.782940699734514522e-01 -7.225232370731385911e-01
-7.267222677895004423e-01 7.099511850054157636e-01
-9.619833221726133976e-01 8.975484869680198097e-01
2.078353530342863298e+00 -1.553287369546646701e+00
3.187269878700157211e+00 1.158770925284500874e+00
-1.371425418803425868e-02 -1.641397383210468686e+00
1.679674307937716549e+00 -3.372037071646563078e-01
-5.896913125121705512e-02 -3.774578095946740097e-02
1.335931454080553915e-01 5.542590546622633979e-02
1.581537517101137880e+00 1.680607730167277047e+00
1.338979341013682607e-02 -1.041885209011367053e+00
1.463722931389855653e+00 4.683591018933935257e-01
-3.050142865701040984e-01 -2.351373874065473477e-02
3.994176525064173644e-01 2.818312779229591669e+00
-1.882878722993693188e+00 2.205375302382802938e-01
2.792548671052488829e-01 6.433151165109136649e-01
1.238168158735410973e+00 -5.879537814190766154e-01
-4.118418449560750511e-02 -1.823495778790389099e-01
2.965039157158069205e+00 -1.343773328592259064e+00
-9.786924419536245923e-01 3.706476862520988735e-01
1.999017502574738536e+00 8.434651441829948970e-01
-1.735919634200351558e+00 3.904192419994973462e-01
1.491508604946203409e+00 -1.135496055142214189e+00
2.037554462752579454e+00 -1.843856189423649150e+00
5.901102269309748127e-01 -6.018925470292515456e-01
2.833986653284705337e+00 -5.532068109925583066e-01
5.762249276080729649e-02 5.565216318689949482e-01
4.548691620474941688e-01 3.404891001500776060e-01
1.292432505007619303e+00 1.122681088127657212e+00
-1.236574134843768213e+00 -6.961482602247892615e-01
-1.384642469991699931e+00 -2.150084972910931924e+00
-6.153416466090814163e-01 5.966549370863398760e-01
-6.902535680311221444e-01 1.015855573115037602e+00
-2.936095376884102492e-01 -7.106450842876166352e-01
2.318224078322990600e+00 1.288991468145757047e+00
2.620743817669339559e-02 -6.912974842226515815e-01
9.568489309125853548e-02 1.068496865977619503e-01
1.395637967179574446e+00 4.250880703484810064e-01
4.733345028435165802e-01 1.167318525199673385e+00
2.928191565484256076e-01 -7.537680638955108758e-01
7.447524949618164469e-02 -2.845522461678777315e+00
-2.224190399030609111e+00 1.341165161224508573e+00
1.244789296390711175e-01 -6.782423368167711519e-01
4.974379180161444917e-03 7.369760566884585584e-01
8.264026388333055306e-02 7.946745615582320732e-02
-2.080983953841688994e+00 -1.868475774679384305e+00
-1.008033947505756034e+00 1.218304294082456884e+00
-1.012768664232770177e-01 -2.722369328290734705e-02
3.278640224629698063e-01 1.664453672110613458e-01
1.125158244936543678e-02 1.867571775579032409e-02
-1.386285618206985593e+00 2.197047281952100750e+00
4.343814548423744482e-01 4.957399538308583375e-01
-2.082289949599892331e+00 3.433251359902574351e-01
1.980011811276850109e+00 -2.361759760183550494e-01
1.838017998682792420e-01 2.074957483310173045e-01
6.509074749868708487e-01 -8.977319535504796333e-01
8.353234687391835056e-01 -2.365923114469257182e+00
-1.060981909966534298e+00 -2.762988262266672934e-01
3.443025064826721882e-01 -5.089308798603319195e-01
9.776839491579440988e-01 -1.134620321422088463e+00
7.215886321109225843e-02 4.980807106998799139e-01
2.218464019086189509e+00 -1.774044218736140266e+00
3.912319191764054294e-01 -2.101055706878835583e+00
-9.478532661771433832e-01 -7.419887363989623452e-01
-9.433667487884653813e-01 1.993405063676913391e+00
1.813778963370336061e+00 1.165878380412054341e-02
-8.706513044987269634e-01 -2.045520847309296286e+00
2.685400305342296789e+00 2.421354721024109313e-01
-1.516906147257968351e+00 6.625970418738845458e-02
3.251577550976362807e-01 -2.438790387163651374e+00
5.469548902094365506e-01 -1.226642209827833785e+00
5.731006719850262332e-01 -1.515651082332359068e-01
1.421144650346841398e-01 -3.378133772785895661e-01
9.262796702951054950e-01 5.742235326329090395e-01
-6.611363134995904556e-01 1.528829616501855782e+00
-4.173517825586484098e-01 -1.299877607314130490e+00
-6.700442645621832449e-01 7.909644538946831727e-01
-7.943458398697244016e-01 -2.498772008870734140e+00
-1.579609686985816996e-01 6.541855269206200418e-01
2.457788470199756325e+00 4.410831529891372504e-01
-1.473251668294097705e-01 -5.342163643088664315e-01
2.224207243443441673e+00 -8.407707429634765361e-01
1.592698766222484963e+00 9.591190439118024713e-01
9.015376955279401638e-01 -1.506993786207439845e+00
1.605896946656879987e+00 -1.380630247144735367e+00
1.969620148897734402e-01 1.869492899514507422e-01
-3.579871603394556567e-01 3.132961465523599554e+00
2.605469515871852604e+00 -8.272514370386088167e-01
4.021914301715061590e-01 -1.466214295934226974e-01
-3.293898589200408566e-01 7.376400277549274298e-01
4.319730199694577499e-01 -1.056852586541171091e+00
-5.073843143766139097e-01 -2.295341527496158385e+00
-1.142311725069430572e+00 -2.515292351843728014e+00
-2.755412000509497861e-01 -1.177309234364465773e+00
5.371629721385866585e-01 -1.881862933467583376e+00
1.684534561614548787e-01 -1.694896266496086268e+00
7.047780595151951211e-01 9.455004357940969273e-01
4.734001423217750193e-01 -1.858553960780339187e+00
3.356479821626817683e-01 -1.605370333670258151e-02
1.310844582359769750e-01 6.442196664782620097e-01
-7.400724953359333336e-01 -1.924015306877524534e+00
-7.233701438276908535e-02 -8.801085019148001398e-02
1.569039587909469569e-01 -9.444875377617393264e-01
1.310203120982118552e+00 -1.724468809351430154e-01
-8.293674932299007763e-01 1.209064554398573688e-01
2.538143054195231563e-01 1.152170128437087548e+00
5.148087483850111168e-01 -5.502067888814875518e-01
9.213992626076568104e-01 -1.377781769756946550e+00
-8.973626215656762550e-01 1.158790861632196384e-01
-1.808638095325916240e+00 -9.780053700834548946e-01
6.185815660937717640e-03 -1.203624899872140608e+00
9.694993137815813844e-01 7.649597780354303600e-01
-2.051517206445248931e+00 -1.583807110439807486e+00
-1.484606968198863397e+00 2.850349743376325365e-02
1.529041603165930852e+00 -1.713500447356793632e+00
7.792124447815286237e-01 2.932103290429614595e-01
1.177010720095177793e-01 1.128492580548084434e-01
-2.087529904584967400e-01 6.009977859864392043e-03
