3.920640984394961892e-01 8.416111119735685264e-01
1.938359248365273402e-03 8.196555543341316197e-01
5.240686841391114514e-01 5.023452187822059489e-01
5.227810034148286933e-01 4.643913792641063409e-03
6.980826234668519037e-01 6.754961837097789301e-01
8.763935742695228015e-02 2.361656150992773595e-01
4.156938278144333143e-01 9.697560907119899820e-01
7.718735361264850159e-02 5.145840489753104041e-01
8.865477615639625331e-01 7.940665976669158965e-02
6.029056024640947475e-01 1.824051028945705699e-01
9.908800393423113917e-01 9.484308460809554031e-02
7.123853725956548200e-01 4.859102740299150458e-01
8.702567765728456139e-01 8.870204848976881440e-02
5.271638013122311728e-01 4.320008920808067199e-01
5.569845140973724851e-01 9.031837690241655281e-01
6.961217751640631501e-01 2.300137070635681624e-01
3.361744695538850802e-01 4.747665902781978975e-01
6.031341209325691288e-03 3.108616721593335797e-01
2.758104382726522807e-01 7.731222971908235930e-02
3.304361020514217095e-01 9.456013901054441950e-01
4.520894889636537517e-01 4.884957522722316314e-01
7.995098218322813644e-01 1.797148425316528186e-01
1.537509594871808716e-01 6.873533782121875602e-01
4.742360608061143568e-01 9.782043131992025353e-01
5.160778244685197969e-01 1.451291312344419326e-01
8.513428977253765240e-01 8.224353586557638929e-01
8.981811813187671190e-01 8.581042846277321390e-01
1.695433430064342550e-01 4.492168895524177863e-01
2.358757056767512017e-01 4.067921719701984573e-01
8.918442896126899111e-01 8.194391874436663947e-01
3.381939907041302540e-01 6.433996038262246309e-02
2.938889933883992445e-02 6.390889856440625794e-01
1.483886736881488977e-01 4.952778564330440059e-01
8.957242276517030088e-02 1.231462446751652173e-01
3.868068394019165135e-01 1.041031094568185544e-01
2.449772287179546870e-01 7.708498840187791856e-01
1.559199593134164008e-01 5.301565140550045241e-01
9.093168874158044090e-01 3.162959187118011828e-01
3.913548786019500625e-01 9.849809585107616172e-01
9.851137675916150638e-01 6.686222339291600925e-01
3.636414723365576362e-01 7.320253635514457624e-01
3.470637019676032775e-01 3.936478860596824836e-01
9.157994124422474957e-01 5.909719403694744244e-01
5.049818844355857816e-01 9.130796732948903704e-01
4.594919622843568474e-01 1.715681490801201914e-01
7.286331910163268422e-01 3.204914528270883523e-01
6.416258815399478177e-02 3.600939444252142518e-01
1.152033663791988127e-01 7.651838649797253478e-01
2.065633181191274259e-01 9.226935528410395992e-01
2.228697621342008439e-01 1.549761904624977760e-01
5.653335782218967820e-01 9.965254745330065500e-01
9.739814846771104317e-01 6.389589266178431481e-01
5.419716315556758479e-01 5.901180229028816226e-01
5.582996921582050742e-01 5.846767726752851724e-01
1.810542490551155792e-01 5.620621472580704658e-01
3.760707566849273986e-01 8.925791664016855531e-01
4.203687497406266571e-01 7.181258277047251060e-01
5.560875047109097302e-01 1.716206023791853053e-01
6.190957398641464549e-01 5.160858317928483929e-01
7.196923989450109138e-01 6.230266922011483688e-01
6.586357250149461606e-01 7.216542292213617982e-01
6.462563197083502908e-01 8.761642300177323595e-01
6.722261885605066434e-01 4.418905754526658569e-02
3.273540543392915447e-01 3.966503244753439850e-01
1.197529936235146586e-01 9.315553019247352351e-01
3.301166865962514851e-01 6.132974463509888174e-02
3.743008658046603765e-01 8.149390620446987921e-01
1.357847349870647813e-01 9.013811639178519464e-01
2.616032007669081283e-01 9.469436891108989895e-01
4.244921997821976545e-01 3.388851144460828246e-01
4.702956937358503398e-01 2.927832836299015806e-01
1.458082510828399014e-01 6.446260103363444793e-01
2.150513604995601957e-01 2.752130758901949470e-02
4.754445614642882623e-01 9.759120486768786407e-01
1.032196057871777040e-01 6.926928913175789404e-02
1.189112628200017507e-01 2.654245633084461042e-01
3.577176605582510494e-02 3.611738251042632131e-01
6.481853952393681340e-01 3.335746494596464329e-01
5.922882039330276127e-01 5.166786435640792208e-01
1.959993631363967648e-01 4.245144438260364250e-01
4.525671631649350601e-01 8.689209881405826064e-01
6.598240537198862832e-01 5.006939305149853414e-01
3.476865898563991086e-01 3.389815779824902897e-01
4.532816351482793493e-01 1.654445247472202674e-01
2.354886771900231990e-01 1.202285006598051709e-01
9.870092145964201036e-01 1.077118397010846662e-01
1.308387149324463650e-03 1.815171350906938930e-01
6.055603271570827451e-01 4.913964140816671211e-01
4.968807913734540893e-01 9.763864831886726048e-01
6.719073612505824800e-01 6.767899585197184598e-01
9.269480118997335261e-01 3.919305087810809329e-01
3.913200877254052745e-01 4.470898102659943696e-01
7.653015576657641317e-01 8.501010686377290515e-01
8.804664292155524041e-01 9.917696223439772529e-01
3.811236228447866248e-01 2.393142018536116300e-01
3.992734126495521840e-01 5.190526588568433741e-02
6.964581885436060826e-02 1.126950719571396808e-01
4.270905304290096849e-01 2.973501644026863566e-01
2.517452328093418013e-01 3.546578420007358012e-01
1.625541761844880861e-01 3.942086649281858479e-01
1.684667911012340813e-01 8.058496053699980566e-01
2.335464075673769901e-01 9.181195357132548862e-01
1.383690577554481660e-01 3.875783626300983720e-01
3.268139998124007795e-01 8.839495743770118263e-01
6.815421201598729217e-01 4.201375062249954606e-01
7.444518011581794381e-01 1.628195402216914278e-01
7.023379189586885785e-01 5.102468181484891563e-01
3.844312771169090537e-01 3.078426393389858129e-01
4.569258251452437136e-01 3.733939542705881909e-01
5.687392773238227894e-01 4.199410191412510374e-01
7.404026394549967360e-01 3.517593080666968630e-01
1.790641307734681664e-01 3.048478764532356333e-01
6.606566999674435836e-01 2.501885203128190183e-01
6.414426962834346435e-01 6.965181096734045507e-01
2.242053877923249061e-01 4.242026172774993054e-01
7.477620878538837612e-02 9.377138075267927864e-01
4.570506468784839571e-01 9.246945146048232145e-01
1.006138092605125545e-01 8.638207168675722247e-01
3.014450250858221603e-01 5.974150838907987815e-02
9.238789497582903243e-01 8.906069961790041845e-01
4.682829502914386266e-01 9.426279459831357066e-01
8.147521436284486107e-01 6.644391277399414042e-01
9.324174329081671431e-01 3.366028522345044793e-01
9.035821203115395051e-01 1.011425105274667002e-01
6.122366748286315330e-01 9.029618024660274189e-01
4.851631081042828697e-02 3.290272801072222641e-01
3.924570998504839370e-01 6.465655418659677078e-01
3.570132954922140556e-01 1.786003653765727561e-01
9.836150059677404300e-01 9.938794418340163306e-01
2.434397674272309464e-01 3.710404242440459299e-01
1.979089513117415766e-02 8.545309704571120157e-01
3.632255876195065181e-01 6.542983551562755462e-01
2.609261990992702840e-01 8.336430889219771379e-01
1.466260799525185288e-01 5.033718082542182337e-02
2.207607125456576558e-01 4.791721443974557015e-01
4.734877370187051682e-01 8.797206193720175094e-01
1.069913919007057235e-01 8.464461683229199673e-01
2.368346504918924511e-01 8.829913066765437968e-02
8.604495983810429571e-01 9.637397219792324110e-01
1.240348526723574762e-01 9.065098165070658576e-01
3.399103914204992805e-01 2.193892832752766253e-01
4.599291160855873972e-01 4.025204519601220943e-01
8.107656419210278465e-01 1.569853739522952818e-01
8.852548839079577014e-01 2.709164148152380935e-01
2.423630449313596280e-03 5.624894481502223931e-01
7.546100680963631069e-01 4.635481292999564795e-01
2.656864908038557571e-01 1.796112415822673780e-01
1.227214130602849451e-02 6.629899090198642098e-01
2.683316870018328526e-01 9.613476377865615152e-02
7.136132244086849097e-01 3.158872271892336769e-01
2.079568516056047311e-01 3.849740189121952927e-02
7.024330846071764611e-01 2.926394081354402044e-01
3.412875299420947695e-02 2.559328987601878769e-01
7.902217331299128400e-01 3.037028831830236308e-01
9.265661259349089462e-02 3.886935982959498492e-01
3.235629140351956590e-01 7.218592595141202217e-01
4.220033227280627353e-01 1.287326071791080606e-01
9.830674984337581801e-01 4.442399638235253745e-01
2.475269841133979076e-01 6.753457930341785209e-01
6.131990011521045725e-01 8.306700452328902307e-01
5.932413709345106811e-01 7.611268828923074548e-01
5.064802065706315304e-01 9.766802773196556764e-01
6.595940528288246618e-02 3.936688979448433878e-01
8.842855670944954616e-01 7.323569702657727332e-01
8.632981238769876775e-01 3.020535409605704658e-01
1.949177274162365858e-01 4.198835944856217361e-01
2.837209137073815057e-02 3.453474136543188688e-01
1.505580983989240895e-01 9.544000094083052721e-01
2.592555625058233781e-01 1.052922265013704894e-01
9.033727288483736073e-01 2.280313828826452394e-02
6.976713152095723736e-01 7.145715907847344228e-01
9.449020440939397414e-01 3.622741381052928533e-01
3.083086080217176672e-01 4.108208328650068131e-01
3.692649087887094339e-01 6.397480415186213021e-01
4.328534926429001839e-01 4.433477194505608399e-01
3.756449190975188479e-01 9.475767249571187545e-01
4.346740426437607496e-01 9.932561548967380194e-01
4.175463146211034760e-01 6.375717222624974756e-01
7.434506192173777617e-01 1.766551205473616548e-01
9.322808518596004124e-02 8.299090200433776321e-01
5.236299767075727196e-01 7.590670572258321203e-01
7.158418941752862086e-01 9.379490777345204089e-01
1.858772335647709273e-01 6.977929089372176819e-01
1.618745953167567420e-01 1.588891756690417045e-01
5.317198195048192799e-01 1.478430954684262222e-01
3.088931093054181343e-01 4.643407796224948703e-01
7.471772326811613185e-01 3.959906921980985706e-01
5.161337092875585286e-01 1.421947500059164149e-01
2.295644919521850902e-01 9.831722444188241150e-01
4.429857805915571323e-02 6.149399681064403600e-01
7.229103865383171845e-01 2.707868835338382851e-01
9.744432060781346161e-01 1.767376816382282279e-03
9.180198551147131791e-01 6.092516681679920332e-01
3.555935465789046290e-01 5.874266023632965794e-01
8.543610556361336261e-01 4.023997475463951812e-01
6.150058662612555294e-01 1.266757392323211162e-01
9.410266837770233650e-01 8.381433242260492023e-01
7.835735124534605189e-01 8.007211018979237815e-01
7.203692434291514290e-01 9.290202369866987775e-01
8.571284544738073663e-01 8.776286236126716878e-01
5.165803561126610655e-01 5.537536387577390862e-01
8.690242148929470112e-01 6.461714286951967257e-01
6.474145538456181903e-01 2.224000195491128151e-01
3.020935443957182276e-01 3.655421590455018022e-01
1.239959252683897617e-02 4.135100465078229703e-01
2.815888231580412349e-01 1.667432910899329102e-01
5.543718164025102091e-01 8.390984705062357607e-01
9.583302971339877629e-01 4.930498935360284607e-01
4.221719305574770376e-01 8.819243962826136540e-01
5.864056525726784042e-01 6.834933719116310646e-01
5.798198114578667628e-02 6.977040604043290850e-01
8.524819022240208710e-01 1.509881764556242345e-01
8.426935468332956702e-01 6.584326880150707106e-01
4.005863523872787990e-01 9.130811204691242633e-01
9.640286843699157338e-01 4.160980909951170759e-01
7.721611756469715093e-02 6.661092234442156368e-01
2.079343848049769461e-01 9.415785318804164028e-01
4.353461035814411018e-01 1.705794948684166146e-01
7.757504114921325300e-01 8.119976435941002046e-01
7.307195894008605697e-01 3.853073830042963444e-03
9.535661029213449158e-02 6.573348004320525018e-01
6.054652009953073177e-01 8.115272767735832726e-01
1.323314125981583933e-01 1.294806096059853973e-01
6.803594386162492569e-01 8.027043401688577218e-01
2.379463790921299005e-02 7.087203878529043655e-01
2.558211741218876512e-01 4.388577832780681254e-01
2.524543832533595600e-01 6.891684775679479680e-01
3.505557221094447451e-01 8.327003267226920080e-01
6.806381572772022270e-01 3.758743576211062143e-01
7.628559232187591688e-01 6.493009635995338202e-01
2.513449235365307066e-01 6.902400914798246800e-01
4.563003531175382488e-01 6.666863927824053793e-01
2.031115470388739075e-01 5.561466637513806655e-01
4.271930764447779971e-01 5.120645557361391820e-01
9.015479104440776714e-01 6.229525486665861145e-01
5.845682549904174241e-01 3.176944040905180788e-01
6.372066752318255034e-01 6.898748606990329213e-01
3.219700461567667205e-01 3.724392012498882742e-01
7.952527570599972062e-01 2.478168708760993821e-01
7.588871211383889648e-01 1.272640016966789522e-01
1.409127216564578511e-01 1.557289042935990908e-01
9.597673122870525875e-01 6.546740536538085964e-01
6.448261223595816993e-01 7.759338797295833867e-01
4.381696754385002723e-01 4.864165343100967931e-02
9.221726026994381265e-01 8.079444754453988242e-01
7.383253616067094738e-01 1.232586333029813686e-01
3.330112639192567281e-01 7.494424548466982472e-02
7.808229314332039150e-01 5.768334657377460761e-02
4.401752504332686611e-01 9.697586899537752325e-01
3.022952772942413269e-01 4.785474677778159824e-01
9.862376207072532930e-01 3.538204337740691319e-01
8.345245351710643966e-01 7.528871745639669211e-01
9.730762739509444259e-01 5.748022063100632906e-01
6.387536086242316946e-01 3.749036016638781499e-01
8.828589214542978958e-01 2.579771688863862211e-01
8.836032098376142008e-01 2.928601303729290173e-01
6.736497541651508270e-01 2.001316692752331816e-01
5.215049931999338195e-02 5.925615709355648297e-01
5.351008053474959336e-01 8.812706528773643910e-01
5.950833979262196705e-01 9.284848749727101502e-01
3.835850286865638559e-01 7.468912856827224500e-01
2.826822707881434527e-01 8.704798624529298534e-01
7.743173173000775789e-01 1.201877589152577919e-01
9.381656573169483426e-02 5.695505676231360503e-01
3.831101205676368249e-02 4.259848237563409468e-01
7.732435481206196837e-01 4.769098800102260505e-01
1.609737131818258504e-01 6.867951946213973757e-01
5.094162278171261438e-01 9.202749718048345295e-01
8.448916912613848584e-01 2.435133119791286216e-01
8.771903060309819145e-01 1.261191320835384211e-01
8.034125112376051536e-01 1.505537912853598392e-01
4.602190050731480575e-03 4.509979707745305211e-01
7.333191284438164148e-01 5.906195436499190876e-01
4.350346143171989199e-01 9.081062625264900712e-01
1.354882820795910714e-02 1.037685264950904962e-01
1.905006517805292177e-01 4.365918435824275301e-01
4.089325647067483249e-01 6.796981743527316100e-01
1.042658887207923435e-01 7.610169320863532372e-01
3.806417756540942943e-01 7.807627697388151988e-01
5.613102194884981300e-01 4.962325009878091331e-01
1.000989129230946961e-01 6.353824615352842153e-01
6.945401617725995846e-01 6.748074781686158596e-01
6.529277923468401745e-01 8.687578901216276295e-01
9.246521293968873456e-01 9.080809338405966269e-01
4.281312879914589420e-02 1.636865559803788450e-01
2.363505622085748659e-01 3.785957178334419249e-01
3.063511426366808399e-01 7.214025933991853323e-01
3.069360214281002808e-02 2.707900084453038758e-01
9.765121843209113583e-01 2.618658020734687675e-02
9.646475585076286219e-01 4.006708461087623574e-01
2.773518674180182053e-01 6.884107127705152429e-01
2.636006707054660003e-01 4.155255720158760324e-01
4.187863132120672738e-02 5.979897857359681712e-01
8.025752852823884176e-01 9.152017290324566678e-01
8.310429899025830736e-01 3.044792761830006356e-02
2.836467539025836482e-01 7.849380893291911798e-01
5.991310696446237039e-01 4.187253198319397240e-01
1.292223676609072225e-02 5.553873031982691222e-01
5.431121684946441652e-01 2.574230936430036421e-01
2.984029750051712115e-01 8.647864675207302954e-01
9.225316393819990024e-01 1.267705968582842901e-01
6.167128196023496933e-02 3.649778518716643161e-01
7.744843594648276319e-01 1.363390231024091959e-01
2.138715511009364745e-01 9.207547099303170501e-01
3.671858858842765860e-01 4.649515348138334447e-01
3.763458178763088302e-01 2.836439763951160709e-01
3.674508176642109492e-01 2.527210748542130236e-02
3.758336515087550289e-01 1.392115432332183822e-01
3.141103662471648184e-01 8.494254771879393706e-01
9.181978861044216567e-01 8.164940140546614877e-01
3.934120916101101484e-01 9.341152894617982261e-01
9.529555162571605731e-01 2.424726334292822694e-01
4.518698843052215697e-02 2.927158991002636323e-01
7.303386986444176943e-01 1.478755132516897941e-01
1.878633957559109335e-01 6.534177625117910670e-01
4.833721560868419198e-01 1.799872754593607738e-01
7.048168091766403576e-01 5.486952891730622062e-01
9.161013445207276673e-01 6.404538081354770318e-01
6.452751497117807933e-01 6.300081089123600320e-01
7.393177808597647394e-01 7.265307360756673161e-01
9.419522091211139925e-01 7.819313323802911109e-01
9.904549546693823814e-01 3.241926718677379249e-02
7.184286524021999965e-01 9.077034770317562451e-01
3.757932127494857388e-01 2.943761376898890170e-03
3.326202038772363423e-02 6.552011154516446112e-02
9.731895068157546680e-01 7.833134892737318999e-01
2.498647375809284199e-01 6.728915433317206318e-02
2.915122556211879878e-01 5.272074543444560391e-02
2.221283835570139198e-01 5.360649690660500566e-01
4.471966558736603092e-01 5.788980427740119117e-01
5.340709727350968494e-01 9.807379853245122847e-01
8.751109035072427433e-01 2.953634128974341744e-01
4.627902906025020968e-01 7.941912309270077186e-01
4.376010988148341108e-01 8.021125555505291826e-01
7.662090060411417269e-01 8.122097913622575716e-01
7.914924329888972654e-01 5.717992602624741849e-01
8.347673256383025819e-02 5.666730123753943582e-01
1.544101239628586919e-01 6.189192568344270562e-02
1.106251303082669279e-01 3.971851247386369854e-01
9.851328904658889218e-01 7.103078866878506092e-01
7.214058573215775816e-03 9.662220657098186116e-01
4.474732671244393556e-01 4.690417722489507169e-01
6.812097668922187932e-01 9.034258576994125267e-02
2.985980342754233074e-01 7.341415450974533297e-01
4.052888026835336222e-01 9.288394257831820156e-01
8.527583450074635030e-01 4.596661297370043808e-01
3.789539461919374519e-01 1.459613709646276902e-01
7.772084977202489142e-01 8.634504850491186989e-01
7.963842181145487364e-01 9.825811590094657433e-01
7.811505319933125246e-01 5.685469555451736490e-01
3.059767055907194333e-01 2.442538971112014901e-01
9.166818657121917902e-01 2.205566030712704517e-01
9.274755841114314947e-01 3.857733635220857993e-01
5.506852933442586417e-01 1.082034729087023583e-01
6.424998863823153661e-01 9.853516009604560422e-01
5.384567339096393290e-01 1.431577291383571149e-01
5.813859463300330432e-01 2.887819867257034323e-01
4.817718707536934319e-01 6.791566732739692247e-01
4.192288948493397838e-01 8.261007066062220350e-01
8.437006374472262316e-01 5.188347471745426986e-01
4.987019022366678822e-01 2.917494152257271711e-02
7.095268591519685586e-01 8.160259160826608404e-01
8.369156590288414632e-01 6.874917099190158698e-01
8.975378991774738413e-01 9.960882768304807344e-01
9.644996305979210982e-01 1.882274795131594347e-01
6.782973428202297983e-01 2.033969673210257456e-01
4.343923373277432942e-01 5.141742601269949642e-02
5.538371959508431308e-01 4.113418053553434817e-01
8.427728939810077424e-01 4.717979552803122090e-01
5.322269978166831450e-01 7.963038273551551471e-01
7.087737998032273001e-01 3.993498999787700177e-01
2.641229772338292703e-01 8.722938583269834734e-02
8.026958670271044927e-02 7.176838743950526567e-01
8.339536998396945844e-01 6.499938998024594738e-01
2.599531572201011498e-01 9.354663100780460372e-01
3.230096116860602384e-01 5.434951002219656768e-01
6.038687686533594778e-03 3.063069594678829999e-01
2.614461245436785486e-01 5.273266453752568639e-01
2.969314057316500000e-01 5.844869281680826756e-01
6.573726666654179374e-01 7.705684915310144767e-01
4.608652481870847417e-01 6.531429684880736275e-01
4.111115513494530971e-01 6.909185480104597099e-01
9.192604802003137010e-01 2.891128528478318360e-01
3.588906905948633375e-01 7.608109851443612959e-01
1.548348161659430788e-01 1.347382177195789454e-01
7.206687577598186456e-01 9.440289136775371626e-01
2.990271459443887281e-01 3.698388264976459894e-02
6.950200527036191067e-01 3.392001405220967936e-02
5.768402553234517338e-01 9.427544339514929428e-01
2.572853315629394233e-01 6.714813841141307194e-01
8.618652754210939237e-01 8.439877983118542204e-01
4.978729995843430567e-01 8.752031983895850464e-01
5.255839824311415720e-01 5.426337835808262566e-01
3.571744223952340036e-01 5.788590791948829972e-01
9.847516065757969672e-01 3.672081991698470382e-01
8.877190047671000839e-01 1.833023334735128795e-02
9.816205523305520098e-01 9.545507280765087588e-01
9.886305302374412962e-01 8.945353008100690451e-01
8.718271101199193129e-01 3.009412203776538064e-01
1.836659221030751965e-01 8.537919090059210570e-01
6.859096665304831308e-02 8.316030893008662384e-01
4.697065656428049962e-01 1.822293420639852224e-01
2.747350465676590137e-02 5.713402813390041635e-01
5.289222622811061703e-01 9.404762273458291411e-01
6.396357520495423721e-01 6.511110755277973450e-01
9.872531198748635273e-02 2.034007362211082137e-01
6.448811166160303143e-01 7.548777585792941780e-01
7.776950222968476156e-01 4.904072959539490517e-01
2.368059925704102398e-01 7.610866681315161530e-01
7.036930451891620919e-01 4.723675438725405407e-01
1.571954309433371000e-01 5.469723669242070319e-01
3.446739513586272174e-02 1.861885092959469912e-02
4.172549103233018641e-01 6.664912860750407120e-01
2.884508001565022628e-02 8.474898166200278693e-01
1.833725348682561096e-01 7.186321600259787390e-01
1.367652610679450653e-01 2.267660267047727496e-01
4.917110860894667868e-01 8.575116141674378190e-01
6.768019216380470882e-01 9.088708644791312352e-01
4.237213078642415587e-01 8.154771724699841906e-01
1.924988688086440858e-01 4.917880898361325359e-01
2.548492505723046753e-01 6.066736620356876220e-01
8.056739564969042089e-01 1.821842162142913724e-01
8.354484497247971486e-02 6.982474745855177245e-01
9.920001783244020155e-01 2.274937936902987623e-01
4.279148216798838167e-01 9.334426164158041717e-01
6.177032669829911615e-01 3.506384245281674028e-01
5.623088364234420933e-01 5.801524071208017386e-01
8.036479083768481857e-01 6.611080601964487435e-01
8.416025492899487093e-01 6.723292179277096103e-01
7.274601828847936380e-01 8.459958252483060770e-01
2.083880692188566641e-04 6.539881161193088488e-01
9.934523917717469343e-01 6.518719031148920706e-01
5.022412635576251061e-01 7.592292372760093278e-01
6.050122730226236145e-01 9.062176108239686778e-01
2.634422011069321723e-01 9.091411241271375454e-01
3.178557617427936188e-01 4.532927502538008913e-01
1.729677557464182058e-01 5.262244740893133876e-01
1.471707867717590990e-01 5.875150856119329967e-01
6.307377532758763339e-01 7.531810235616612781e-01
1.111930963154413865e-01 4.821035885913839136e-01
9.189271775351104399e-01 5.418811145567162812e-01
5.114565252916706273e-01 4.577442079165686684e-01
2.884334703155982949e-01 1.822317561499003924e-01
5.278580392118076281e-01 7.420564659425733511e-01
8.829235225022264988e-01 8.453255538899089316e-01
9.081916525360188563e-01 8.660235079525527846e-01
2.566471422937307567e-01 7.162952252107370743e-01
2.461282778596889376e-01 1.669586658778416943e-01
9.795354211539886169e-01 8.791982441073308285e-01
6.854646439784337630e-01 4.082640419008450872e-01
6.524707790284388631e-01 6.605373846308625341e-01
3.688609843351620121e-03 3.194154456444366907e-01
2.104272733980500076e-01 4.481077138396355464e-01
6.726951633661629737e-01 1.598046308748690691e-02
2.235601774897610916e-01 5.543475774049886340e-01
2.125760804490073319e-01 5.832960132303534051e-01
1.407730454834141831e-01 1.514125783492610289e-01
7.452493009922103173e-01 8.957168842481584292e-01
3.925983265483632412e-01 9.667490965221724464e-01
8.294520928586738284e-01 8.780870506269612408e-01
2.819429671784272617e-01 1.785479070841002880e-01
3.652739668712796650e-01 6.691580108694765716e-01
7.262048826134006596e-01 4.087047783746866614e-02
7.519922153541104271e-01 2.663016754100422379e-01
3.240985221557945994e-01 8.727203490017294563e-01
9.997750673981767866e-01 8.662776283651324460e-01
9.889067706384082612e-01 1.548020829133890386e-01
6.666370361759784702e-01 4.916286897155115465e-01
3.410503920788282572e-01 4.465472912352660417e-01
4.052446697061713454e-01 6.300064076322515749e-01
6.810866867536315983e-01 3.844313567463165660e-01
1.296186536837414804e-01 8.136497581136212798e-01
6.025254925533141126e-02 9.215917126761321576e-01
4.959887684239220329e-01 9.864567659421964452e-01
7.873573164190384999e-01 9.820250933754849365e-01
3.654221881463904920e-01 9.989403964824570270e-01
4.779794348578024765e-01 7.247170763684386285e-01
3.943413562757142055e-01 3.317616040015437529e-01
9.837100858597208619e-01 7.454762829629912879e-01
9.290888607603140503e-01 8.533065741099149504e-01
5.154384010645277625e-01 2.033140874731699244e-01
8.382662831366990419e-01 5.623094294445393215e-01
7.387237891367703924e-02 6.663023288048262049e-01
2.681048641446363012e-01 9.723776086068608437e-01
5.427894716844040568e-01 3.225453128775414013e-01
9.197562034417722243e-01 9.377058847411090525e-02
3.820665374301512873e-01 3.296594712556052409e-01
3.334227761014162406e-01 3.865147189760665958e-01
4.652944226843525044e-02 6.801526531323185409e-01
3.872601711362458898e-01 1.700348575776565729e-01
9.764147319318010609e-01 7.825723272668752006e-01
1.691499298867426004e-01 7.859089270273955652e-02
1.174439420839490378e-01 8.126010776026719729e-01
1.259575829217499665e-01 6.239412263769059663e-01
4.915224796403691032e-01 7.861456120603231845e-01
2.553690483591081195e-01 5.048839642583952125e-01
1.833932288195238014e-01 2.385231339935245387e-02
7.334640058606668456e-01 8.550525589177117025e-01
7.408802709932826858e-03 1.186068472297217014e-01
6.665192799649017896e-01 8.907606721208627398e-02
8.605377698097862460e-01 4.858273159759913806e-01
3.970372111372677537e-02 7.124007670470619003e-01
2.340811309738146662e-01 6.885660636643951005e-01
6.593034186477582104e-01 5.026613135976748525e-01
9.608148461297891796e-01 6.391820069704203799e-01
6.575115277980485562e-01 5.006132943257723955e-02
5.806261082530023154e-01 2.262353826147344149e-01
7.424461599246611199e-01 7.286145464708340125e-01
6.753966361607410818e-01 4.896427653254465939e-01
1.665282736522551987e-01 5.264430081567448294e-01
4.316254208124576941e-01 6.945649190056542022e-01
2.674364213386171141e-01 2.240082771422158281e-01
5.317571634634929989e-01 9.753000428237512676e-01
4.117426776189120341e-01 8.432531410224655133e-01
2.877782966590251013e-01 7.651380336276298877e-01
3.866702872734867347e-01 8.011741974548236556e-01
9.093969502431689111e-01 4.808175760429646006e-01
3.636993648509412314e-02 8.111608904334832726e-01
8.418606007221812737e-01 1.068846405571762803e-01
6.978685285084663681e-01 9.194017899550663842e-01
2.938976769749809259e-01 4.087684351991980325e-01
3.400551019622332083e-01 5.545467632852056905e-01
1.382332642668225864e-01 2.371842921868011489e-01
9.251615756341058372e-01 6.280706081102783722e-01
4.010669273929625689e-01 9.608701534302063196e-01
9.680387005768399389e-01 9.638324873015740035e-01
4.417284729112048725e-01 6.013191403645202771e-01
6.680533529885127608e-01 4.142008054294139541e-01
4.163235567365872747e-01 6.114543016488324101e-01
5.294105236747409515e-01 8.028081127945201345e-01
3.865550225343361568e-02 6.589646944584740540e-01
7.708725809783109062e-01 1.225548756240324444e-02
1.822465505829261589e-01 3.349758745419847417e-01
9.332643854278837026e-01 2.370656422888447468e-01
7.387404537603368126e-01 4.674920192733336144e-01
3.629609472351658095e-01 9.620867816590348287e-01
6.547314205357724903e-01 1.619645940606706525e-01
2.577050513518721608e-01 2.285482033945096525e-01
5.420739834221598441e-01 8.100719281092657598e-01
8.624107389891084718e-01 5.790474367628433150e-01
2.281069801164539168e-01 6.224581015921857308e-01
9.859670741223403034e-01 5.479891277768048630e-01
5.342604791755323212e-02 6.651730522110114174e-01
9.869615276290699679e-02 5.209824177191781924e-01
5.418458265847453381e-01 1.521181568352273361e-01
5.050312425317369236e-01 8.609679212165133322e-02
1.970993465299561986e-01 2.909396374848050026e-02
6.459416674428333227e-01 8.118239239847490074e-01
7.533266943806363747e-01 8.974494067873362013e-01
9.896360731332363159e-01 7.487645593391654142e-01
7.701240627957384177e-01 4.793883569839417769e-01
5.597037911456014259e-01 1.408443346333068114e-01
3.190100384177184667e-01 3.982001046528594879e-01
9.275345092738854769e-01 1.172137330215187179e-01
7.387244611823422513e-01 1.448178308799713543e-01
1.310671791988422541e-01 2.752708939145910305e-01
5.775453824458287588e-01 6.636328621472433742e-01
4.041658161765804280e-02 9.468089635349983268e-01
3.635001781381271835e-01 7.947911590291566464e-01
8.431255362621681293e-03 6.354868488486861144e-01
3.154939375682529468e-01 8.778228284847219287e-01
9.082297226180023886e-01 9.004380592235980973e-01
6.032305191397127064e-01 4.842438263527067965e-01
8.895954239460256430e-01 9.888839609589393786e-01
4.616664124902501998e-01 6.411867564092939009e-01
2.605600362228488454e-02 7.817139582251587671e-01
4.515268670508051363e-01 9.612381549024386906e-01
5.745662356342348120e-01 7.242855056133108427e-01
3.572103600298757176e-01 6.044829563468995248e-01
1.694680227269279582e-01 8.699396939471829571e-01
3.855791045777066106e-01 8.702388159586710303e-01
1.734216917364249655e-01 9.365823878029314598e-01
2.653228279492323427e-01 2.339705419964348554e-01
7.012093442472200344e-01 2.487498254989586322e-01
9.891327315538808174e-01 5.715826976916467128e-01
6.201655226347110306e-01 4.492040605688919497e-01
8.349495448619570492e-01 2.298233716836943774e-01
6.409157983311125628e-01 2.371358150340291404e-01
2.148971641537410493e-01 2.319329006803594329e-02
5.171592765014340065e-01 9.218757491023249484e-01
7.427257620294756002e-01 8.649982335844859094e-01
1.992275147378963496e-02 5.398964646372570453e-01
9.291253109364028262e-01 8.334290717046521912e-01
2.094045431523680056e-01 7.507647068331128049e-01
5.659917485902199452e-01 5.575816586242010597e-02
6.351841995475774327e-01 8.929851630011226282e-01
3.134638821513954232e-01 2.998912867649493608e-01
3.927020158154983509e-01 2.059575947460354772e-01
7.888922422278424884e-01 3.106773856929960775e-01
5.880941409781934581e-01 8.422437604446960657e-01
9.321292805469437726e-01 6.232674776518318804e-01
7.950468642691813637e-01 2.589274333497343372e-01
3.613422870471278969e-01 7.792292349467208057e-01
9.535959699842078141e-01 5.055476206145310680e-01
6.874841437621886930e-01 4.401582839360902444e-01
5.936425444376366434e-01 9.954752856423221274e-02
8.285776403716105243e-02 5.596529874513269665e-01
8.005504428548163576e-01 9.035002067983228802e-01
3.314195510594364347e-02 4.276412093811420290e-01
1.730156032461388493e-01 8.274082705771355073e-01
5.945725147287241885e-01 7.046486558605735695e-01
9.988953001527705045e-01 2.021355761930409001e-01
6.181642703811700557e-01 3.820068544261963073e-01
5.274531497880182718e-01 3.620720193832387412e-01
4.997819003656496228e-01 6.211576220358393519e-01
7.894251256383099102e-01 8.113553795523609224e-02
5.069856735388269531e-01 5.917316746158536311e-01
7.318299374437376992e-01 1.634227124155880340e-01
4.054228459739851465e-01 3.982717581127349638e-01
9.890669108016499900e-01 9.995065805104678125e-01
4.733464976986301309e-01 9.947374461172614479e-01
7.948617553832415528e-02 6.355771489213881686e-01
8.693461689252595104e-01 6.355038593654983581e-01
5.151453775693943804e-01 2.213895587264338438e-01
4.602423382331221058e-01 9.512659754032870563e-01
1.835198406555007544e-01 6.298280656179918724e-01
8.117039980880097483e-01 1.900846561248705768e-01
9.606868300767293922e-01 2.699135311153174621e-01
9.682790218032647500e-01 6.147461250427195267e-01
9.688525797989484545e-01 5.915160949164990356e-01
7.806790506000419461e-01 3.000007461063176617e-01
1.045450813975796756e-01 7.707393079779762957e-01
7.418403803690364340e-01 8.489923572322242151e-01
8.806154990600929544e-01 6.815795494259428988e-01
4.362893695808240935e-01 3.985733797603788764e-01
2.038629769415359894e-01 7.430324380773090098e-01
6.625446477923030431e-01 3.469728254230894926e-01
1.393416948220548290e-01 8.336953039845835800e-01
1.949881955692864821e-01 4.169719661665615140e-01
6.188195530759252883e-01 6.876010790497139036e-01
9.795642306664356092e-01 4.227422768889099736e-02
4.951169246533951851e-01 3.642981141935345279e-01
1.674225699349248808e-01 6.183483793059811884e-01
6.073653004767554098e-01 1.306816558125060146e-01
7.889972206733418814e-01 5.057228453654598610e-01
7.408561936037449946e-03 6.199807430985042611e-01
1.194569172231999543e-01 9.401947380900541607e-01
1.073009884413741455e-01 6.551199985032261086e-01
6.889327806611447169e-01 4.686270061182958857e-01
8.746020989007270430e-01 9.751302879165246740e-02
8.098792891985417963e-01 4.740676034471513756e-01
8.135509312776800783e-02 5.404967262157700514e-01
3.243298307959657789e-01 9.078732267627489527e-01
2.015648304324186846e-01 6.909935953276179488e-01
3.930822054073006555e-01 4.071841477478955751e-01
9.645735243249666802e-01 2.989883270275246474e-01
1.534776652624684212e-01 2.423494734115989591e-01
7.273208089675035071e-01 1.367617989466386463e-01
9.674175486165720317e-01 1.510855829212481849e-01
9.518585452414537462e-01 1.612881324419513929e-01
9.521221869452832776e-01 2.135734599725881422e-01
3.695570058727686291e-01 2.232415399458403948e-01
4.969811118219825685e-01 6.683578819056270603e-01
5.304447303189449014e-01 4.983524775870578072e-01
2.239757653798087889e-01 5.140721724813960281e-01
5.457865465302422781e-01 6.732237279494066584e-01
3.572842988225323202e-01 3.831120397207201655e-01
5.680685999742334236e-01 1.567384260410340513e-01
3.322643630779642532e-01 9.994923274375245859e-01
4.779804322120814186e-01 3.438065939641835600e-01
1.442443852715448172e-01 6.006987719452806518e-01
3.346138971511747329e-01 5.681468603361298220e-01
8.490371196432292544e-01 7.999904791626715195e-01
1.123002265346789708e-01 8.510745608513631266e-01
6.366082387735300108e-01 8.401541633849362034e-01
3.425156199591650186e-01 1.376575383848577250e-01
9.434364845530749388e-01 3.608295324453240083e-01
2.377245066961636288e-01 6.436245107177773761e-03
6.502805363104275926e-01 8.337705930296279710e-01
7.255222205550798664e-01 2.195718797860888305e-01
8.639683045529484851e-01 1.875088422332494842e-01
3.165853996648917423e-01 7.619605543455153507e-01
9.915143038343631199e-01 1.798126781437592303e-01
6.204950085097339363e-01 1.353830063343024470e-01
7.269387281934925893e-01 8.020588724286333848e-01
4.331758057672902007e-01 3.088945860406345778e-01
9.351086743017134051e-02 8.942067417209120794e-02
2.526809000247814962e-01 4.250339586667952751e-01
6.989690866056935681e-01 4.071709505500403781e-01
9.180087434767919552e-01 3.076734991848993905e-01
3.577918734702886239e-01 2.137939043942272965e-01
7.767142517464973306e-01 2.246154976814912496e-01
6.700559090327145029e-01 5.562152599696753574e-01
3.601121041543251522e-01 4.617373760125716986e-01
9.202607890851133288e-02 5.938694722919252156e-01
9.262671738689504108e-01 3.140096450798653960e-01
3.879019388301473414e-01 5.325405613526407178e-01
2.194445896114102235e-01 6.097030014385382835e-01
9.341502245798293247e-01 6.032127966990999957e-01
4.427257375020930974e-01 7.791242123637387440e-01
1.411908886881455549e-01 2.779848347368747419e-01
6.249904988889429802e-01 1.099284120527701525e-01
1.046778257597992257e-01 1.506968351096218406e-01
1.441907331718893515e-01 9.424231820494960443e-01
4.395130127292617983e-01 6.862082343820290475e-01
1.566244043937015107e-03 2.877943920312575621e-02
6.210268542964133553e-01 8.120962631419026412e-02
1.673677378434036411e-01 5.365157733640748550e-01
6.414473799604573090e-01 1.406614921323465772e-01
9.223820801483828546e-02 7.307012526555241028e-01
5.335245194497144627e-01 5.219379640402688203e-02
7.062426674619620703e-01 4.059295084556633348e-01
6.877571149673138429e-01 5.993442947156105705e-01
1.298863879547637046e-01 4.540833097829989340e-01
4.225960006224295240e-01 5.716380185224793076e-01
9.133828402248587164e-01 9.939569377297341468e-01
9.699676535355213902e-01 7.184781782584740428e-01
3.887858956463957627e-01 5.654287545222352884e-01
9.597710897083342463e-01 4.469219706471716513e-01
2.137061590770951147e-01 7.326546069353692126e-01
3.110894926776250902e-01 9.878270819724388474e-02
8.724602670509863378e-01 3.612782661482205615e-02
7.249255288447187251e-02 5.335848117235896249e-01
6.877080064449829777e-01 2.219837877025759854e-01
2.293502442047890000e-01 9.999325434223276243e-01
2.716324338668841820e-01 6.122323922176898803e-01
9.559751536481240208e-01 8.292716829253107269e-01
7.787189776225822424e-01 6.728731288115912257e-01
7.316807598511432253e-02 8.131567996664590403e-01
9.819906935786645308e-01 7.592202508938553640e-01
3.192503031241095135e-01 5.943367707860660598e-01
4.534159034707255787e-01 2.762665068638624488e-01
4.397961510587919953e-01 5.098535754066383374e-01
6.609191667188254460e-01 4.879669285082532948e-02
7.971880521689378440e-02 5.169803528934251435e-01
8.009898557584984591e-01 9.213532932914387796e-01
4.960152521277267912e-01 6.108527311249000169e-01
7.116212981092531198e-01 4.690061209768868755e-01
1.801056619897626332e-01 5.736409740236225741e-01
9.518777688790662772e-01 2.756203487581266875e-01
1.668507802940857321e-01 3.167957312238351975e-01
7.230629779910724420e-02 3.602317137342080366e-01
1.482405221097897741e-01 2.029795418812552210e-01
7.413013695088149779e-01 4.761754246997274009e-01
2.406198357763807971e-01 7.075606373938959637e-01
3.256151296100314729e-01 3.872265123963711808e-01
8.706677381851869457e-01 1.698034035913553730e-02
8.263582599915678673e-01 2.637056238141499698e-01
2.885365454984075706e-01 9.689268653346730931e-01
8.972518848027740690e-01 8.812594899876069476e-02
3.997929765936291124e-01 3.802570228754624804e-01
4.025331171952766240e-01 1.461720940735535823e-01
6.301451051853490526e-01 4.498325298596717037e-01
3.797148363432183427e-01 4.026166100697632366e-01
2.676326815528906611e-01 3.325500264056009403e-01
9.837398585885192004e-01 6.305688064012219263e-01
8.864151649040938885e-01 1.036843093275763295e-02
1.548031347770036925e-01 6.439830323793164224e-01
4.002540969748334954e-01 4.899505669622391535e-01
9.843425118799129514e-01 1.447814389005156466e-01
3.244992036871985341e-02 6.905935919271062318e-01
9.891386223744681461e-01 5.389456281267155369e-01
8.245314981849906077e-01 8.009720193038126768e-01
5.794113738562992610e-01 6.024378345161716108e-01
4.249856436207067878e-01 7.810470438027130591e-01
3.206880066971611321e-01 4.578974712015065895e-01
8.513016656062777354e-01 2.499749064966984013e-01
3.703709152508891655e-01 7.510147541129769122e-01
9.451426989872984130e-01 1.838018026213317224e-01
6.688176278112603068e-01 7.123130263976662491e-02
1.589374222279278381e-01 9.490026458099450890e-01
5.129828151964602734e-01 1.582112782876248236e-01
8.736764874414200133e-01 8.156583592470603161e-01
2.213193626746414733e-01 6.122420542684697820e-01
3.417946787965666644e-01 4.647504420205326170e-01
5.523135484393889572e-01 2.409581096776381992e-01
8.923175382179252546e-01 7.827604109764162432e-01
2.264654821045308797e-02 7.000028926478717439e-01
2.385697320615906003e-01 3.320196850377404862e-01
6.302011011341062119e-01 5.430469063558591714e-01
1.029729241770427350e-02 3.456457274935164081e-01
8.006130170167842230e-01 1.517942541616668084e-02
1.221474797254868960e-01 4.009441561628716011e-01
4.010207851234223186e-01 8.644631812210071820e-01
1.936732268677350266e-01 1.545257136630031614e-01
4.917202641110232086e-01 8.027180368612867323e-01
1.521095510051891919e-01 7.271507004755358716e-01
9.602105318084428465e-01 4.915164950418823286e-01
3.296203018435819310e-01 7.829530042192099915e-01
2.211944549252153891e-02 2.032316136330581946e-01
1.723975978782840146e-01 1.216856549989040470e-01
1.562389227929923408e-01 2.942893966995836497e-01
7.953327529008101804e-01 2.514472966942595811e-01
1.533899215237460867e-01 5.024133056766904026e-01
5.461380539822722202e-01 7.698746920542312022e-01
2.737003341058209527e-01 7.479819647122478710e-01
4.414453811980977305e-01 9.989357816612347563e-01
5.804363914797284751e-01 5.863773029598940978e-01
3.566031088018531969e-01 3.205243116195711783e-01
4.272304520349770041e-01 5.054145403766674427e-02
6.105323361065747578e-01 8.207039813820729002e-01
5.536348832212534266e-02 2.155619447691192736e-02
3.078516958220178790e-01 8.944920403532347075e-01
8.435134864815637679e-01 9.801729920071744484e-02
5.482702544542520373e-01 9.253544234734509821e-01
7.545269260610305562e-01 5.671439018064661219e-03
2.709883620786435188e-01 3.720950211414801867e-01
3.752613121807023555e-01 3.909769023758071782e-01
3.516889851673795642e-01 1.261205384357960702e-01
5.155018937959341407e-01 6.359707520940175440e-01
8.924637925895597679e-01 1.830342824501814958e-01
8.231157196579739210e-01 3.848497843135280094e-01
1.322443616184609816e-03 1.737424126744006037e-01
7.272738563814359347e-01 7.864359748629434765e-01
1.314962071049735615e-01 7.208839133627042983e-01
7.181366199362380076e-01 4.719425331971320858e-01
2.462039745951617453e-01 4.620370973357481592e-01
2.826287894685179936e-01 2.098165070450512815e-01
7.496847481247297384e-01 7.519303018040187636e-01
1.027167507188213591e-01 9.921555654025199233e-01
8.390312364760985631e-01 3.674282370594295077e-01
2.201080847191542178e-01 6.898722487487191080e-01
2.385994833975246809e-02 1.597134270857403227e-02
3.041940189503540282e-01 2.281499854040649478e-01
5.066884217695489800e-01 7.547463386931175799e-01
5.274208534938285009e-01 9.115324401219455641e-01
6.223752632087300452e-01 3.457912936015207217e-01
9.407250507416601293e-01 1.051555721171838487e-01
9.084721366938843801e-01 5.401391173022983550e-01
1.681189976748564963e-01 4.978726614032947806e-01
5.328595793947696890e-01 9.514263353329615036e-01
1.208335622933492948e-01 9.358558802923986342e-01
6.434445393622484355e-01 1.247270267022082546e-01
3.762033906775823500e-01 1.756286764379255683e-02
9.851285637120708039e-01 8.746181563883932419e-01
8.719645980517249928e-01 3.249159346211162314e-01
4.222399528290151638e-01 5.144938035367189189e-01
7.302817189146307841e-01 8.241823413705805512e-01
7.442311241210785022e-01 7.540433235772279197e-01
3.234129080517267329e-01 7.247484798758665470e-01
4.517166176054598914e-01 9.683270297536585858e-01
4.812621747566822039e-01 8.014904090014133287e-01
7.447979732830831701e-01 1.017908766153324818e-01
4.077662410830379391e-01 1.565850189339330623e-01
8.130817804254607539e-01 1.229231181807000084e-02
9.527252121836145005e-01 1.431793119114952439e-01
2.524110098170325722e-01 5.504215139782044908e-01
7.005294952988226909e-01 9.152458057085351983e-01
1.762986344375000458e-01 9.178553612481900048e-01
7.783023706899454552e-01 1.291785070836979354e-01
5.317775989150355098e-01 3.030652012886457802e-01
6.601691368853945807e-02 2.976214538589609937e-01
4.560951173232258293e-01 8.156342823056306202e-02
8.837960947892720132e-01 1.321610321456048176e-01
4.388879522909163722e-01 2.148395531383805457e-01
6.192410066633552423e-01 3.651064869356949183e-01
1.091730326558369990e-01 3.458192703246703026e-01
6.777012402667228486e-01 3.564766348395435047e-01
4.092367892141637320e-01 2.777316235742057771e-01
5.300403447906339993e-01 2.127517081435758017e-01
4.362742300089579306e-01 5.725076145931259353e-01
9.629456241926159787e-01 6.557603508836887807e-01
3.019089892566921840e-01 3.090591057117296758e-01
9.212240570016642094e-01 8.768484210997720130e-01
2.770341974052618061e-01 7.564516274217706338e-01
1.565747729255309029e-01 9.042801208547981417e-01
5.706254706009388222e-01 9.850067994313675968e-01
5.041816008270939564e-01 8.116330475432260716e-01
8.303183810241094864e-01 5.223567729990740149e-01
6.274230125428403859e-02 4.978941955112422546e-01
2.954196578802481543e-01 8.260569104999632151e-01
5.467921125795848214e-01 9.377725918307012742e-01
3.500479292114494489e-01 5.355497771488759717e-02
6.470648096042354025e-01 3.900391585999682942e-01
7.156776869567296195e-01 3.535840342907961009e-01
7.386967170890831325e-01 7.479501000303823144e-02
2.347183852781444813e-01 7.598061966685378810e-01
4.718681174222083552e-02 9.888530938357180666e-01
4.000689576409602877e-01 3.712872070542507785e-01
5.336558787446284979e-01 4.214188335678435982e-01
5.994286679522965455e-01 6.677383279128339399e-01
2.936701639393385355e-01 3.934812566808100209e-01
5.016080938115416998e-01 4.210317405086703157e-01
3.979563607645533185e-01 2.397319064121142818e-01
6.948942163634634905e-01 9.484282718864811557e-03
6.224507051820900028e-01 3.744901474357837934e-01
5.568023971272353378e-01 5.392097997561516864e-01
9.439535728847989748e-01 8.429828125950646900e-01
3.911136588263950387e-01 9.346434112147392614e-01
6.645703225032273398e-02 9.926673569013040321e-01
3.919757999014210625e-01 9.515436593179285030e-01
8.161843705752817035e-01 7.349246234662588639e-01
8.565891853264064881e-01 2.599553138719277179e-01
9.320895500105341736e-01 6.164617411476334130e-01
1.385305519660613438e-01 5.843617293384124611e-01
9.727015172969659673e-01 1.963024574142712142e-01
3.558631599928230305e-01 5.365708458045941320e-01
4.345644404816372264e-01 2.040496414268236913e-01
4.600690714300836870e-02 7.928012019740570127e-01
2.383948859637866624e-01 4.745715906114311711e-01
2.905667000978162662e-01 6.168753944317861837e-02
1.246386271443478133e-01 4.141149643563338811e-01
6.715833945865620214e-01 7.391937796776992808e-01
5.803210737085149340e-01 8.475816626780187102e-01
8.860823621205377032e-01 8.424614315015820365e-01
7.706564613418300791e-01 6.261423052217578444e-01
7.315057382898494387e-01 5.982881227427339077e-01
2.798179295922238463e-01 4.685865339978543265e-01
7.224068599578366001e-01 7.119678470055870179e-01
1.884531081159933619e-01 9.562766294880812312e-01
2.129212520594992997e-01 9.036898048302866027e-01
2.360228154123586997e-01 7.841780889617216976e-01
3.022409744918542751e-01 3.175655941721943210e-01
1.997080574477546611e-01 9.052654287654943177e-01
8.057865125353076419e-01 5.758823260728845872e-01
4.807979096315649903e-01 4.385248306334282864e-01
7.278236390639170050e-01 9.199459270504181108e-01
5.156732104499717195e-01 3.228806979139854372e-01
1.866095572644373979e-01 2.947689997839920695e-01
1.085849856591303286e-02 5.047097988860513862e-01
9.877565481938394010e-01 3.500909953457176371e-01
3.435829812868939070e-01 3.420749999615573245e-01
4.646077966219814837e-01 2.647889148225486267e-01
1.827205387109021029e-01 2.243258289674006090e-01
5.441295525767098074e-02 9.838966196149304677e-01
8.990563057715041939e-01 8.966045739609278531e-01
8.055014828230215862e-01 7.954671826962174119e-01
6.032913262888434103e-01 3.031198223935521741e-01
8.372875392576029085e-04 7.845703924156739451e-01
9.230767612410769596e-01 7.569540472774405337e-01
6.946095418849040914e-01 4.388824334957093232e-01
1.471277717792479622e-01 2.484842655261231270e-01
4.926169737786404434e-01 1.719230987129231059e-01
6.066732565397285892e-01 1.736287541168590742e-01
8.305390503644238809e-02 7.115862087027952088e-01
4.984800300879513868e-01 3.675029913705879503e-01
3.839013521422651731e-02 1.037097810278085896e-01
1.441730705726704809e-01 7.021162009058171671e-01
6.760567862193774813e-01 5.105995077830715045e-01
3.697739636218033699e-02 3.905033339466744691e-01
7.065006652196196280e-01 2.953614906524393291e-01
9.322577382785349753e-01 3.559187220539330454e-01
5.784969623134701422e-01 1.999525783359574760e-01
1.875317228812019010e-01 3.140887073003436614e-01
7.324723797705455786e-01 5.913510870795696261e-01
4.257942523505812149e-01 6.619667827834974094e-01
4.498860130969966065e-01 5.642467778040207715e-01
9.121017230889828520e-01 8.846704731460591775e-01
4.520279499294113101e-01 4.863600535628413990e-01
8.805430405914493885e-01 7.390047022236478913e-01
1.110468779461415423e-03 7.992561927864103577e-01
2.864265645286062645e-01 7.992827676081013522e-01
6.757682189337650414e-01 4.190373044313262518e-01
1.506585569627152399e-01 9.007393479611245368e-01
4.793455945198263901e-01 5.355007897355488211e-01
2.914823389288165867e-01 5.411816910183064877e-01
3.948078786884334779e-01 8.285875035840473135e-02
5.934718526560750496e-01 4.775382316136426164e-01
7.614823393805002505e-01 2.105515451493066292e-01
4.209038624043563992e-01 5.482072327469008632e-01
1.928742549582544985e-01 9.608614308304246343e-01
4.254765146708200385e-01 8.177880405619704085e-01
8.622637352543338629e-02 9.981418121988623327e-01
7.069592330677965109e-01 6.767666905079673390e-01
6.828019368476083706e-01 5.013336274399113890e-01
6.264061022377663823e-01 7.810098586561509126e-01
9.122716497073586339e-01 9.961346588641024624e-01
4.446801301577859578e-01 9.163525497798867825e-01
9.999767576152948090e-01 9.595984603345317776e-01
6.995410830672605940e-01 4.200129831759986665e-01
2.637853343339804368e-01 4.480206111675003600e-01
1.043359800813971061e-01 4.624213297718098303e-01
9.105322850449129035e-01 6.002234343667958161e-01
2.480162306192628119e-01 7.564368317881421389e-01
1.922731366693428701e-01 7.900090369066802287e-01
9.725178323317017481e-01 5.851342258806134788e-01
4.296136362832814193e-01 3.316848496272115643e-01
6.591778035573567784e-01 1.203934411315784603e-01
5.002617772936457374e-02 8.214539680724207704e-01
3.410533269598552408e-01 1.297258949210096102e-01
3.475979337430411542e-01 4.818475783018068004e-01
7.580615301171254039e-01 5.076177580000369449e-01
2.040881161372641861e-01 3.040149931204871869e-02
1.132226076516075208e-01 9.859684855917814073e-01
9.827577825840461134e-02 7.051048059237423615e-01
2.360410208318772796e-01 7.089529790290161060e-01
7.453906478405583069e-01 5.675701414879705808e-01
7.056969561728289042e-01 5.250204183696226545e-01
2.592309980692296678e-01 4.863457700473493572e-01
5.350040245509809500e-01 2.655677236238013217e-01
4.644032664203338046e-01 3.201334663534660674e-01
5.905281591349536008e-01 4.222105958042333684e-01
8.999213047988020575e-01 3.336169801034433169e-01
9.411817015993655389e-01 9.765898573016339457e-01
2.802256399727379721e-01 9.646168813930462438e-01
1.614479935117784093e-01 2.960777073452750541e-01
8.682013908211511088e-01 9.384331172496530593e-01
4.405776420369645896e-01 9.124924374427322293e-01
7.697713046556521332e-01 3.066393721218317880e-01
7.694811547402379270e-01 5.210248727962063509e-02
7.719904265416932532e-01 9.995362425493738989e-01
1.164660527127809875e-01 3.311363312985533547e-01
4.979013681802404445e-01 8.700119302145069566e-01
3.043408040447579399e-01 5.886448366378305153e-02
9.833073297798433643e-02 6.511564862984422497e-01
3.611521666759410776e-01 3.613372136818899794e-01
4.037930774425013691e-02 1.770014055339084180e-01
3.159992009470857788e-02 3.495603986830775334e-01
7.989160452610239993e-01 2.012008506874876090e-01
5.811963159698587678e-01 1.517045000120212928e-01
8.907604972865896809e-01 1.597527976978525555e-01
4.637173270256474966e-01 2.153707661354523628e-01
1.304196804739088389e-01 4.327503988119500988e-01
8.994589520401242710e-01 8.880826457302811727e-01
8.435259182126952915e-03 8.749128891709195832e-01
6.260782109617564206e-01 1.092979754529200820e-01
2.776186874596675569e-02 9.402457331492386494e-02
2.599676120037116567e-01 5.819505871247031559e-01
9.173170642597636704e-01 7.481009611270494908e-01
9.896397071496696451e-01 8.941125937990266337e-01
4.789104336864312694e-01 9.900402132783003850e-02
2.749375111118742554e-01 7.975382401487642881e-01
9.232632663859962063e-01 8.213543455120778658e-01
4.230356079755590581e-01 4.599739700016125532e-02
3.172208606436229816e-01 8.739323190894678905e-01
9.360747930513342308e-01 4.913353667754762899e-01
7.904492469340663741e-01 6.398987689080369856e-01
8.518083859252254531e-01 1.053852899786211772e-03
8.458061321524450449e-01 1.764499835126256411e-01
9.644988586908611605e-01 7.590424550275308713e-01
9.070032009453187216e-01 6.093864220962368350e-01
6.960788297575160044e-01 5.281394914929253837e-01
4.025774781035854621e-01 4.246122947868326003e-01
9.431538127832691520e-01 3.528952576967133714e-01
9.324514826056874428e-01 9.260871786201249067e-01
9.193719117950959197e-01 1.053107788744259699e-01
5.788993676419663670e-01 1.884076763847813973e-01
5.717747609703961453e-01 3.764941127862656556e-01
3.415800837612623653e-01 8.544088035258444735e-01
4.451257818015950107e-01 8.509491932091360900e-01
1.836482659625494618e-01 7.805014841128943281e-02
3.789788182974218600e-01 8.415978772156743615e-01
5.550135843573508199e-01 2.048259245138382978e-01
1.988008989508492919e-01 8.119950345335320563e-01
5.159914720731597626e-01 6.202544210656286694e-01
1.455463899922334603e-01 1.924376828777274451e-02
2.015130926710850812e-01 8.190086818148523129e-02
1.056867240535723784e-01 3.250495577254843838e-01
7.265381475143628531e-01 5.175241792229100524e-01
8.977337569871423062e-01 3.908761776313096625e-01
2.460974529640063135e-01 9.272928870907060084e-02
3.111382192782193856e-01 9.303434337083446026e-01
5.208053752933455849e-01 3.544641210861174674e-01
6.792096854822169405e-01 9.902212171045482458e-01
3.033642798421619657e-01 5.762798235746867670e-01
4.432221526269306544e-01 6.886807600404604157e-01
2.795252415083880893e-01 7.778600926240032409e-01
5.145670107664435111e-02 7.514472780043675026e-01
5.816633809899145469e-01 4.431880264402440206e-01
7.691067771937371012e-01 7.163500430443664468e-01
4.420393948340284318e-01 8.801488485054084210e-01
5.576744587621711435e-01 6.545192049493503417e-01
2.429957607630970351e-01 7.958968080564909897e-02
8.089768272434723073e-01 5.557743796127462277e-01
2.275498349936930786e-01 8.947887130631140273e-01
3.653848936149355353e-01 6.132094769081279928e-01
1.006231204406904389e-01 8.330256850889344866e-01
2.602847107275462202e-01 2.305792744801190564e-01
1.901488524334449259e-01 7.111836710465062605e-01
8.428449575893643964e-01 4.842205969208920324e-01
7.971514885610812007e-01 1.400609328334430081e-01
4.422023222485418348e-01 9.084341120741392661e-01
3.621716841887223648e-02 7.361483795285356235e-01
3.548041968206568919e-01 1.029614354279755339e-01
4.147806260317281613e-01 9.347136803682805084e-01
1.080922696609940559e-01 2.817199090548643259e-01
4.378507007725622735e-01 6.530873199044846533e-01
2.071804550109723753e-02 4.244541335222258294e-01
7.386686918126955659e-01 4.681803085560808375e-01
7.653836129638631469e-01 5.666018189956455453e-01
6.809542869945980348e-01 3.630598735044111569e-01
9.275475794038906541e-01 5.717658339670393941e-01
3.087074340183043608e-01 3.289008663323896853e-01
8.002497026805656111e-01 9.342438074040437801e-02
6.916951659485413018e-01 8.402898517764407771e-01
5.763387464035879537e-01 6.858270907661866422e-01
7.516685759558727753e-01 1.010206123583221594e-01
5.820060127528792204e-01 1.228941988025272769e-01
6.237941951550540765e-01 6.002557641899097796e-02
