5.815460000000000000e+05
5.615569874088503420e+05
5.434591169754177099e+05
5.272523886997017544e+05
5.129368025817034068e+05
5.005123586214222596e+05
4.899790568188579055e+05
4.813368971740109264e+05
4.745858796868810314e+05
4.697260043574681622e+05
4.667572711857724353e+05
4.656796801717937924e+05
4.664932313155324082e+05
4.691979246169879916e+05
4.737937600761608337e+05
4.802807376930507598e+05
4.886588574676577118e+05
4.989281193999819225e+05
5.110885234900231590e+05
5.251400697377815377e+05
5.410827581432570005e+05
5.589165887064499548e+05
5.786415614273594692e+05
6.002576763059863588e+05
6.237649333423301578e+05
6.491633325363915646e+05
6.764528738881704630e+05
7.056335573976651067e+05
7.367053830648777075e+05
7.696683508898073342e+05
8.045224608724542195e+05
8.412677130128178978e+05
8.799041073108990677e+05
9.204316437666971469e+05
9.628503223802122520e+05
1.007160143151445081e+06
1.053361106080394238e+06
1.101453211167061236e+06
1.151436458411444677e+06
1.203310847813545726e+06
1.257076379373363219e+06
1.312733053090898087e+06
1.370280868966150563e+06
1.429719826999119716e+06
1.491049927189806942e+06
1.554271169538210379e+06
1.619383554044330493e+06
1.686387080708168913e+06
1.755281749529723311e+06
1.826067560508995783e+06
1.898744513645984698e+06
1.973312608940691454e+06
2.049771846393115120e+06
2.128122226003255229e+06
2.208363747771113645e+06
2.290496411696688738e+06
2.374520217779980507e+06
2.460435166020990349e+06
2.548241256419714540e+06
2.637938488976157736e+06
2.729526863690318540e+06
2.823006380562195554e+06
2.918377039591790643e+06
3.015638840779101942e+06
3.114791784124134108e+06
3.215835869626878761e+06
3.318771097287340090e+06
3.423597467105523683e+06
3.530314979081417900e+06
3.638923633215032984e+06
3.749423429506365210e+06
3.861814367955413647e+06
3.976096448562179692e+06
4.092269671326661948e+06
4.210334036248863675e+06
4.330289543328779750e+06
4.452136192566413432e+06
4.575873983961767517e+06
4.701502917514833622e+06
4.829022993225619197e+06
4.958434211094125174e+06
5.089736571120341308e+06
5.222930073304283433e+06
5.358014717645931989e+06
5.494990504145304672e+06
5.633857432802398689e+06
5.774615503617200069e+06
5.917264716589722782e+06
6.061805071719963104e+06
6.208236569007918239e+06
6.356559208453592844e+06
6.506772990056987852e+06
6.658877913818093948e+06
6.812873979736921377e+06
6.968761187813463621e+06
7.126539538047722541e+06
7.286209030439697206e+06
7.447769664989394136e+06
7.611221441696803086e+06
7.776564360561930574e+06
7.943798421584773809e+06
8.112923624765340239e+06
8.283939970103619620e+06
8.456847457599615678e+06
8.631646087253326550e+06
8.808335859064757824e+06
8.986916773033909500e+06
9.167388829160775989e+06
9.349752027445353568e+06
9.534006367887657136e+06
9.720151850487677380e+06
9.908188475245401263e+06
1.009811624216084927e+07
1.028993515123402700e+07
1.048364520246491209e+07
1.067924639585351199e+07
1.087673873139982671e+07
1.107612220910386555e+07
1.127739682896562852e+07
1.148056259098508954e+07
1.168561949516228028e+07
1.189256754149718024e+07
1.210140672998980060e+07
1.231213706064014882e+07
1.252475853344820254e+07
1.273927114841398969e+07
1.295567490553746186e+07
1.317396980481867492e+07
1.339415584625759721e+07
1.361623302985424735e+07
1.384020135560860485e+07
1.406606082352067716e+07
1.429381143359046057e+07
1.452345318581798114e+07
1.475498608020320721e+07
1.498841011674615555e+07
1.522372529544681124e+07
1.546093161630519107e+07
1.570002907932129130e+07
1.594101768449510820e+07
1.618389743182663433e+07
1.642866832131588273e+07
1.667533035296284035e+07
1.692388352676752210e+07
1.717432784272992238e+07
1.742666330085004494e+07
1.768088990112786368e+07
1.793700764356342331e+07
1.819501652815669402e+07
1.845491655490767211e+07
1.871670772381637245e+07
1.898039003488279879e+07
1.924596348810692877e+07
1.951342808348878101e+07
1.978278382102835178e+07
2.005403070072564110e+07
2.032716872258065268e+07
2.060219788659336045e+07
2.087911819276380166e+07
2.115792964109195396e+07
2.143863223157782853e+07
2.172122596422143653e+07
2.200571083902274072e+07
2.229208685598175600e+07
2.258035401509849727e+07
2.287051231637296453e+07
2.316256175980513915e+07
2.345650234539502487e+07
2.375233407314262167e+07
2.405005694304796308e+07
2.434967095511100441e+07
2.465117610933177173e+07
2.495457240571024269e+07
2.525985984424642473e+07
2.556703842494035512e+07
2.587610814779198542e+07
2.618706901280133054e+07
2.649992101996839046e+07
2.681466416929316521e+07
2.713129846077567711e+07
2.744982389441587776e+07
2.777024047021381930e+07
2.809254818816945702e+07
2.841674704828282818e+07
2.874283705055391416e+07
2.907081819498270750e+07
2.940069048156923056e+07
2.973245391031345725e+07
3.006610848121543974e+07
3.040165419427509233e+07
3.073909104949247092e+07
3.107841904686757550e+07
3.141963818640039861e+07
3.176274846809093654e+07
3.210774989193918556e+07
3.245464245794516429e+07
3.280342616610886902e+07
3.315410101643026248e+07
3.350666700890937448e+07
3.386112414354623109e+07
