2.907845000000000000e+05
2.909561839442682685e+05
2.932577214104423183e+05
2.976891123985217419e+05
3.042503569085069466e+05
3.129414549403977580e+05
3.237624064941941178e+05
3.367132115698963171e+05
3.517938701675039483e+05
3.690043822870172444e+05
3.883447479284363799e+05
4.098149670917609474e+05
4.334150397769914707e+05
4.591449659841273678e+05
4.870047457131685806e+05
5.169943789641157491e+05
5.491138657369688153e+05
5.833632060317269061e+05
6.197423998483910691e+05
6.582514471869609552e+05
6.988903480474363314e+05
7.416591024298170814e+05
7.865577103341042530e+05
8.335861717602967983e+05
8.827444867083942518e+05
9.340326551783980103e+05
9.874506771703066770e+05
1.042998552684121416e+06
1.100676281719841994e+06
1.160483864277468063e+06
1.222421300356999505e+06
1.286488589958437253e+06
1.352685733081780141e+06
1.421012729727030033e+06
1.491469579894183436e+06
1.564056283583242679e+06
1.638772840794207761e+06
1.715619251527079614e+06
1.794595515781856375e+06
1.875701633558538742e+06
1.958937604857127415e+06
2.044303429677621927e+06
2.131799108020019718e+06
2.221424639884324744e+06
2.313180025270535145e+06
2.407065264178651851e+06
2.503080356608675327e+06
2.601225302560600918e+06
2.701500102034434211e+06
2.803904755030173343e+06
2.908439261547817383e+06
3.015103621587369125e+06
3.123897835148824845e+06
3.234821902232186869e+06
3.347875822837449145e+06
3.463059596964626573e+06
3.580373224613702390e+06
3.699816705784687307e+06
3.821390040477576666e+06
3.945093228692371398e+06
4.070926270429072436e+06
4.198889165687678382e+06
4.328981914468190633e+06
4.461204516770606861e+06
4.595556972594935447e+06
4.732039281941159628e+06
4.870651444809295237e+06
5.011393461199332960e+06
5.154265331111282110e+06
5.299267054545132443e+06
5.446398631500893272e+06
5.595660061978549697e+06
5.747051345978120342e+06
5.900572483499593101e+06
6.056223474542972632e+06
6.214004319108258933e+06
6.373915017195449211e+06
6.535955568804546259e+06
6.700125973935549147e+06
6.866426232588458806e+06
7.034856344763269648e+06
7.205416310459989123e+06
7.378106129678615369e+06
7.552925802419144660e+06
7.729875328681576066e+06
7.908954708465923555e+06
8.090163941772169434e+06
8.273503028600323014e+06
8.458971968950383365e+06
8.646570762822344899e+06
8.836299410216214135e+06
9.028157911131991073e+06
9.222146265569673851e+06
9.418264473529258743e+06
9.616512535010743886e+06
9.816890450014147907e+06
1.001939821853944845e+07
1.022403584058666602e+07
1.043080331615577824e+07
1.063970064524680004e+07
1.085072782785972953e+07
1.106388486399456114e+07
1.127917175365130231e+07
1.149658849682994373e+07
1.171613509353048168e+07
1.193781154375293851e+07
1.216161784749730118e+07
1.238755400476357341e+07
1.261562001555173844e+07
1.284581587986181490e+07
