-7.323205471038818359e+00 2.274097061157226562e+01
-1.348263072967529297e+01 -1.212575197219848633e+00
-3.551295518875122070e+00 2.157848596572875977e+00
1.804726243019104004e+00 -2.686408424377441406e+01
2.102680587768554688e+01 -3.410872220993041992e+00
1.836108589172363281e+01 -1.172128772735595703e+01
-1.706185150146484375e+01 -1.354766941070556641e+01
1.157524013519287109e+01 1.342999744415283203e+01
1.933267861604690552e-01 2.742035675048828125e+01
-9.396357536315917969e+00 2.726374626159667969e+01
-2.759089660644531250e+01 9.675143241882324219e+00
-1.785239601135253906e+01 -5.878821849822998047e+00
3.215871095657348633e+00 -3.071555137634277344e+01
6.231723308563232422e+00 -5.089795589447021484e+00
1.948953056335449219e+01 -1.409712123870849609e+01
-1.039861106872558594e+01 7.860806584358215332e-01
1.246247768402099609e+01 1.175833702087402344e+01
1.648654747009277344e+01 2.892978096008300781e+01
-7.361605167388916016e+00 2.274325180053710938e+01
-3.145660209655761719e+01 2.415226459503173828e+00
1.923936843872070312e+00 -1.693003082275390625e+01
1.289733600616455078e+01 -3.177091789245605469e+01
2.776152420043945312e+01 -2.039087057113647461e+00
1.288506698608398438e+01 -8.946074485778808594e+00
9.276287078857421875e+00 -2.067777633666992188e+00
1.637752532958984375e+01 -7.764408588409423828e-01
1.506832981109619141e+01 2.927297401428222656e+01
-9.533427238464355469e+00 2.892637443542480469e+01
-3.161718559265136719e+01 3.498157262802124023e+00
6.204315662384033203e+00 1.005664443969726562e+01
1.406439113616943359e+01 -3.135872840881347656e+01
6.362017631530761719e+00 -3.681761503219604492e+00
2.660901308059692383e+00 -2.154419517517089844e+01
6.299133300781250000e+00 -2.699153184890747070e+00
1.394493961334228516e+01 1.276603603363037109e+01
1.216343688964843750e+01 2.545165061950683594e+01
-8.552345275878906250e+00 1.675754356384277344e+01
-3.082325172424316406e+01 4.146340370178222656e+00
6.864054679870605469e+00 1.014601707458496094e+01
4.671997725963592529e-01 -3.058112525939941406e+01
3.035581588745117188e+01 -2.093738317489624023e+00
1.724667739868164062e+01 -1.789910697937011719e+01
-1.644361114501953125e+01 -1.407018089294433594e+01
3.985862493515014648e+00 8.383277893066406250e+00
-1.564429521560668945e+00 1.683759307861328125e+01
-1.041412544250488281e+01 2.058374977111816406e+01
-2.863421821594238281e+01 6.135048866271972656e+00
1.977513122558593750e+01 1.452672767639160156e+01
7.625024318695068359e+00 -3.168762016296386719e+01
2.595447731018066406e+01 -9.966723918914794922e-01
7.800064086914062500e+00 -6.608652114868164062e+00
-1.950835037231445312e+01 -1.625608825683593750e+01
8.245502471923828125e+00 3.188424110412597656e+00
1.308182334899902344e+01 3.205860519409179688e+01
-1.403586864471435547e+01 2.203474044799804688e+01
-2.299284362792968750e+01 -5.076131343841552734e+00
-1.367397904396057129e-01 2.662499666213989258e+00
1.612022781372070312e+01 -3.493718338012695312e+01
3.135327339172363281e+01 -1.304947137832641602e+00
1.938915634155273438e+01 4.056234836578369141e+00
-1.134776687622070312e+01 -1.900784683227539062e+01
1.805479240417480469e+01 7.769552707672119141e+00
1.134548568725585938e+01 2.714258193969726562e+01
-6.384538650512695312e+00 2.099588394165039062e+01
-3.126307678222656250e+01 -7.181445360183715820e-01
-3.966449499130249023e+00 -3.360737800598144531e+00
1.375744533538818359e+01 -3.060224914550781250e+01
2.039536857604980469e+01 -1.019438552856445312e+01
1.257087516784667969e+01 -6.160573005676269531e+00
-1.574868202209472656e+01 -2.154382705688476562e+01
-1.056273460388183594e+00 -4.895160675048828125e+00
1.591020965576171875e+01 3.192473411560058594e+01
-8.379878044128417969e+00 2.820635414123535156e+01
-3.225249099731445312e+01 -9.386138916015625000e+00
-2.375008583068847656e+00 -8.004791259765625000e+00
1.454701995849609375e+01 -3.466217422485351562e+01
2.641276741027832031e+01 -3.554064631462097168e-01
-8.150317192077636719e+00 7.820645332336425781e+00
-1.708493804931640625e+01 -1.774718093872070312e+01
9.638505935668945312e+00 -7.570253610610961914e-01
8.154274940490722656e+00 2.672896003723144531e+01
-9.368654251098632812e+00 1.431796646118164062e+01
-2.672508811950683594e+01 6.570566654205322266e+00
5.845620632171630859e-01 -2.937877893447875977e+00
-3.033476591110229492e+00 6.242900371551513672e+00
3.008085632324218750e+01 -2.890242934226989746e-01
1.185968971252441406e+01 -1.147646522521972656e+01
-1.697630119323730469e+01 -2.219544601440429688e+01
1.139931106567382812e+01 -7.413325905799865723e-01
1.285236072540283203e+01 2.468613815307617188e+01
-8.190242767333984375e+00 9.371687889099121094e+00
-2.709534645080566406e+01 8.142761230468750000e+00
6.928385734558105469e+00 1.105059909820556641e+01
1.452672290802001953e+01 -3.267313003540039062e+01
2.953593635559082031e+01 -5.576119422912597656e+00
3.840217113494873047e+00 -2.021193695068359375e+01
-1.063065528869628906e+01 -2.798649072647094727e-01
-1.579063653945922852e+00 -5.094696044921875000e+00
-2.223484992980957031e+01 2.285201835632324219e+01
-7.183818817138671875e+00 9.271637916564941406e+00
-2.377764511108398438e+01 -2.013086557388305664e+00
-6.698472499847412109e+00 4.449609756469726562e+00
1.722824096679687500e+01 -3.024345970153808594e+01
2.910343170166015625e+01 -6.760365366935729980e-01
1.142658901214599609e+01 -4.989864826202392578e+00
-1.856666684150695801e+00 -1.068805885314941406e+01
1.066144657135009766e+01 1.237476444244384766e+01
1.638225364685058594e+01 3.000586509704589844e+01
-1.236563587188720703e+01 8.432208061218261719e+00
-1.971919250488281250e+01 -1.300872024148702621e-02
-2.583440971374511719e+01 -1.076719093322753906e+01
1.203994178771972656e+01 -3.639680099487304688e+01
7.592697143554687500e+00 -1.848175406455993652e+00
6.491570472717285156e+00 -1.036706924438476562e+00
-6.312196254730224609e+00 -5.530534744262695312e+00
7.105327606201171875e+00 -6.515402197837829590e-01
-9.630624055862426758e-01 2.437489891052246094e+01
-4.153735637664794922e+00 1.004529190063476562e+01
-2.538010215759277344e+01 -9.070026129484176636e-02
-7.064123153686523438e+00 4.669109344482421875e+00
-2.067604511976242065e-01 3.659530878067016602e+00
5.229656219482421875e+00 6.538529396057128906e+00
1.901045227050781250e+01 -9.725589752197265625e+00
3.018179237842559814e-01 3.302472591400146484e+00
1.043824005126953125e+01 3.366611719131469727e+00
1.710750389099121094e+01 2.808807563781738281e+01
-1.538893032073974609e+01 1.902836990356445312e+01
-2.596100616455078125e+01 9.836817741394042969e+00
3.524858653545379639e-01 3.362013995647430420e-01
1.089844512939453125e+01 -3.238906478881835938e+01
3.193614959716796875e+01 -7.953391969203948975e-02
1.729806518554687500e+01 -1.733292579650878906e+01
-1.664123725891113281e+01 -2.069297218322753906e+01
5.869106769561767578e+00 7.171032428741455078e-01
1.084214019775390625e+01 2.862667465209960938e+01
-6.384599685668945312e+00 1.871903228759765625e+01
-5.698801994323730469e+00 -1.943519473075866699e+00
-7.485119342803955078e+00 4.782698154449462891e+00
1.805220007896423340e+00 -3.208752441406250000e+01
1.395419788360595703e+01 2.509899854660034180e+00
-9.198236465454101562e+00 5.504865169525146484e+00
-9.213574409484863281e+00 -1.748702239990234375e+01
4.931587696075439453e+00 1.314404773712158203e+01
1.426202297210693359e+00 2.714377975463867188e+01
-1.685808944702148438e+01 1.953989601135253906e+01
-2.990758705139160156e+01 8.360517501831054688e+00
-1.057006001472473145e+00 1.015656113624572754e+00
-1.860387611389160156e+01 6.127351760864257812e+00
1.918451690673828125e+01 -7.293425083160400391e+00
7.903272628784179688e+00 -8.482513427734375000e+00
-9.621207237243652344e+00 -4.147198796272277832e-01
-1.333394241333007812e+01 3.746761083602905273e+00
1.340093803405761719e+01 2.851049041748046875e+01
-1.301437377929687500e+00 2.320288085937500000e+01
-2.923694038391113281e+01 -8.969153404235839844e+00
2.415730237960815430e+00 -1.169477939605712891e+00
1.512089061737060547e+01 -3.549253082275390625e+01
1.016119098663330078e+01 6.094913482666015625e-01
9.408116340637207031e+00 -6.988546848297119141e+00
-1.652742767333984375e+01 -2.182638931274414062e+01
1.319339275360107422e+01 1.490743732452392578e+01
8.084132194519042969e+00 2.852601814270019531e+01
-7.901050090789794922e+00 9.466093063354492188e+00
-1.823554039001464844e+01 7.932257652282714844e+00
-1.611312675476074219e+01 8.911253809928894043e-01
-5.165908336639404297e+00 6.428453922271728516e+00
7.007405281066894531e+00 -3.984644889831542969e+00
5.437621593475341797e+00 -6.476321220397949219e+00
5.084737300872802734e+00 -2.660455465316772461e+00
1.594860458374023438e+01 -3.633594274520874023e+00
1.013029003143310547e+01 3.463595581054687500e+01
-1.497759723663330078e+01 2.368594741821289062e+01
-2.676234817504882812e+01 3.798211574554443359e+00
-6.734043121337890625e+00 5.085612773895263672e+00
-4.481268882751464844e+00 6.655045986175537109e+00
2.675743484497070312e+01 -4.936502456665039062e+00
1.703221511840820312e+01 -1.554807090759277344e+01
-1.594112491607666016e+01 -2.272397232055664062e+01
-3.985559463500976562e+00 -1.652344512939453125e+01
4.875428080558776855e-01 1.435887908935546875e+01
-1.610593605041503906e+01 1.830624008178710938e+01
-2.901452255249023438e+01 -1.846806049346923828e+00
1.274044418334960938e+01 -1.974075101315975189e-02
1.343260192871093750e+01 -3.838598251342773438e+01
1.305819988250732422e+00 1.054752349853515625e+01
9.180875778198242188e+00 -5.575487136840820312e+00
-1.022759723663330078e+01 -1.049776744842529297e+01
-1.642510604858398438e+01 -6.636105060577392578e+00
8.173351287841796875e+00 3.249299621582031250e+01
-1.503840065002441406e+01 9.818564414978027344e+00
-2.278719520568847656e+01 -5.134741306304931641e+00
-2.066385269165039062e+01 -9.993484497070312500e+00
1.322305583953857422e+01 -3.742996978759765625e+01
2.541120147705078125e+01 2.663456201553344727e-01
5.110074520111083984e+00 -3.508459806442260742e+00
-7.033070564270019531e+00 2.085058212280273438e+00
-1.076294326782226562e+01 6.181643009185791016e+00
8.083455085754394531e+00 2.852631759643554688e+01
-1.726821517944335938e+01 1.391551399230957031e+01
-1.677991104125976562e+01 1.324071526527404785e+00
-3.155514001846313477e+00 2.419187068939208984e+00
2.120355367660522461e+00 -3.009358215332031250e+01
2.921027755737304688e+01 -2.207029819488525391e+00
4.168931484222412109e+00 -1.261848926544189453e+01
-1.252896881103515625e+01 -1.914793586730957031e+01
-1.464881324768066406e+01 7.060056209564208984e+00
1.233550643920898438e+01 3.452946853637695312e+01
-1.548625755310058594e+01 2.284119224548339844e+01
-2.315200424194335938e+01 -1.690540075302124023e+00
4.263301849365234375e+00 -1.581320524215698242e+00
5.591349124908447266e+00 -3.534653091430664062e+01
2.547987556457519531e+01 4.162866115570068359e+00
1.673997306823730469e+01 -1.169012641906738281e+01
-1.016496944427490234e+01 -8.563055038452148438e+00
-1.457967758178710938e+01 3.883123874664306641e+00
1.465410232543945312e+01 2.695137977600097656e+01
-5.720742225646972656e+00 9.695716857910156250e+00
-5.192043781280517578e+00 -2.767034769058227539e+00
-1.800035476684570312e+01 -2.122359275817871094e+00
3.127072095870971680e+00 -3.000604057312011719e+01
6.536974430084228516e+00 4.249512672424316406e+00
9.558080673217773438e+00 -5.228122234344482422e+00
-1.474748325347900391e+01 -1.462059593200683594e+01
1.619406509399414062e+01 7.984409332275390625e+00
2.636258363723754883e+00 2.793589782714843750e+01
-7.262552738189697266e+00 2.277179527282714844e+01
-2.958986854553222656e+01 -9.302139282226562500e+00
-4.377742767333984375e+00 -4.078252792358398438e+00
3.127072095870971680e+00 -3.000604057312011719e+01
2.618641281127929688e+01 -3.999062061309814453e+00
6.592421531677246094e+00 -1.052544593811035156e+01
2.200159072875976562e+00 -3.908657789230346680e+00
-2.578798055648803711e+00 -1.537100315093994141e+01
1.437129116058349609e+01 2.744211959838867188e+01
-1.326250648498535156e+01 1.910647010803222656e+01
-2.975225448608398438e+01 9.659788012504577637e-01
5.790846943855285645e-01 4.910966455936431885e-01
1.333142757415771484e+01 -3.499432754516601562e+01
3.196748495101928711e+00 -7.444281101226806641e+00
1.971252632141113281e+01 2.898113012313842773e+00
-8.803812980651855469e+00 7.972425818443298340e-01
-1.432569503784179688e+01 7.100611209869384766e+00
1.336083698272705078e+01 2.700037384033203125e+01
-1.101778030395507812e+01 2.004893493652343750e+01
-8.929713249206542969e+00 6.826408863067626953e+00
-4.172611236572265625e-01 -2.405147743225097656e+01
-2.651098489761352539e+00 4.912425041198730469e+00
1.152173042297363281e+01 -2.122997522354125977e+00
1.801177215576171875e+01 -1.101641559600830078e+01
-8.472526550292968750e+00 -4.518435955047607422e+00
3.387841701507568359e+00 8.429188728332519531e+00
9.074421882629394531e+00 2.990078163146972656e+01
6.923552155494689941e-01 2.108492469787597656e+01
-2.971820449829101562e+01 3.148381233215332031e+00
3.290572404861450195e+00 1.306375622749328613e+00
1.540354824066162109e+01 -3.523135375976562500e+01
-4.899935245513916016e+00 2.286571413278579712e-01
1.451202869415283203e+00 -2.538458442687988281e+01
1.267890214920043945e+00 -6.437423706054687500e+00
3.475000619888305664e+00 1.249575901031494141e+01
1.419756031036376953e+01 3.273163604736328125e+01
-1.742564392089843750e+01 1.659304237365722656e+01
-9.107044219970703125e+00 1.044129753112792969e+01
-1.719234848022460938e+01 -1.671618103981018066e+00
1.469595527648925781e+01 -2.969701385498046875e+01
-3.809931039810180664e+00 -1.245101737976074219e+01
1.474779796600341797e+01 -5.426260948181152344e+00
-9.265593528747558594e+00 2.980135917663574219e+00
1.286680030822753906e+01 1.333710575103759766e+01
9.975729942321777344e+00 2.972050666809082031e+01
-1.122473335266113281e+01 1.726600837707519531e+01
-1.981760406494140625e+01 8.999050140380859375e+00
-1.085608243942260742e+00 -2.857016801834106445e+00
1.016534900665283203e+01 -1.868165254592895508e+00
1.379969358444213867e+00 1.050721073150634766e+01
2.985813379287719727e+00 -2.094696807861328125e+01
-1.608398818969726562e+01 -2.035926818847656250e+01
1.478944492340087891e+01 -3.835309028625488281e+00
1.350540256500244141e+01 2.346197509765625000e+01
-1.079498767852783203e+01 2.012565803527832031e+01
-2.860614013671875000e+01 6.217068195343017578e+00
-1.262268352508544922e+01 -3.856085538864135742e+00
1.406439113616943359e+01 -3.135872840881347656e+01
1.897922039031982422e+00 6.351284980773925781e+00
7.302578449249267578e+00 -9.926362991333007812e+00
-1.459960460662841797e+01 -2.393307876586914062e+01
3.614917755126953125e+00 5.528730392456054688e+00
7.122512340545654297e+00 3.150616455078125000e+01
-5.046353340148925781e+00 1.176706790924072266e+01
-2.365534973144531250e+01 -2.166104555130004883e+00
1.952275085449218750e+01 9.087268829345703125e+00
2.854119777679443359e+00 -3.248602676391601562e+01
4.403796195983886719e+00 1.794673728942871094e+01
8.905493736267089844e+00 -1.206551933288574219e+01
-2.145276069641113281e+00 1.018769741058349609e+01
-3.429345041513442993e-02 -9.405320167541503906e+00
1.173296833038330078e+01 3.470115661621093750e+01
-9.913556098937988281e+00 1.509262657165527344e+01
-3.107942390441894531e+01 -8.594138145446777344e+00
-5.414577484130859375e+00 2.038887977600097656e+00
1.707249450683593750e+01 -3.565260696411132812e+01
9.972391724586486816e-01 1.094190216064453125e+01
9.509205818176269531e+00 -9.519170761108398438e+00
-9.806440353393554688e+00 1.378416299819946289e+00
2.259698390960693359e+00 4.654657363891601562e+00
7.310947418212890625e+00 3.009120368957519531e+01
-1.728285217285156250e+01 -8.228268623352050781e+00
-1.974298667907714844e+01 8.869847297668457031e+00
-8.552384376525878906e+00 4.437212467193603516e+00
4.425327777862548828e+00 -3.494351959228515625e+01
2.840183639526367188e+01 -6.294614791870117188e+00
1.695699119567871094e+01 3.166834354400634766e+00
-1.201617336273193359e+01 5.573473572731018066e-01
5.139159679412841797e+00 -8.332808613777160645e-01
9.625136375427246094e+00 2.872015762329101562e+01
3.870974063873291016e+00 1.773035812377929688e+01
-2.950353240966796875e+01 -6.102952480316162109e+00
1.353114223480224609e+01 6.268848419189453125e+00
1.196028113365173340e+00 -2.705916213989257812e+01
2.966882324218750000e+01 -1.620591878890991211e+00
1.948372459411621094e+01 -1.409674930572509766e+01
-1.007323837280273438e+01 3.320396184921264648e+00
7.461304664611816406e+00 6.365067481994628906e+00
-1.265683174133300781e-01 2.370376968383789062e+01
-7.604486942291259766e+00 1.457306098937988281e+01
-1.534793472290039062e+01 2.172861576080322266e+00
-2.051425743103027344e+01 -9.995964050292968750e+00
-4.154060840606689453e+00 6.811393737792968750e+00
-9.137135505676269531e+00 7.666140556335449219e+00
1.731675529479980469e+01 -1.772521972656250000e+01
-1.745735549926757812e+01 -2.102862930297851562e+01
1.245542144775390625e+01 -1.388435840606689453e+00
1.037698268890380859e+00 2.308306503295898438e+01
-1.155110645294189453e+01 9.463824272155761719e+00
-1.223258781433105469e+01 6.609856605529785156e+00
6.499440670013427734e-01 -2.103711891174316406e+01
1.311147022247314453e+01 -2.764552116394042969e+01
2.067233085632324219e+01 -2.667880535125732422e+00
5.692375183105468750e+00 -1.149854850769042969e+01
-1.498548793792724609e+01 -2.006925582885742188e+01
-2.513504743576049805e+00 -1.658665657043457031e+01
8.716471672058105469e+00 3.364067459106445312e+01
-8.483375549316406250e+00 1.680286598205566406e+01
-2.668416976928710938e+01 8.322729110717773438e+00
4.214575290679931641e+00 4.411121606826782227e-01
5.619201183319091797e+00 -3.033984756469726562e+01
3.176115608215332031e+01 -2.735436677932739258e+00
2.732541084289550781e+00 -2.100020408630371094e+01
-1.302972316741943359e+01 -9.087912559509277344e+00
8.279999732971191406e+00 4.017195701599121094e+00
9.475686073303222656e+00 3.132934761047363281e+01
-1.155680465698242188e+01 2.019108200073242188e+01
-1.610489273071289062e+01 -5.301130294799804688e+00
-8.233768463134765625e+00 -1.274947357177734375e+01
1.533547306060791016e+01 -3.132569313049316406e+01
3.060365867614746094e+01 -1.073938846588134766e+00
3.462614774703979492e+00 -1.263005447387695312e+01
5.393263339996337891e+00 -1.825148820877075195e+00
9.271831512451171875e+00 5.124703884124755859e+00
1.190723419189453125e+01 3.211536407470703125e+01
-1.102768611907958984e+01 1.694083213806152344e+01
-1.905842399597167969e+01 7.128254890441894531e+00
-2.843220531940460205e-01 -6.967810988426208496e-01
-1.986314654350280762e+00 7.327518939971923828e+00
3.211544418334960938e+01 -7.888956069946289062e+00
1.086103153228759766e+01 -5.048908710479736328e+00
-9.864502906799316406e+00 -9.894286155700683594e+00
-1.209542751312255859e+00 -1.502384376525878906e+01
8.209680765867233276e-02 2.572347068786621094e+01
-1.301199817657470703e+01 8.674705505371093750e+00
-2.138105583190917969e+01 -5.594279766082763672e+00
5.073859691619873047e+00 -1.107542216777801514e-01
-5.097797870635986328e+00 3.892325639724731445e+00
-8.666728973388671875e+00 -1.159436702728271484e+01
1.820668220520019531e+01 2.672211170196533203e+00
-9.586963653564453125e+00 7.456556558609008789e-01
4.371427536010742188e+00 -4.898737907409667969e+00
8.901775360107421875e+00 2.319425582885742188e+01
-1.441775321960449219e+01 1.704909133911132812e+01
-3.055599403381347656e+01 -3.615389585494995117e+00
-7.882356166839599609e+00 -1.232312488555908203e+01
1.267383670806884766e+01 -3.014328575134277344e+01
-3.277756929397583008e+00 -1.396641635894775391e+01
1.935246658325195312e+01 3.339962959289550781e+00
-1.364327907562255859e+01 -2.100198364257812500e+01
1.095376968383789062e+01 6.478219985961914062e+00
2.054217720031738281e+01 -8.380717277526855469e+00
-3.296726226806640625e+00 1.258328151702880859e+01
-1.761585426330566406e+01 -6.487875461578369141e+00
4.046480178833007812e+00 -1.460746169090270996e+00
-3.337507486343383789e+00 4.030393600463867188e+00
2.439917182922363281e+01 4.080866813659667969e+00
8.582542419433593750e+00 -1.505591201782226562e+01
-8.002338409423828125e+00 -8.043679594993591309e-01
3.519453048706054688e+00 5.928243637084960938e+00
7.199376583099365234e+00 2.836650848388671875e+01
-5.994912147521972656e+00 1.864508056640625000e+01
-2.943313789367675781e+01 6.306256055831909180e-01
-1.535104513168334961e+00 1.231036424636840820e+00
1.468022060394287109e+01 -3.507226943969726562e+01
3.208562850952148438e+01 -2.629191242158412933e-02
4.608676910400390625e+00 -9.541021347045898438e+00
-1.008387088775634766e+01 1.898252367973327637e+00
4.289208889007568359e+00 1.266082382202148438e+01
6.194117546081542969e+00 3.056209945678710938e+01
-1.092942523956298828e+01 3.504144668579101562e+00
-3.043611145019531250e+01 -3.667948007583618164e+00
1.824334740638732910e+00 2.345224142074584961e+00
1.404276371002197266e+01 -3.145711898803710938e+01
2.888957214355468750e+01 5.059776902198791504e-01
1.599847912788391113e+00 -9.231573104858398438e+00
-1.659186744689941406e+01 -1.400077533721923828e+01
-2.433881759643554688e+00 -1.599293136596679688e+01
2.041474342346191406e+00 2.791338920593261719e+01
-1.656513977050781250e+01 2.345758819580078125e+01
-1.043049907684326172e+01 7.837505340576171875e+00
1.723623633384704590e+00 -4.332065582275390625e-01
3.975750505924224854e-01 -2.869273567199707031e+01
9.093306541442871094e+00 -3.679838180541992188e+00
2.181558799743652344e+01 -1.118373298645019531e+01
-1.608899116516113281e+01 -2.147658729553222656e+01
3.569928884506225586e+00 4.245661258697509766e+00
1.230377674102783203e+01 2.689279174804687500e+01
-1.809982681274414062e+01 1.804396629333496094e+01
-2.973093223571777344e+01 8.221165657043457031e+00
-1.177195358276367188e+01 -2.942008733749389648e+00
1.355431461334228516e+01 -2.963298606872558594e+01
2.641276741027832031e+01 -3.554064631462097168e-01
1.231729507446289062e+01 -1.211940288543701172e+01
-5.031298160552978516e+00 -5.870557785034179688e+00
5.694283008575439453e+00 3.123342037200927734e+00
7.123256683349609375e+00 3.150549316406250000e+01
-1.968120193481445312e+01 1.402293109893798828e+01
-2.950721168518066406e+01 6.905559897422790527e-01
1.268343687057495117e+00 -1.096470475196838379e+00
5.191583156585693359e+00 -3.107733726501464844e+01
3.277427673339843750e+01 -6.851744651794433594e+00
6.003848552703857422e+00 -2.053383827209472656e+01
-7.634744167327880859e+00 5.963096022605895996e-01
1.151978015899658203e+01 1.352762126922607422e+01
1.190714931488037109e+01 3.211596679687500000e+01
-1.576422023773193359e+01 1.622237014770507812e+01
-3.551824092864990234e+00 -8.194292068481445312e+00
4.681093215942382812e+00 1.397155404090881348e+00
1.705411529541015625e+01 -3.263435745239257812e+01
2.966916465759277344e+01 -1.620431542396545410e+00
-2.413990592956542969e+01 1.729309654235839844e+01
-1.713857078552246094e+01 -2.237887954711914062e+01
1.498623752593994141e+01 -2.968707680702209473e-01
1.248702812194824219e+01 3.019721031188964844e+01
-1.584892368316650391e+01 1.147034645080566406e+01
-2.335305595397949219e+01 1.028588104248046875e+01
-5.640913009643554688e+00 2.317291021347045898e+00
1.534640693664550781e+01 -3.237374114990234375e+01
-3.908286094665527344e+00 -1.264881706237792969e+01
-8.639735221862792969e+00 4.433343887329101562e+00
3.405998349189758301e-01 -6.245276451110839844e+00
4.204113006591796875e+00 1.263136482238769531e+01
8.256686210632324219e+00 3.210825729370117188e+01
-1.583666801452636719e+01 2.195993232727050781e+01
-1.249496078491210938e+01 6.578138828277587891e+00
-1.842019271850585938e+01 -5.215228557586669922e+00
1.940076637268066406e+01 -9.109398841857910156e+00
3.287606048583984375e+01 -5.319727063179016113e-01
8.704310417175292969e+00 -1.638162231445312500e+01
-9.418830871582031250e+00 -4.833674907684326172e+00
2.938548088073730469e+00 -1.904499244689941406e+01
-5.131928920745849609e+00 1.513206481933593750e+01
-8.774174690246582031e+00 1.285248374938964844e+01
-2.640486907958984375e+01 -2.494120121002197266e+00
-7.876456260681152344e+00 3.361727237701416016e+00
-3.191098451614379883e+00 8.038779258728027344e+00
2.770596694946289062e+01 1.265941500663757324e+00
8.557766914367675781e+00 -5.900668621063232422e+00
-1.610348892211914062e+01 -1.422428703308105469e+01
-3.125470161437988281e+00 -1.618478012084960938e+01
1.101581192016601562e+01 2.363138389587402344e+01
-1.161223316192626953e+01 1.397183990478515625e+01
-1.605069541931152344e+01 6.584826707839965820e-01
1.423301506042480469e+01 7.481759071350097656e+00
1.144102191925048828e+01 -3.105793952941894531e+01
1.335735988616943359e+01 1.547359466552734375e+00
1.478618621826171875e+01 -1.536438083648681641e+01
-1.148854827880859375e+01 -1.905461311340332031e+01
2.217074394226074219e+01 -9.040684700012207031e+00
9.712747573852539062e+00 2.790446662902832031e+01
-1.092056369781494141e+01 1.309448719024658203e+01
-1.038500690460205078e+01 -2.095235824584960938e+00
6.022264361381530762e-01 5.913656949996948242e-01
-6.254818916320800781e+00 6.062572002410888672e+00
2.909070587158203125e+01 -5.735227584838867188e+00
1.028772068023681641e+01 -1.677078437805175781e+01
-1.736086463928222656e+01 -2.026886558532714844e+01
-6.410326480865478516e+00 -1.149103927612304688e+01
1.532797718048095703e+01 3.027469444274902344e+01
-1.295303344726562500e+01 1.068628883361816406e+01
-2.747765159606933594e+01 8.293824195861816406e+00
-1.037540721893310547e+01 -2.109930753707885742e+00
-3.191092967987060547e+00 8.039091110229492188e+00
2.815772056579589844e+01 -2.424689531326293945e+00
1.565380573272705078e+01 -1.478672599792480469e+01
-8.030411720275878906e+00 -3.188997745513916016e+00
8.658073425292968750e+00 6.896989822387695312e+00
8.177049636840820312e+00 3.238528823852539062e+01
-1.084347057342529297e+01 1.041356945037841797e+01
-2.750019264221191406e+01 -1.414838790893554688e+00
-7.386490345001220703e+00 4.613133430480957031e+00
1.093217945098876953e+01 -1.938835263252258301e+00
3.074824714660644531e+01 -6.528058052062988281e+00
1.056559181213378906e+01 -5.967828750610351562e+00
-9.043129920959472656e+00 -1.755341529846191406e+01
1.622790908813476562e+01 -3.408593416213989258e+00
1.171629810333251953e+01 3.006982803344726562e+01
-8.855306625366210938e+00 2.648423385620117188e+01
-2.932810592651367188e+01 -5.912950515747070312e+00
1.793380379676818848e+00 -2.103108024597167969e+01
1.340026950836181641e+01 -2.478594589233398438e+01
2.613279533386230469e+01 3.468449592590332031e+00
1.021481513977050781e+01 -1.006631278991699219e+01
-1.144704246520996094e+01 2.553330659866333008e+00
1.059199810028076172e+00 4.986965656280517578e+00
1.284652805328369141e+01 2.401825714111328125e+01
-1.138846778869628906e+01 2.667274284362792969e+01
-2.569558334350585938e+01 7.505039215087890625e+00
-3.860161781311035156e+00 -1.059781193733215332e+00
-3.671801328659057617e+00 4.874784946441650391e+00
1.272582244873046875e+01 2.319521188735961914e+00
7.276346683502197266e+00 -5.553173542022705078e+00
-1.034181976318359375e+01 1.942139387130737305e+00
4.437847614288330078e+00 3.941643714904785156e+00
9.733901023864746094e+00 3.185935783386230469e+01
-9.919656753540039062e+00 2.778714752197265625e+01
-2.844747352600097656e+01 -6.044344902038574219e+00
1.861725807189941406e+01 8.726947784423828125e+00
1.465107631683349609e+01 -3.664850234985351562e+01
5.330913066864013672e+00 -1.254635095596313477e+00
1.862432670593261719e+01 -1.010432910919189453e+01
-1.530532932281494141e+01 -1.982432937622070312e+01
1.169595527648925781e+01 1.116918182373046875e+01
9.853740692138671875e+00 2.406486320495605469e+01
-1.218329906463623047e+01 1.225790405273437500e+01
-2.886104202270507812e+01 -8.927423477172851562e+00
6.734462261199951172e+00 1.535289669036865234e+01
1.674396896362304688e+01 -2.763277244567871094e+01
6.016962051391601562e+00 -4.554104328155517578e+00
7.088756084442138672e+00 -6.782310009002685547e+00
-8.071989059448242188e+00 -5.516333103179931641e+00
-1.510802173614501953e+01 7.099189281463623047e+00
8.057876586914062500e+00 2.814922714233398438e+01
-1.141037273406982422e+01 1.131915855407714844e+01
-2.411935615539550781e+01 -1.371419072151184082e+00
-1.616056251525878906e+01 5.090711593627929688e+00
3.394475460052490234e+00 -3.220254135131835938e+01
3.237889099121093750e+01 -5.042298793792724609e+00
6.517770767211914062e+00 -6.288311958312988281e+00
6.032340526580810547e+00 4.196712017059326172e+00
7.918546199798583984e+00 -3.364765405654907227e+00
3.570291280746459961e+00 2.832345962524414062e+01
-1.706611633300781250e+01 1.368249511718750000e+01
-1.350595378875732422e+01 -1.556866645812988281e+00
1.327143478393554688e+01 -2.374567794799804688e+01
-1.780495452880859375e+01 4.160051345825195312e+00
2.920261955261230469e+01 -5.261595249176025391e-01
2.716969490051269531e+00 -1.353182601928710938e+01
-2.103623867034912109e+00 1.019018745422363281e+01
6.004546642303466797e+00 -2.941827774047851562e-01
1.039563179016113281e+01 2.515271568298339844e+01
-6.823251724243164062e+00 1.140910720825195312e+01
-1.954820060729980469e+01 7.205656528472900391e+00
-1.189461612701416016e+01 -5.828892707824707031e+00
1.300428581237792969e+01 -3.544171142578125000e+01
3.326211166381835938e+01 -4.091878414154052734e+00
7.973215103149414062e+00 -1.658530807495117188e+01
-1.718084716796875000e+01 -1.718707275390625000e+01
2.660774230957031250e+00 -5.913199901580810547e+00
7.071377277374267578e+00 3.124328231811523438e+01
-5.591702938079833984e+00 1.166940784454345703e+01
-2.649375915527343750e+01 4.874616563320159912e-01
1.718765735626220703e+00 -4.307562112808227539e-01
7.814370632171630859e+00 -3.047428894042968750e+01
7.386524677276611328e+00 1.909036278724670410e+00
6.092868804931640625e+00 -1.342972564697265625e+01
-9.110314369201660156e+00 2.642933368682861328e+00
1.938182830810546875e+01 -9.087315559387207031e+00
6.444383144378662109e+00 3.324145507812500000e+01
-1.808027648925781250e+01 1.748253440856933594e+01
-6.222204685211181641e+00 7.530127525329589844e+00
2.404542684555053711e+00 8.593388795852661133e-01
-4.267786979675292969e+00 6.734772682189941406e+00
-9.540998458862304688e+00 4.273761272430419922e+00
1.711274909973144531e+01 -1.676169776916503906e+01
-1.896121597290039062e+01 -2.221602439880371094e+01
-6.836855411529541016e-01 8.942108154296875000e+00
1.016562938690185547e+01 2.254607772827148438e+01
-6.311377048492431641e+00 2.407556152343750000e+01
-2.912403106689453125e+01 -1.033429241180419922e+01
3.198059558868408203e+00 -5.237304568290710449e-01
1.057355308532714844e+01 -3.499224090576171875e+01
-9.870135307312011719e+00 6.642620086669921875e+00
8.033975601196289062e+00 -4.967526912689208984e+00
-1.358668231964111328e+01 -1.110415267944335938e+01
1.069987297058105469e+01 8.023949623107910156e+00
2.617881298065185547e+00 2.582244682312011719e+01
-6.428417682647705078e+00 1.043543910980224609e+01
-8.933543205261230469e+00 1.118523693084716797e+01
3.336378097534179688e+00 -2.760205984115600586e+00
6.536255836486816406e+00 -3.124932861328125000e+01
2.618641281127929688e+01 -3.999062061309814453e+00
1.054962730407714844e+01 -8.120367050170898438e+00
-1.995122909545898438e+01 -1.763454246520996094e+01
4.012028694152832031e+00 -2.162943649291992188e+01
1.435121631622314453e+01 3.306108093261718750e+01
-1.523621749877929688e+01 1.154816913604736328e+01
-2.683758354187011719e+01 -4.002684950828552246e-01
1.268442392349243164e+00 -1.096697926521301270e+00
1.708613753318786621e+00 -2.692150688171386719e+01
3.031978416442871094e+01 1.715044021606445312e+00
7.899723649024963379e-01 -1.046095657348632812e+01
2.146432638168334961e+00 -4.956041336059570312e+00
3.576275110244750977e+00 3.923746824264526367e+00
1.653258514404296875e+01 2.870031166076660156e+01
-1.103272819519042969e+01 1.593055820465087891e+01
-2.224887275695800781e+01 2.169417381286621094e+00
1.287554550170898438e+01 -2.341817378997802734e+00
2.435002803802490234e+00 -2.710476303100585938e+01
1.489477825164794922e+01 5.819242954254150391e+00
4.156384468078613281e+00 -1.230252456665039062e+01
-5.805031776428222656e+00 -8.123449325561523438e+00
1.005672550201416016e+01 2.948866844177246094e+00
1.284652805328369141e+01 2.401825714111328125e+01
-1.382654190063476562e+01 1.491559410095214844e+01
-3.191066360473632812e+01 -8.525655746459960938e+00
-1.612377017736434937e-01 -1.711764693260192871e+00
-2.520011186599731445e+00 -1.612800002098083496e+00
2.717282104492187500e+01 -2.415388584136962891e+00
1.840436172485351562e+01 -1.008996963500976562e+01
-4.402364194393157959e-01 -6.710561752319335938e+00
1.854105758666992188e+01 8.711119651794433594e+00
1.043937397003173828e+01 2.447980499267578125e+01
-1.362519073486328125e+01 2.220714950561523438e+01
-2.947375297546386719e+01 -5.644524574279785156e+00
-3.179187393188476562e+01 3.671388149261474609e+00
1.597240352630615234e+01 -3.701088714599609375e+01
-1.048888206481933594e+00 5.688188076019287109e+00
1.554567432403564453e+01 -4.239138126373291016e+00
-1.635448646545410156e+01 -1.711903572082519531e+01
1.327962493896484375e+01 1.168783664703369141e+01
1.257883453369140625e+01 3.285935592651367188e+01
-1.480868816375732422e+01 1.359232330322265625e+01
-2.689205360412597656e+01 -3.822436571121215820e+00
-2.743354797363281250e+01 -8.739686965942382812e+00
1.407608509063720703e+01 -3.427458572387695312e+01
2.063553428649902344e+01 -1.217133998870849609e+00
1.592264175415039062e+01 -4.896241664886474609e+00
-9.004500389099121094e+00 -1.753495979309082031e+01
1.073476409912109375e+01 8.304072380065917969e+00
1.711745643615722656e+01 3.097306632995605469e+01
-1.026011753082275391e+01 1.159442424774169922e+01
-3.061317825317382812e+01 -6.090603828430175781e+00
1.440358352661132812e+01 6.674594402313232422e+00
4.662795066833496094e+00 -3.226729965209960938e+01
3.139911651611328125e+01 1.966715693473815918e+00
9.799070358276367188e+00 -1.469728565216064453e+01
-1.634192085266113281e+01 -2.048539924621582031e+01
1.038517665863037109e+01 1.333885288238525391e+01
-3.213304758071899414e+00 1.644266510009765625e+01
-1.466318702697753906e+01 1.725562667846679688e+01
-2.721094131469726562e+01 7.562531948089599609e+00
4.076485931873321533e-01 3.258899688720703125e+00
1.269593906402587891e+01 -3.272020339965820312e+01
1.604453277587890625e+01 -8.354303359985351562e+00
1.257742786407470703e+01 -1.291872215270996094e+01
-9.000240325927734375e+00 2.315972805023193359e+00
1.675888180732727051e+00 -2.008116912841796875e+01
-2.223353958129882812e+01 2.284976387023925781e+01
-6.331548213958740234e+00 2.071708488464355469e+01
-2.807490348815917969e+01 8.520879745483398438e+00
1.975374794006347656e+01 -9.294487953186035156e+00
1.340299034118652344e+01 -2.483315658569335938e+01
5.552936077117919922e+00 6.724961757659912109e+00
4.485785961151123047e+00 -1.446108531951904297e+01
-1.764931869506835938e+01 -1.680438613891601562e+01
1.158237743377685547e+01 -2.110844373703002930e+00
-2.040577650070190430e+00 1.730522537231445312e+01
-1.964273452758789062e+01 1.498010921478271484e+01
-2.362419509887695312e+01 -1.824077367782592773e+00
-1.470584297180175781e+01 6.798294782638549805e-01
1.272409439086914062e+01 -3.576233291625976562e+01
2.831765174865722656e+01 -3.678774833679199219e+00
2.985827445983886719e+00 -2.094677352905273438e+01
-8.295558929443359375e+00 -1.746114349365234375e+01
2.028105735778808594e+01 9.048348426818847656e+00
-1.958323359489440918e+00 1.728099060058593750e+01
-1.966788864135742188e+01 1.404345989227294922e+01
-2.877155876159667969e+01 -3.330652952194213867e+00
4.129132270812988281e+00 5.752932429313659668e-01
5.906646251678466797e+00 -3.543245315551757812e+01
-7.135850429534912109e+00 6.946836948394775391e+00
1.650566291809082031e+01 -1.515797519683837891e+01
-1.450887680053710938e+01 -2.173688507080078125e+01
-5.742058753967285156e+00 -2.280814361572265625e+01
4.886913299560546875e+00 3.161587524414062500e+01
-2.038996315002441406e+01 1.377773666381835938e+01
-2.048567390441894531e+01 3.841325998306274414e+00
-1.721171760559082031e+01 -2.495376348495483398e+00
1.300147724151611328e+01 -3.185438919067382812e+01
-7.227723598480224609e+00 7.869105815887451172e+00
1.295983600616455078e+01 -8.930505752563476562e+00
-1.703318977355957031e+01 -1.969807624816894531e+01
-2.605242729187011719e+00 -1.589844131469726562e+01
4.883329570293426514e-01 1.430584526062011719e+01
-3.018461465835571289e+00 2.332927131652832031e+01
-2.639822769165039062e+01 -2.511683464050292969e+00
4.622613906860351562e+00 1.921024084091186523e+00
1.520582675933837891e+01 -3.531155776977539062e+01
7.605277538299560547e+00 -1.944162607192993164e+00
1.383646297454833984e+01 -1.190122699737548828e+01
-8.084583282470703125e+00 -2.494357585906982422e+00
8.729397773742675781e+00 1.658029198646545410e+00
1.205187988281250000e+01 2.125982856750488281e+01
-1.050913238525390625e+01 2.899717330932617188e+01
-2.342643928527832031e+01 2.999366521835327148e+00
-6.916732788085937500e+00 3.125375509262084961e+00
1.487547111511230469e+01 -3.099896240234375000e+01
-5.246762037277221680e-01 5.446221351623535156e+00
1.208206772804260254e+00 -1.001007175445556641e+01
-1.629468727111816406e+01 -2.069422149658203125e+01
1.000819396972656250e+01 2.575317859649658203e+00
9.594701766967773438e+00 3.131432151794433594e+01
-7.723707675933837891e+00 1.085967445373535156e+01
-2.374672508239746094e+01 -4.604023933410644531e+00
1.322171688079833984e+01 -2.331638717651367188e+01
1.338709163665771484e+01 -3.514995193481445312e+01
-9.964026451110839844e+00 5.033085823059082031e+00
6.561272621154785156e+00 -7.711868286132812500e+00
-1.061553001403808594e+01 -8.077597618103027344e+00
1.440569210052490234e+01 6.663086414337158203e+00
-1.567198276519775391e+00 2.483291625976562500e+01
-1.465116310119628906e+01 2.122437286376953125e+01
-2.918664360046386719e+01 -3.811771392822265625e+00
1.722925782203674316e+00 -4.327430725097656250e-01
-5.011914730072021484e+00 4.278723716735839844e+00
1.942912101745605469e+01 -1.668317556381225586e+00
1.974261093139648438e+01 -1.798222541809082031e+01
-1.468444156646728516e+01 -2.390901374816894531e+01
9.863029479980468750e+00 -3.042824268341064453e+00
-3.002011179924011230e-01 2.259508895874023438e+01
-2.916744232177734375e+00 1.349467563629150391e+01
-1.002479743957519531e+01 9.419605255126953125e+00
-2.826939010620117188e+01 -8.825558662414550781e+00
1.541559696197509766e+00 -3.017057609558105469e+01
-1.166604804992675781e+01 4.847920417785644531e+00
1.729776382446289062e+01 -1.126415157318115234e+01
-1.536861419677734375e+01 -2.072741889953613281e+01
-1.375358676910400391e+01 4.888281822204589844e+00
1.457424068450927734e+01 3.353075408935546875e+01
-1.734678268432617188e+01 -7.731969833374023438e+00
-2.118889236450195312e+01 5.007325172424316406e+00
1.977858543395996094e+01 1.453067779541015625e+01
6.722065448760986328e+00 -3.109832954406738281e+01
1.322536849975585938e+01 1.880439639091491699e+00
1.260165882110595703e+01 -6.172155380249023438e+00
-1.861677885055541992e+00 -1.069932174682617188e+01
-1.255561709403991699e+00 -1.509320831298828125e+01
-1.722523093223571777e+00 1.811863517761230469e+01
-2.107416391372680664e+00 1.250040054321289062e+01
-2.615312576293945312e+01 -1.041620063781738281e+01
1.088274836540222168e+00 -2.186431884765625000e+00
5.298575401306152344e+00 -3.052652359008789062e+01
5.460631847381591797e+00 -1.128511548042297363e+00
6.553159713745117188e+00 -1.042403221130371094e+01
-9.665029525756835938e+00 -4.914847850799560547e+00
1.120683479309082031e+01 1.421261548995971680e+00
1.615632820129394531e+01 3.060609626770019531e+01
-1.680652999877929688e+01 1.095242214202880859e+01
-2.539062881469726562e+01 -1.565191745758056641e+00
-1.363457775115966797e+01 -3.213440179824829102e+00
1.527368259429931641e+01 -3.555797576904296875e+01
9.973156929016113281e+00 4.307408630847930908e-01
4.559511661529541016e+00 -1.314199733734130859e+01
-7.626918315887451172e+00 1.106521606445312500e+00
4.545132219791412354e-01 7.441727638244628906e+00
-3.013396561145782471e-01 1.778821754455566406e+01
-7.364222526550292969e+00 1.061483764648437500e+01
-2.561954498291015625e+01 -3.001024961471557617e+00
1.837585449218750000e+01 1.040290069580078125e+01
1.333399963378906250e+01 -3.134146881103515625e+01
2.966860198974609375e+01 -1.621204972267150879e+00
7.800690174102783203e+00 -6.608555793762207031e+00
-8.611741065979003906e+00 1.357929587364196777e+00
6.885242938995361328e+00 4.070833325386047363e-01
-5.668561935424804688e+00 1.458325958251953125e+01
-1.550009441375732422e+01 1.791238021850585938e+01
-2.628355979919433594e+01 -2.296418905258178711e+00
2.915020465850830078e+00 -1.708126544952392578e+00
4.598071575164794922e+00 -3.228130722045898438e+01
2.948174858093261719e+01 -2.966863393783569336e+00
9.803747177124023438e+00 -4.584048271179199219e+00
-6.585649013519287109e+00 -2.722373977303504944e-02
-5.723457813262939453e+00 -2.278085327148437500e+01
9.975729942321777344e+00 2.972050666809082031e+01
-6.711362838745117188e+00 1.867041397094726562e+01
-3.285876083374023438e+01 3.295964717864990234e+00
2.721937894821166992e+00 1.323504596948623657e-01
8.343739509582519531e+00 3.574744984507560730e-02
6.354530334472656250e+00 -1.930883526802062988e+00
1.047408390045166016e+01 -7.873903274536132812e+00
-1.359349155426025391e+01 -1.011211395263671875e+01
1.168943595886230469e+01 1.310372924804687500e+01
8.177049636840820312e+00 3.238528823852539062e+01
-4.146336078643798828e+00 1.272382068634033203e+01
-2.558144187927246094e+01 -4.195008754730224609e+00
3.839013338088989258e+00 -3.580473959445953369e-01
1.192818164825439453e+01 -2.758708953857421875e+01
-8.730496406555175781e+00 4.764956951141357422e+00
9.377237319946289062e+00 -1.586157035827636719e+01
1.416411042213439941e+00 -5.762934207916259766e+00
2.385539263486862183e-01 7.319818019866943359e+00
-2.438581466674804688e+01 1.240871524810791016e+01
-9.899654388427734375e+00 1.254947948455810547e+01
-2.577549934387207031e+01 9.691658020019531250e+00
3.266704559326171875e+00 2.541080474853515625e+00
-1.783970260620117188e+01 4.141322612762451172e+00
3.052302932739257812e+01 -7.637901306152343750e+00
-2.411969375610351562e+01 1.728470039367675781e+01
-1.719706535339355469e+01 -1.740073776245117188e+01
-2.428600788116455078e+00 -1.737495231628417969e+01
1.085576629638671875e+01 2.865149688720703125e+01
-1.085702037811279297e+01 1.179406929016113281e+01
-2.924828529357910156e+01 -8.679791450500488281e+00
2.110735893249511719e+00 -2.259534120559692383e+00
1.607917404174804688e+01 -3.723675155639648438e+01
1.211835765838623047e+01 4.482723236083984375e+00
9.342280387878417969e+00 -1.587118339538574219e+01
-1.479875087738037109e+00 3.048557043075561523e+00
1.543432140350341797e+01 -3.159182369709014893e-01
9.878927230834960938e+00 2.994524765014648438e+01
-1.157472133636474609e+01 1.251495838165283203e+01
-4.378250122070312500e+00 -2.203904390335083008e+00
-3.193921327590942383e+00 -4.328865051269531250e+00
1.603424644470214844e+01 -2.997646141052246094e+01
3.307106018066406250e+01 -4.121320247650146484e+00
1.326903438568115234e+01 -1.727843475341796875e+01
-1.338786506652832031e+01 -9.743472099304199219e+00
1.125459384918212891e+01 1.454681968688964844e+01
-4.280835151672363281e+00 1.567980766296386719e+01
-1.906549644470214844e+01 1.257845687866210938e+01
-2.809499931335449219e+01 -4.084991455078125000e+00
-1.426442337036132812e+01 -9.977528572082519531e+00
1.333399963378906250e+01 -3.134146881103515625e+01
3.271125411987304688e+01 7.925443649291992188e-01
7.284572124481201172e+00 -1.175721168518066406e+01
6.073993206024169922e+00 2.022563457489013672e+00
5.870870590209960938e+00 -7.893664360046386719e+00
-6.643571853637695312e+00 1.337090778350830078e+01
-1.366713905334472656e+01 1.526485157012939453e+01
-1.771537399291992188e+01 8.231879234313964844e+00
2.266205698251724243e-01 -3.447898864746093750e+00
5.266888141632080078e+00 -2.926304244995117188e+01
-6.212854862213134766e+00 1.157370090484619141e+00
3.174310445785522461e+00 -2.258659553527832031e+01
-1.433682155609130859e+01 -1.908120536804199219e+01
5.274030566215515137e-01 3.647553682327270508e+00
4.595017910003662109e+00 2.409727668762207031e+01
-7.291741371154785156e+00 1.197035217285156250e+01
-2.724083709716796875e+01 7.119563579559326172e+00
-2.831109523773193359e+00 -7.822045326232910156e+00
2.166205406188964844e+00 -2.929523277282714844e+01
3.032999801635742188e+01 1.685017943382263184e+00
9.453841209411621094e+00 -1.819688606262207031e+01
-8.156685829162597656e+00 7.060213088989257812e+00
2.332334280014038086e+00 -2.047339439392089844e+01
1.050099086761474609e+01 3.035989379882812500e+01
-1.309640789031982422e+01 1.346965122222900391e+01
-2.704083633422851562e+01 -2.407292842864990234e+00
-5.021122455596923828e+00 1.548582553863525391e+00
1.256742382049560547e+01 -3.048789978027343750e+01
3.114863014221191406e+01 -3.885025501251220703e+00
1.256066513061523438e+01 -3.584737777709960938e+00
-7.203329563140869141e+00 -7.696286201477050781e+00
1.614579772949218750e+01 -5.922771096229553223e-01
7.700282573699951172e+00 2.621998596191406250e+01
-1.544574451446533203e+01 2.291926956176757812e+01
-2.035567665100097656e+01 2.453703731298446655e-01
1.836529922485351562e+01 1.039003562927246094e+01
1.840823531150817871e+00 -2.944182205200195312e+01
2.294933319091796875e+00 3.355419635772705078e+00
9.443016052246093750e+00 -1.055539703369140625e+01
-1.748180389404296875e+01 -6.504210948944091797e+00
-1.284521198272705078e+01 3.713705062866210938e+00
2.320240020751953125e+00 2.633389472961425781e+01
-1.005551052093505859e+01 2.677721214294433594e+01
-3.085224723815917969e+01 -6.363561630249023438e+00
1.421655654907226562e+00 -2.232515525817871094e+01
-3.956818580627441406e+00 6.152940273284912109e+00
2.582755851745605469e+01 4.564317226409912109e+00
1.445350933074951172e+01 -1.738021659851074219e+01
-1.435582828521728516e+01 -2.390974998474121094e+01
3.263426780700683594e+00 -4.765549182891845703e+00
9.377189278602600098e-01 1.485177230834960938e+01
-1.149005889892578125e+01 2.773608398437500000e+01
-2.738899612426757812e+01 7.600342750549316406e+00
-4.336230278015136719e+00 -3.179137229919433594e+00
-7.601333141326904297e+00 6.513473987579345703e+00
3.222696304321289062e+01 -8.358955383300781250e+00
4.085480690002441406e+00 -5.981305599212646484e+00
-1.150687789916992188e+01 1.016866683959960938e+00
1.245323181152343750e+01 1.184512042999267578e+01
8.959532737731933594e+00 2.481340026855468750e+01
-1.871812248229980469e+01 -6.965034484863281250e+00
-2.918540954589843750e+01 -6.825285434722900391e+00
-2.908763647079467773e+00 -3.049711704254150391e+00
1.229294204711914062e+01 -3.436644744873046875e+01
3.089236259460449219e+00 -7.728471279144287109e+00
1.446536159515380859e+01 -1.734984397888183594e+01
-6.854205131530761719e+00 -8.085223197937011719e+00
2.117666006088256836e+00 -2.472287559509277344e+01
4.933739006519317627e-01 1.436040973663330078e+01
-1.681459546089172363e+00 2.111596298217773438e+01
-2.899932861328125000e+01 -8.369673728942871094e+00
1.720889091491699219e+00 -4.310224056243896484e-01
1.507658839225769043e+00 -2.940744400024414062e+01
3.233442306518554688e+01 -7.589780330657958984e+00
3.780754566192626953e+00 -1.160361099243164062e+01
-8.065501213073730469e+00 -2.201997041702270508e+00
9.314575195312500000e+00 5.146673202514648438e+00
1.508488750457763672e+01 3.112705612182617188e+01
-1.621896171569824219e+01 1.851716232299804688e+01
3.982579231262207031e+00 1.776365089416503906e+01
-8.716118812561035156e+00 -1.336841106414794922e+01
8.188785552978515625e+00 -7.236918807029724121e-02
2.035865211486816406e+01 -1.818774223327636719e+00
1.762852287292480469e+01 2.971471786499023438e+00
-1.027070331573486328e+01 -8.337482452392578125e+00
-2.605843782424926758e+00 -1.561713314056396484e+01
-3.310399353504180908e-01 2.379306602478027344e+01
-1.144949722290039062e+01 1.547133064270019531e+01
-3.072245407104492188e+01 -5.063780307769775391e+00
-5.034832477569580078e+00 -2.669554233551025391e+00
-1.646683502197265625e+01 4.980388641357421875e+00
2.827275466918945312e+01 -6.676688194274902344e-01
8.683691024780273438e+00 -1.168490695953369141e+01
-3.168446063995361328e+00 4.668496251106262207e-01
1.831804466247558594e+01 -8.526780128479003906e+00
2.735061883926391602e+00 2.767208862304687500e+01
-1.204156875610351562e+01 1.335132980346679688e+01
-2.639256858825683594e+01 -2.741222858428955078e+00
-3.061528444290161133e+00 -7.321293830871582031e+00
-4.094585895538330078e+00 5.289684295654296875e+00
1.903468513488769531e+01 -6.504355907440185547e+00
8.407504081726074219e+00 -7.315147876739501953e+00
-8.437722206115722656e+00 -4.622420310974121094e+00
2.788454294204711914e+00 7.919786453247070312e+00
1.207287693023681641e+01 2.121670150756835938e+01
-1.589818096160888672e+01 1.464270210266113281e+01
-1.075219440460205078e+01 7.978630542755126953e+00
7.897929668426513672e+00 9.910690307617187500e+00
2.120355367660522461e+00 -3.009358215332031250e+01
2.856765747070312500e+01 -2.547407865524291992e+00
4.535533905029296875e+00 -9.115920066833496094e+00
-1.838568687438964844e+01 -2.063198280334472656e+01
1.145728874206542969e+01 -3.339754819869995117e+00
9.975729942321777344e+00 2.972050666809082031e+01
-2.597736358642578125e+00 1.267171955108642578e+01
-2.497238159179687500e+01 6.938195228576660156e+00
-1.219768714904785156e+01 -4.092036247253417969e+00
1.596807765960693359e+01 -3.262281799316406250e+01
4.139847755432128906e+00 -3.310908555984497070e+00
-8.282880783081054688e+00 7.039967060089111328e+00
2.741903781890869141e+00 -3.869270801544189453e+00
-5.704921245574951172e+00 -2.275212669372558594e+01
1.484816169738769531e+01 2.775198364257812500e+01
-1.711070632934570312e+01 1.800176620483398438e+01
-9.605471611022949219e+00 9.623143196105957031e+00
-1.314189910888671875e+01 -4.579034805297851562e+00
1.674754905700683594e+01 -2.753234672546386719e+01
-8.298912048339843750e+00 5.510934829711914062e+00
6.928638458251953125e+00 -1.207525730133056641e+01
-8.578966140747070312e+00 1.998056888580322266e+00
3.245167255401611328e+00 9.235776901245117188e+00
1.087103939056396484e+01 2.471665000915527344e+01
-1.640387916564941406e+01 1.153337001800537109e+01
-2.634935379028320312e+01 1.018758010864257812e+01
-1.719088172912597656e+01 1.553964853286743164e+00
1.078454971313476562e+01 -3.243004608154296875e+01
2.945646286010742188e+01 -2.919881820678710938e+00
1.299248886108398438e+01 -6.752239704132080078e+00
1.937509155273437500e+01 -9.184758186340332031e+00
1.232983684539794922e+01 1.292620372772216797e+01
5.640731811523437500e+00 3.026030540466308594e+01
-9.913652420043945312e+00 2.769370460510253906e+01
-5.741755485534667969e+00 -3.568230390548706055e+00
-2.310013294219970703e+00 -1.286460459232330322e-01
1.378811550140380859e+01 -8.790165901184082031e+00
-1.128365802764892578e+01 4.823610782623291016e+00
1.923098373413085938e+01 -1.784157943725585938e+01
-1.575392723083496094e+01 -2.005729866027832031e+01
5.869973659515380859e+00 7.183778285980224609e-01
1.171592712402343750e+01 3.007032203674316406e+01
-9.993178367614746094e+00 1.960173797607421875e+01
-3.110186195373535156e+01 3.122161626815795898e+00
-1.885512161254882812e+01 3.375834226608276367e-01
1.700865173339843750e+01 -2.988023948669433594e+01
2.157475233078002930e+00 -2.162017059326171875e+01
9.544286727905273438e+00 -1.572812938690185547e+01
5.284690856933593750e+00 -1.483771800994873047e+00
-4.442137718200683594e+00 3.061240911483764648e+00
6.351978778839111328e-01 2.452946662902832031e+01
-8.790305137634277344e+00 8.697133064270019531e+00
-2.738925552368164062e+01 7.600235462188720703e+00
1.055151939392089844e+00 1.392154693603515625e+00
1.723032951354980469e+01 -2.860591125488281250e+01
2.966720962524414062e+01 -1.620548725128173828e+00
1.729090332984924316e+00 -1.114581108093261719e+01
-2.014262008666992188e+01 -1.786733245849609375e+01
4.294291496276855469e+00 -4.571462631225585938e+00
-2.517264842987060547e+00 1.750573158264160156e+01
-5.560791015625000000e+00 1.834974479675292969e+01
-1.876404380798339844e+01 -2.128763437271118164e+00
6.903883934020996094e+00 1.013066005706787109e+01
2.001647710800170898e+00 -3.004066467285156250e+01
2.032539939880371094e+01 -1.858107209205627441e+00
1.868418884277343750e+01 -1.780065345764160156e+01
-1.966988182067871094e+01 -1.738299560546875000e+01
1.303479766845703125e+01 1.474180603027343750e+01
6.134214878082275391e+00 3.192811012268066406e+01
-1.394242191314697266e+01 1.213816547393798828e+01
-3.153310585021972656e+01 -8.630569458007812500e+00
6.100044727325439453e+00 1.605408287048339844e+01
1.438885688781738281e+01 -3.086834907531738281e+01
3.217790603637695312e+01 -8.217389106750488281e+00
1.383661079406738281e+01 -1.190130424499511719e+01
-1.468285274505615234e+01 -2.191372680664062500e+01
1.145246315002441406e+01 -3.026150703430175781e+00
2.297793865203857422e+00 2.633046340942382812e+01
-1.066677188873291016e+01 2.784009933471679688e+01
-2.676234817504882812e+01 3.798211574554443359e+00
6.750732898712158203e+00 1.535102748870849609e+01
3.310801982879638672e+00 -2.817966079711914062e+01
7.311668872833251953e+00 1.794004201889038086e+00
9.423028945922851562e+00 -1.836150932312011719e+01
-1.271799373626708984e+01 1.725347876548767090e+00
1.982325744628906250e+01 7.694505214691162109e+00
6.737291812896728516e+00 3.265644836425781250e+01
-1.331890487670898438e+01 1.045386028289794922e+01
-2.824661636352539062e+01 5.175271034240722656e-01
4.034332752227783203e+00 -1.934535026550292969e+00
5.723053455352783203e+00 -3.538914489746093750e+01
2.963095092773437500e+01 2.473427295684814453e+00
1.761054801940917969e+01 2.941009759902954102e+00
1.253504633903503418e+00 -4.875518798828125000e+00
4.867308214306831360e-02 -1.915909767150878906e+01
1.086779880523681641e+01 3.417583084106445312e+01
-1.724063491821289062e+01 1.557521152496337891e+01
-2.866513252258300781e+01 -3.616389036178588867e+00
-8.185083389282226562e+00 -1.276833724975585938e+01
-4.727197647094726562e+00 7.812161445617675781e+00
3.081505775451660156e+01 -3.217701196670532227e+00
1.057013034820556641e+01 -1.554314994812011719e+01
9.165618896484375000e+00 -2.066504955291748047e+00
1.839141273498535156e+01 8.585112571716308594e+00
1.165275764465332031e+01 3.181982994079589844e+01
-7.135065555572509766e+00 9.373086929321289062e+00
-2.024267387390136719e+01 -1.969479799270629883e+00
6.833865165710449219e+00 8.704359054565429688e+00
1.325150394439697266e+01 -3.556122207641601562e+01
2.953619003295898438e+01 -5.576092243194580078e+00
1.230505561828613281e+01 -1.213803195953369141e+01
-6.925535678863525391e+00 -7.837707042694091797e+00
7.764310836791992188e+00 6.547530651092529297e+00
1.253436756134033203e+01 3.015051460266113281e+01
-6.332041740417480469e+00 8.929153442382812500e+00
-2.670743370056152344e+01 -3.586857318878173828e-01
5.755893230438232422e+00 4.830912590026855469e+00
1.326305389404296875e+01 -3.731280899047851562e+01
3.100942611694335938e+01 -5.164801597595214844e+00
8.690442085266113281e+00 -1.163558197021484375e+01
5.113488674163818359e+00 -2.382800102233886719e+00
-5.804279804229736328e+00 2.992802143096923828e+00
