8.763741254806518555e-01 6.657635211944580078e+00
8.600469827651977539e-01 5.303546428680419922e+00
5.399489402770996094e-01 4.344511985778808594e+00
7.502339363098144531e+00 2.599329710006713867e+00
3.895476579666137695e+00 2.054132938385009766e+00
3.289427518844604492e+00 3.293738126754760742e+00
-2.284830808639526367e+00 3.863825321197509766e+00
-1.274553298950195312e+00 1.339418888092041016e+00
1.293559819459915161e-01 8.578437805175781250e+00
1.047023534774780273e+00 7.076318740844726562e+00
3.494717597961425781e+00 7.172312736511230469e+00
3.230378150939941406e+00 4.039940357208251953e+00
7.829108238220214844e+00 2.791100025177001953e+00
9.828123450279235840e-01 2.059442520141601562e+00
2.952968120574951172e+00 3.472326755523681641e+00
-7.994758486747741699e-01 5.024568557739257812e+00
-1.143971681594848633e+00 1.361924648284912109e+00
7.016529440879821777e-01 1.051053810119628906e+01
9.184579849243164062e-01 6.705299854278564453e+00
2.376326322555541992e+00 6.138800144195556641e+00
3.853237867355346680e+00 2.227189302444458008e+00
8.561765670776367188e+00 4.495343208312988281e+00
3.569567680358886719e+00 -1.546241879463195801e+00
1.156686067581176758e+00 2.198195934295654297e+00
1.027386307716369629e+00 3.195319652557373047e+00
7.505233287811279297e-01 2.470615863800048828e+00
5.069927573204040527e-01 1.036495113372802734e+01
1.081237196922302246e+00 7.293571949005126953e+00
2.353437185287475586e+00 6.112021923065185547e+00
4.310719668865203857e-01 3.632918834686279297e+00
8.565353393554687500e+00 4.445991039276123047e+00
7.697501778602600098e-01 2.031000614166259766e+00
4.146228790283203125e+00 2.046599864959716797e+00
-1.832104921340942383e-01 2.156553506851196289e+00
-1.083931565284729004e+00 1.309070467948913574e+00
1.101228237152099609e+00 9.861540794372558594e+00
6.846284121274948120e-02 6.383819580078125000e+00
2.232270002365112305e+00 6.177545070648193359e+00
2.422267049551010132e-01 3.605006694793701172e+00
7.768328189849853516e+00 2.750849962234497070e+00
3.612258911132812500e+00 -1.908245325088500977e+00
2.385300159454345703e+00 2.631511211395263672e+00
-2.337041378021240234e+00 3.803767919540405273e+00
-1.569433361291885376e-01 2.295941352844238281e+00
7.041277885437011719e-01 7.550684452056884766e+00
6.952886283397674561e-02 6.148702621459960938e+00
3.280033349990844727e+00 6.881709098815917969e+00
8.714976161718368530e-02 2.124984264373779297e+00
7.981950283050537109e+00 3.085395097732543945e+00
3.665163993835449219e+00 -1.785833001136779785e+00
1.639361381530761719e+00 2.386401891708374023e+00
-2.801700830459594727e+00 3.574967145919799805e+00
2.695780098438262939e-01 2.118351221084594727e+00
1.153781056404113770e+00 1.055502414703369141e+01
-5.113143920898437500e-01 6.313374996185302734e+00
3.455465078353881836e+00 4.806817531585693359e+00
9.987327456474304199e-01 3.563853502273559570e+00
9.425012588500976562e+00 4.185201168060302734e+00
3.770084381103515625e+00 -1.944895148277282715e+00
-1.101400852203369141e-01 1.545869827270507812e+00
-3.032950878143310547e+00 3.038194894790649414e+00
-7.860491871833801270e-01 2.936244249343872070e+00
1.093471527099609375e+00 9.906521797180175781e+00
7.907502651214599609e-01 6.602818012237548828e+00
3.396096467971801758e+00 6.418636798858642578e+00
2.169996500015258789e+00 4.658947944641113281e+00
8.621734619140625000e+00 4.420937538146972656e+00
3.246360063552856445e+00 3.785397768020629883e+00
1.439474225044250488e+00 2.772036790847778320e+00
-3.277828693389892578e+00 3.249368667602539062e+00
-7.170748710632324219e-02 2.200996637344360352e+00
6.205568909645080566e-01 1.062659645080566406e+01
9.357833862304687500e-01 7.201674461364746094e+00
3.058489084243774414e+00 6.561384677886962891e+00
9.625957012176513672e-01 3.522659063339233398e+00
9.349128723144531250e+00 4.168906688690185547e+00
3.734401941299438477e+00 -1.885610938072204590e+00
2.061575800180435181e-01 5.820158004760742188e+00
-3.011080503463745117e+00 3.414896249771118164e+00
6.614789962768554688e-01 2.810791730880737305e+00
8.917323946952819824e-01 9.773289680480957031e+00
1.301260143518447876e-01 6.385969638824462891e+00
3.465385675430297852e+00 7.127562046051025391e+00
-9.442563354969024658e-02 3.122895956039428711e+00
7.918285369873046875e+00 4.176853656768798828e+00
3.712325334548950195e+00 -1.843699574470520020e+00
1.495184779167175293e+00 1.973232507705688477e+00
-3.374742984771728516e+00 3.331750154495239258e+00
9.728140830993652344e-01 2.950310230255126953e+00
1.123818874359130859e+00 9.777840614318847656e+00
5.567601323127746582e-01 6.472344875335693359e+00
3.505362272262573242e+00 7.209828853607177734e+00
2.367669343948364258e-01 3.703044176101684570e+00
8.724790573120117188e+00 4.564615249633789062e+00
3.324649095535278320e+00 -2.093374967575073242e+00
4.073680400848388672e+00 2.036776542663574219e+00
-8.479987382888793945e-01 5.113939285278320312e+00
-1.287428885698318481e-01 4.607627391815185547e+00
6.416807174682617188e-01 6.319589614868164062e+00
7.880575656890869141e-01 6.111559391021728516e+00
3.601295709609985352e+00 5.489746093750000000e+00
5.696424245834350586e-01 4.842345237731933594e+00
8.646947860717773438e+00 4.115845680236816406e+00
3.761143922805786133e+00 -1.823122143745422363e+00
1.347736477851867676e+00 2.674629688262939453e+00
-9.325604885816574097e-02 2.138413429260253906e+00
-1.251297831535339355e+00 1.285529851913452148e+00
7.448430657386779785e-01 1.057162380218505859e+01
3.062956035137176514e-01 6.025707721710205078e+00
2.083569288253784180e+00 5.810962200164794922e+00
1.869676351547241211e+00 5.850988388061523438e+00
9.418187141418457031e+00 4.142251491546630859e+00
2.965718209743499756e-01 1.745009660720825195e+00
3.761576712131500244e-01 1.897400259971618652e+00
-8.809972405433654785e-01 3.703191041946411133e+00
7.692214101552963257e-02 1.833622455596923828e+00
1.606504768133163452e-01 7.783688068389892578e+00
4.318825304508209229e-01 6.134669780731201172e+00
3.391079425811767578e+00 5.496627807617187500e+00
5.667299628257751465e-01 4.927335739135742188e+00
1.077645421028137207e+00 3.745736598968505859e+00
-1.142511069774627686e-01 2.963487148284912109e+00
3.230260372161865234e+00 3.589374542236328125e+00
8.812031149864196777e-01 3.649027585983276367e+00
2.037791609764099121e-01 2.065433502197265625e+00
7.426004409790039062e-01 1.040503215789794922e+01
-6.159026622772216797e-01 6.746093273162841797e+00
3.370505571365356445e+00 7.222905635833740234e+00
2.207661792635917664e-02 3.755490541458129883e+00
8.683856964111328125e+00 4.490522384643554688e+00
3.753491163253784180e+00 -1.730808377265930176e+00
2.485943555831909180e+00 2.932501316070556641e+00
-3.248052835464477539e+00 3.243227243423461914e+00
5.298341065645217896e-02 2.268889665603637695e+00
8.997986912727355957e-01 1.025162506103515625e+01
4.919913709163665771e-01 6.745152950286865234e+00
2.063630342483520508e+00 4.947050571441650391e+00
4.185438454151153564e-01 5.061902523040771484e+00
7.780434608459472656e+00 2.712387084960937500e+00
3.869904875755310059e-01 2.376049518585205078e+00
2.604637742042541504e-01 5.251462936401367188e+00
-1.467759728431701660e+00 2.852794885635375977e+00
3.866516113281250000e+00 1.992184996604919434e+00
1.667786091566085815e-01 8.514289855957031250e+00
-6.767048835754394531e-01 6.655506134033203125e+00
3.396122217178344727e+00 6.999852657318115234e+00
6.876660976558923721e-03 3.887902259826660156e+00
1.189034461975097656e+00 5.525966644287109375e+00
3.250611066818237305e+00 3.752259969711303711e+00
1.880240797996520996e+00 2.732763767242431641e+00
-8.975793123245239258e-01 4.993369102478027344e+00
2.914829552173614502e-01 5.175873279571533203e+00
4.805736839771270752e-01 1.000101757049560547e+01
1.028320491313934326e-01 7.752568721771240234e+00
2.931472301483154297e+00 6.302980899810791016e+00
-2.322218716144561768e-01 3.441313982009887695e+00
9.365793228149414062e+00 4.268744468688964844e+00
2.615331411361694336e-01 2.933857917785644531e+00
1.732422828674316406e+00 2.420104265213012695e+00
-3.358929872512817383e+00 3.329510450363159180e+00
-1.178381204605102539e+00 1.399547696113586426e+00
8.013560175895690918e-01 1.011619281768798828e+01
3.707008063793182373e-01 6.527125358581542969e+00
9.209339022636413574e-01 5.757753849029541016e+00
8.141433596611022949e-01 5.104205131530761719e+00
1.408593773841857910e+00 5.354587554931640625e+00
7.561111450195312500e-01 2.165687322616577148e+00
1.530594706535339355e+00 2.311738014221191406e+00
-3.673579394817352295e-01 2.480155944824218750e+00
1.375373363494873047e+00 2.700148820877075195e+00
5.903122425079345703e-01 1.056777954101562500e+01
-3.671692907810211182e-01 6.205712318420410156e+00
3.604227066040039062e+00 6.808999538421630859e+00
6.634482741355895996e-01 4.957864761352539062e+00
1.236144542694091797e+00 5.322898387908935547e+00
3.435503721237182617e+00 -1.588205337524414062e+00
2.319550514221191406e+00 3.006683111190795898e+00
-3.379400014877319336e+00 3.249652385711669922e+00
1.372224450111389160e+00 7.414988875389099121e-01
-7.843480259180068970e-02 5.741860389709472656e+00
-5.703626871109008789e-01 6.683016777038574219e+00
3.364996671676635742e+00 5.763619899749755859e+00
7.744626998901367188e-01 2.910908937454223633e+00
9.205740928649902344e+00 4.176091194152832031e+00
2.294759452342987061e-01 4.990882396697998047e+00
1.596415519714355469e+00 2.643838405609130859e+00
-9.763793945312500000e-01 4.097124099731445312e+00
3.233949661254882812e+00 3.853135347366333008e+00
2.259736806154251099e-01 1.025481319427490234e+01
9.271968156099319458e-02 6.423199653625488281e+00
3.449354887008666992e+00 4.834355354309082031e+00
5.026692152023315430e-02 4.210012435913085938e+00
9.272201538085937500e+00 4.153383255004882812e+00
3.500579357147216797e+00 -1.811085581779479980e+00
-4.714195057749748230e-02 2.020836353302001953e+00
-3.490623831748962402e-02 4.917527675628662109e+00
-1.246023103594779968e-01 5.307033538818359375e+00
9.052642583847045898e-01 1.007221221923828125e+01
-2.769559994339942932e-02 6.991272449493408203e+00
7.257160544395446777e-01 5.339038848876953125e+00
5.674211978912353516e-01 4.597108840942382812e+00
7.720139980316162109e+00 2.744227409362792969e+00
3.574450731277465820e+00 -1.695389866828918457e+00
1.924782156944274902e+00 3.133649587631225586e+00
-3.164456605911254883e+00 3.121973991394042969e+00
2.309261411428451538e-01 4.834421634674072266e+00
9.325529932975769043e-01 1.053998470306396484e+01
-3.545043170452117920e-01 6.225328922271728516e+00
3.680782079696655273e+00 5.530832290649414062e+00
-3.189931064844131470e-02 2.380892515182495117e+00
7.975887775421142578e+00 2.978131294250488281e+00
3.767317295074462891e+00 1.757049918174743652e+00
3.020837545394897461e+00 3.236374616622924805e+00
-6.468682885169982910e-01 4.519136428833007812e+00
-1.329357862472534180e+00 1.514899730682373047e+00
5.634154081344604492e-01 9.899041175842285156e+00
5.070951581001281738e-01 6.157930374145507812e+00
2.375730752944946289e+00 5.070583343505859375e+00
9.856230020523071289e-01 4.938195705413818359e+00
7.712966918945312500e+00 2.697835683822631836e+00
1.151882410049438477e-01 2.489506483078002930e+00
1.423465490341186523e+00 3.021750450134277344e+00
-2.199548959732055664e+00 3.536466836929321289e+00
-6.906048059463500977e-01 2.682307243347167969e+00
9.334846585988998413e-02 8.624552726745605469e+00
9.152568578720092773e-01 6.648561477661132812e+00
2.910030841827392578e+00 6.315061569213867188e+00
2.214293718338012695e+00 4.773694992065429688e+00
7.755197048187255859e+00 2.735805511474609375e+00
3.470812559127807617e+00 -1.444632649421691895e+00
1.916921019554138184e+00 2.244321346282958984e+00
-3.141964673995971680e-01 2.150531530380249023e+00
1.381143927574157715e+00 7.809202075004577637e-01
5.633578300476074219e-01 9.853869438171386719e+00
-4.205863773822784424e-01 6.458293437957763672e+00
2.866967439651489258e+00 5.816191673278808594e+00
4.176335409283638000e-02 3.851306200027465820e+00
9.396492958068847656e+00 4.081541061401367188e+00
6.598596274852752686e-02 1.865054011344909668e+00
3.817742586135864258e+00 1.829488873481750488e+00
-6.910878419876098633e-01 5.247822284698486328e+00
3.473945856094360352e-01 5.275782108306884766e+00
6.598219275474548340e-01 9.776758193969726562e+00
-7.993102073669433594e-02 6.260975360870361328e+00
8.429307341575622559e-01 5.840127944946289062e+00
4.508020877838134766e+00 2.231964588165283203e+00
1.131436586380004883e+00 5.055501461029052734e+00
1.041853070259094238e+00 3.046700716018676758e+00
3.300563097000122070e+00 3.523714780807495117e+00
-8.915219306945800781e-01 4.611171245574951172e+00
-1.619288027286529541e-01 2.371335744857788086e+00
9.643025398254394531e-01 1.024429798126220703e+01
1.218068823218345642e-01 7.630726337432861328e+00
2.347905158996582031e+00 6.179559707641601562e+00
-7.866343855857849121e-02 2.585180044174194336e+00
9.439031600952148438e+00 4.197418689727783203e+00
6.504078507423400879e-01 4.648363590240478516e+00
7.200464248657226562e+00 2.562814950942993164e+00
-3.765177130699157715e-01 2.112627506256103516e+00
5.111404061317443848e-01 3.175455808639526367e+00
9.082531332969665527e-01 1.071483421325683594e+01
-4.278104305267333984e-01 6.856236934661865234e+00
7.227079868316650391e-01 6.384386539459228516e+00
9.671576023101806641e-01 4.929932117462158203e+00
8.604193687438964844e+00 4.455795288085937500e+00
1.039897441864013672e+00 2.981816768646240234e+00
1.807303309440612793e+00 2.925737857818603516e+00
-4.522259235382080078e-01 5.037097454071044922e+00
-1.154575228691101074e+00 1.487211704254150391e+00
9.880843758583068848e-01 1.025541496276855469e+01
-4.781869053840637207e-01 6.497174263000488281e+00
8.770452737808227539e-01 5.835847377777099609e+00
-1.974221318960189819e-01 3.198350191116333008e+00
1.063638806343078613e+00 3.156247377395629883e+00
9.951047599315643311e-02 2.516565084457397461e+00
4.099202156066894531e+00 2.022256135940551758e+00
-3.351460695266723633e+00 3.231130599975585938e+00
1.278390049934387207e+00 2.877364635467529297e+00
9.589551687240600586e-01 9.618035316467285156e+00
-6.419232115149497986e-03 6.164862155914306641e+00
3.240080118179321289e+00 6.828898429870605469e+00
7.860302329063415527e-01 4.458819866180419922e+00
8.527895927429199219e+00 4.408744335174560547e+00
6.921877861022949219e-01 3.436529874801635742e+00
1.914295196533203125e+00 2.309419155120849609e+00
-3.537816047668457031e+00 3.492803096771240234e+00
3.559589982032775879e-01 3.207256793975830078e+00
2.475178539752960205e-01 1.033372211456298828e+01
1.161983251571655273e+00 3.501075744628906250e+00
3.741214036941528320e+00 5.480323314666748047e+00
-9.098880887031555176e-01 2.926463842391967773e+00
7.789066791534423828e+00 2.739339351654052734e+00
-5.000966787338256836e-01 5.423066139221191406e+00
1.632380485534667969e+00 2.037452936172485352e+00
-6.343284249305725098e-01 5.145712852478027344e+00
4.389339685440063477e-02 4.823983192443847656e+00
6.439203619956970215e-01 1.050426197052001953e+01
-6.686763465404510498e-02 6.352344512939453125e+00
3.094494819641113281e+00 6.560674190521240234e+00
3.880845010280609131e-01 4.503239154815673828e+00
9.506634712219238281e+00 4.101959228515625000e+00
3.962676227092742920e-01 5.046202182769775391e+00
1.574119925498962402e+00 2.245166301727294922e+00
-7.694744467735290527e-01 5.076186180114746094e+00
4.285147488117218018e-01 3.596067428588867188e+00
3.410863876342773438e-01 1.038149929046630859e+01
3.259131908416748047e+00 3.944010496139526367e+00
9.903862476348876953e-01 5.854417800903320312e+00
7.533440738916397095e-02 4.976076126098632812e+00
7.808655738830566406e+00 2.800105571746826172e+00
3.231369018554687500e+00 -2.144214391708374023e+00
-2.124727219343185425e-01 1.666890144348144531e+00
-5.883210897445678711e-01 4.969249725341796875e+00
-5.018705502152442932e-02 2.062911033630371094e+00
9.371074438095092773e-01 1.027467727661132812e+01
-4.195384085178375244e-01 5.781480789184570312e+00
3.246820449829101562e+00 6.161638736724853516e+00
-4.193676412105560303e-01 2.626322031021118164e+00
7.603983879089355469e+00 2.656687021255493164e+00
3.708995103836059570e+00 -1.900574922561645508e+00
2.978454828262329102e+00 3.465151309967041016e+00
-1.835636235773563385e-02 5.760254859924316406e+00
4.554064571857452393e-01 2.602923393249511719e+00
9.743347764015197754e-02 7.820175170898437500e+00
2.598604261875152588e-01 6.225984573364257812e+00
6.766372919082641602e-01 5.500079631805419922e+00
1.290263086557388306e-01 4.230305671691894531e+00
1.344695687294006348e+00 5.279088497161865234e+00
3.438530266284942627e-01 5.777944564819335938e+00
2.221280574798583984e+00 2.782355546951293945e+00
-3.251725196838378906e+00 3.175959110260009766e+00
1.042755961418151855e+00 3.015752315521240234e+00
1.927476972341537476e-01 7.830105304718017578e+00
3.035601675510406494e-01 6.097866058349609375e+00
2.845190763473510742e-01 5.712749004364013672e+00
4.029196739196777344e+00 1.949687719345092773e+00
8.124972343444824219e+00 4.425252914428710938e+00
2.853007614612579346e-01 1.584135413169860840e+00
1.991994857788085938e+00 2.557968378067016602e+00
-3.284087419509887695e+00 3.380067110061645508e+00
1.393339395523071289e+00 7.697012424468994141e-01
2.105187475681304932e-01 1.018953323364257812e+01
2.524975240230560303e-01 6.305339813232421875e+00
3.476681709289550781e+00 7.179549217224121094e+00
-8.249698579311370850e-02 2.763939619064331055e+00
8.102344512939453125e+00 3.020111322402954102e+00
3.619259357452392578e+00 -1.750923275947570801e+00
4.102659225463867188e+00 1.940207600593566895e+00
-6.667789220809936523e-01 4.830912113189697266e+00
1.968192160129547119e-01 2.276147365570068359e+00
5.023153424263000488e-01 1.005218887329101562e+01
-1.190651282668113708e-01 6.221816539764404297e+00
3.122195959091186523e+00 4.209580898284912109e+00
-8.376959562301635742e-01 3.437214136123657227e+00
8.530195236206054688e+00 4.498699188232421875e+00
3.729681253433227539e+00 -1.906703710556030273e+00
1.943802475929260254e+00 3.178688049316406250e+00
-1.398881375789642334e-01 2.083963155746459961e+00
2.230644077062606812e-01 2.479383468627929688e+00
9.360297918319702148e-01 1.041450500488281250e+01
-4.380188584327697754e-01 6.285519599914550781e+00
1.089940190315246582e+00 5.793613433837890625e+00
-2.853662669658660889e-01 3.546327114105224609e+00
1.154669165611267090e+00 5.175562858581542969e+00
3.259800434112548828e+00 -2.025279998779296875e+00
1.503519058227539062e+00 2.543430328369140625e+00
-8.271009922027587891e-01 3.907046556472778320e+00
1.268521070480346680e+00 8.246095180511474609e-01
1.446323692798614502e-01 8.133998870849609375e+00
3.695282340049743652e-01 6.086995124816894531e+00
3.376330852508544922e+00 4.530755043029785156e+00
-2.054761722683906555e-02 2.329507827758789062e+00
5.145213603973388672e-01 4.782571315765380859e+00
-8.666977286338806152e-01 3.571873664855957031e+00
-1.487749665975570679e-01 1.619350433349609375e+00
-7.969224452972412109e-01 5.114846706390380859e+00
-4.488343894481658936e-01 2.246874332427978516e+00
8.364705443382263184e-01 9.685689926147460938e+00
-1.704102456569671631e-01 6.410287380218505859e+00
3.465089321136474609e+00 5.811063289642333984e+00
-7.215536832809448242e-01 3.368379116058349609e+00
8.614769935607910156e+00 4.369581699371337891e+00
1.381295800209045410e+00 8.389852046966552734e-01
-8.409658074378967285e-02 1.596193790435791016e+00
-3.282738685607910156e+00 3.226388216018676758e+00
4.179915487766265869e-01 2.521228551864624023e+00
3.263671875000000000e+00 3.724242210388183594e+00
8.507047891616821289e-01 6.368127346038818359e+00
3.277837038040161133e+00 4.020968437194824219e+00
3.766226172447204590e-01 2.562842607498168945e+00
9.417641758918762207e-01 4.883617877960205078e+00
1.066106081008911133e+00 1.839779853820800781e+00
2.382063865661621094e+00 2.313890457153320312e+00
-6.458036303520202637e-01 4.814343452453613281e+00
2.934868335723876953e-01 4.628792762756347656e+00
7.232145667076110840e-01 9.898272514343261719e+00
4.643240869045257568e-01 6.586849212646484375e+00
3.083387136459350586e+00 5.707070827484130859e+00
2.291933596134185791e-01 4.201221466064453125e+00
9.416105270385742188e+00 4.149196624755859375e+00
3.772494792938232422e+00 -1.749529719352722168e+00
2.035885810852050781e+00 2.313325405120849609e+00
-6.088393330574035645e-01 5.010913848876953125e+00
4.237014353275299072e-01 2.714515686035156250e+00
3.775073587894439697e-01 1.009167003631591797e+01
-8.242073655128479004e-02 5.607775211334228516e+00
3.422598600387573242e+00 5.917651176452636719e+00
3.062164783477783203e-01 3.437409400939941406e+00
8.601456642150878906e+00 4.411649227142333984e+00
3.670395374298095703e+00 -1.957580685615539551e+00
5.062971115112304688e-01 2.059264421463012695e+00
-2.362389087677001953e+00 3.814913511276245117e+00
1.341539621353149414e+00 7.381592988967895508e-01
1.021482944488525391e-01 8.779977798461914062e+00
-2.046902328729629517e-01 6.189783096313476562e+00
5.209172368049621582e-01 6.016466617584228516e+00
-2.373647391796112061e-01 3.565702438354492188e+00
7.596751213073730469e+00 2.672302961349487305e+00
1.111892938613891602e+00 2.305665016174316406e+00
3.391672134399414062e+00 3.908542394638061523e+00
-3.246864557266235352e+00 3.305518388748168945e+00
3.852818012237548828e-01 3.162827253341674805e+00
8.110077977180480957e-01 9.779112815856933594e+00
-4.381877183914184570e-01 6.846300601959228516e+00
3.414143562316894531e+00 6.962667465209960938e+00
4.707098901271820068e-01 4.455881118774414062e+00
8.610387802124023438e+00 4.482063293457031250e+00
3.779459476470947266e+00 -1.887437701225280762e+00
1.503425717353820801e+00 1.931985974311828613e+00
-5.256519317626953125e-01 3.169369220733642578e+00
3.082206845283508301e-01 2.289917469024658203e+00
2.768823504447937012e-01 1.039554500579833984e+01
-8.359145373106002808e-02 6.943607330322265625e+00
3.102162837982177734e+00 5.697226047515869141e+00
-2.212813198566436768e-01 3.489154338836669922e+00
8.079751014709472656e+00 3.043243408203125000e+00
3.336628675460815430e+00 -1.925889968872070312e+00
3.433594703674316406e+00 3.336409091949462891e+00
-4.436690509319305420e-01 4.866449832916259766e+00
-1.235218763351440430e+00 1.389802575111389160e+00
9.291983842849731445e-01 1.053618621826171875e+01
-4.386926293373107910e-01 6.753533363342285156e+00
8.209068775177001953e-01 3.735622406005859375e+00
-8.080857805907726288e-03 2.555339097976684570e+00
8.834941864013671875e+00 4.543513298034667969e+00
3.700075149536132812e+00 -1.858781814575195312e+00
1.425775766372680664e+00 3.716697692871093750e+00
-3.305301427841186523e+00 3.230701684951782227e+00
8.805176019668579102e-01 2.905632495880126953e+00
1.041012644767761230e+00 1.018624973297119141e+01
-4.750678688287734985e-02 6.829998493194580078e+00
9.997730255126953125e-01 6.150464057922363281e+00
3.984391093254089355e-01 4.515541553497314453e+00
8.787852287292480469e+00 4.522138118743896484e+00
4.596963524818420410e-01 5.618416786193847656e+00
2.258882522583007812e-01 5.036211967468261719e+00
-1.105661392211914062e+00 4.122759342193603516e+00
5.378041863441467285e-01 3.159529685974121094e+00
2.222713977098464966e-01 1.024437904357910156e+01
-4.329536557197570801e-01 6.436326026916503906e+00
3.483353555202484131e-01 5.737046241760253906e+00
3.063398122787475586e+00 4.254297733306884766e+00
3.209136962890625000e+00 3.708699703216552734e+00
3.675782680511474609e+00 -1.696696281433105469e+00
2.496411323547363281e+00 2.367157459259033203e+00
-9.585730433464050293e-01 4.596942424774169922e+00
4.045751094818115234e+00 1.939374923706054688e+00
6.918141841888427734e-01 6.723779201507568359e+00
1.968092471361160278e-01 6.660613536834716797e+00
3.495394706726074219e+00 5.542194366455078125e+00
-5.822082050144672394e-03 4.261538028717041016e+00
1.281974196434020996e+00 5.318992614746093750e+00
3.772381544113159180e+00 -1.837234973907470703e+00
1.598314046859741211e+00 2.398300647735595703e+00
-2.236491441726684570e+00 3.773262023925781250e+00
1.370581030845642090e+00 7.331978082656860352e-01
9.046025276184082031e-01 9.735821723937988281e+00
1.933643221855163574e-01 6.627639293670654297e+00
6.996141076087951660e-01 5.437771797180175781e+00
-4.606967270374298096e-01 2.438824892044067383e+00
8.630913734436035156e+00 4.510542869567871094e+00
6.689465641975402832e-01 2.632914543151855469e+00
2.240571022033691406e+00 3.058445692062377930e+00
-3.034593105316162109e+00 3.011782884597778320e+00
3.088590383529663086e+00 3.794236183166503906e+00
7.577811479568481445e-01 1.018050289154052734e+01
2.889294736087322235e-02 6.512185573577880859e+00
4.886008799076080322e-01 5.571459770202636719e+00
6.046725064516067505e-02 3.872168302536010742e+00
8.793738484382629395e-01 5.353937149047851562e+00
3.217507839202880859e+00 -2.149243593215942383e+00
2.424090385437011719e+00 2.371835947036743164e+00
-3.218885421752929688e+00 3.207916975021362305e+00
-7.247357368469238281e-01 3.245553255081176758e+00
6.585469245910644531e-01 1.054301261901855469e+01
1.269979476928710938e-01 6.557398796081542969e+00
3.445408105850219727e+00 7.161693572998046875e+00
4.579585194587707520e-01 4.753588676452636719e+00
1.247072696685791016e+00 5.330415725708007812e+00
3.438550949096679688e+00 -1.511158347129821777e+00
2.209533452987670898e+00 2.927423477172851562e+00
-8.269823193550109863e-01 4.522517681121826172e+00
5.663782954216003418e-01 2.795346736907958984e+00
1.789682954549789429e-01 1.025051212310791016e+01
2.165928035974502563e-01 6.234969139099121094e+00
3.493846654891967773e+00 5.524144172668457031e+00
4.640243649482727051e-01 4.921566009521484375e+00
1.065103769302368164e+00 3.039025068283081055e+00
3.263921737670898438e+00 -2.094652891159057617e+00
1.347499251365661621e+00 2.724097967147827148e+00
-1.383228421211242676e+00 2.715834140777587891e+00
1.479121327400207520e+00 3.086459398269653320e+00
1.068715572357177734e+00 1.027528953552246094e+01
1.064747452735900879e+00 7.039800643920898438e+00
3.253335475921630859e+00 6.061898231506347656e+00
4.098443031311035156e+00 1.986701011657714844e+00
3.477999866008758545e-01 2.026704549789428711e+00
3.785364627838134766e+00 -1.416814446449279785e+00
1.618317604064941406e+00 2.167200088500976562e+00
-4.262706041336059570e-01 4.970833301544189453e+00
3.742899298667907715e-01 3.033185482025146484e+00
9.217750430107116699e-01 9.701675415039062500e+00
1.028637766838073730e+00 7.137263774871826172e+00
3.456150531768798828e+00 7.147260189056396484e+00
2.035670280456542969e+00 4.894391059875488281e+00
1.176839709281921387e+00 5.121665477752685547e+00
3.230884075164794922e-01 2.403475046157836914e+00
1.549044370651245117e+00 2.341664314270019531e+00
-6.287053227424621582e-01 4.999144554138183594e+00
3.056189417839050293e-01 2.847114562988281250e+00
4.624252915382385254e-01 1.015989208221435547e+01
1.067100048065185547e+00 7.176762580871582031e+00
3.224474906921386719e+00 6.115009307861328125e+00
-9.011147618293762207e-01 2.872876405715942383e+00
9.336995124816894531e+00 4.211580276489257812e+00
2.652771025896072388e-02 2.394394636154174805e+00
3.209339857101440430e+00 3.618865013122558594e+00
-3.340456485748291016e+00 3.317211627960205078e+00
-1.144785761833190918e+00 1.359106659889221191e+00
9.621274471282958984e-01 9.659503936767578125e+00
7.283113896846771240e-02 6.573690891265869141e+00
2.898111104965209961e+00 6.334410667419433594e+00
6.989204883575439453e-01 3.996975421905517578e+00
8.129429817199707031e+00 4.350485801696777344e+00
8.019850850105285645e-01 2.074291944503784180e+00
1.881630659103393555e+00 2.619745254516601562e+00
-1.071097373962402344e+00 4.455656051635742188e+00
2.731517553329467773e-01 4.920212745666503906e+00
7.993870377540588379e-01 1.010364341735839844e+01
2.683205902576446533e-01 6.183484554290771484e+00
3.610709190368652344e+00 5.520762443542480469e+00
5.759203433990478516e-01 5.493010997772216797e+00
7.955091953277587891e+00 2.856139659881591797e+00
3.418982267379760742e+00 -1.886231780052185059e+00
1.558806777000427246e+00 2.520918846130371094e+00
3.457027673721313477e-01 2.739326000213623047e+00
-3.267177045345306396e-01 2.352337598800659180e+00
1.187552288174629211e-01 8.718072891235351562e+00
-8.078419417142868042e-02 6.815276622772216797e+00
7.425271868705749512e-01 5.107957839965820312e+00
3.285502791404724121e-01 2.064543962478637695e+00
1.035632014274597168e+00 5.587376117706298828e+00
3.785027027130126953e+00 -1.745682477951049805e+00
1.901039838790893555e+00 3.204354524612426758e+00
-6.099647879600524902e-01 5.095470905303955078e+00
8.737625926733016968e-02 2.137176513671875000e+00
9.354624748229980469e-01 9.757602691650390625e+00
7.091140151023864746e-01 6.423631668090820312e+00
9.694194793701171875e-01 5.833949565887451172e+00
9.103832244873046875e-01 4.525461196899414062e+00
9.453964233398437500e+00 4.028536319732666016e+00
3.581804752349853516e+00 -1.837597250938415527e+00
2.391301631927490234e+00 2.365234851837158203e+00
-2.933941841125488281e+00 3.494859457015991211e+00
-6.305697560310363770e-01 2.308686017990112305e+00
3.160424828529357910e-01 1.031450176239013672e+01
1.086973905563354492e+00 6.300054073333740234e+00
3.315213918685913086e+00 5.523463249206542969e+00
-2.139433920383453369e-01 3.522067308425903320e+00
8.114846229553222656e+00 3.333581686019897461e+00
4.709015041589736938e-02 2.103469371795654297e+00
1.878183960914611816e+00 2.302924394607543945e+00
-5.083358287811279297e-01 5.022310256958007812e+00
3.224202632904052734e+00 3.767348766326904297e+00
2.981992661952972412e-01 1.037969970703125000e+01
-4.030017852783203125e-01 6.863194942474365234e+00
4.403359293937683105e-01 5.739601612091064453e+00
1.756802387535572052e-02 3.365821838378906250e+00
1.327198863029479980e+00 5.296767711639404297e+00
2.943751811981201172e-01 5.368739604949951172e+00
2.338413953781127930e+00 2.925937414169311523e+00
-3.221281528472900391e+00 3.296379566192626953e+00
2.203100547194480896e-02 5.380222320556640625e+00
8.842134475708007812e-01 9.724460601806640625e+00
4.076372146606445312e+00 2.008162021636962891e+00
2.894330501556396484e+00 6.313252449035644531e+00
-1.426088958978652954e-01 2.652862071990966797e+00
9.173727989196777344e+00 4.089803218841552734e+00
1.109432131052017212e-01 5.594887733459472656e+00
1.452632784843444824e+00 2.413756370544433594e+00
-3.279138565063476562e+00 3.451977968215942383e+00
4.011463642120361328e+00 2.034936904907226562e+00
1.638588458299636841e-01 8.441043853759765625e+00
6.633314490318298340e-01 6.214736461639404297e+00
5.984272956848144531e-01 6.339248180389404297e+00
8.192323893308639526e-02 2.263369560241699219e+00
8.066452980041503906e+00 3.125892162322998047e+00
3.445561885833740234e+00 -1.490036606788635254e+00
1.792807936668395996e+00 2.465623140335083008e+00
-3.011597394943237305e+00 3.464721918106079102e+00
4.211705684661865234e+00 1.827514290809631348e+00
9.170379042625427246e-01 1.062435436248779297e+01
7.258582860231399536e-02 6.633146762847900391e+00
3.275343894958496094e+00 5.471926212310791016e+00
-1.374853104352951050e-01 3.460723161697387695e+00
7.471476554870605469e+00 2.610028028488159180e+00
3.674382209777832031e+00 -1.555279374122619629e+00
1.608567953109741211e+00 3.123228073120117188e+00
-6.820856928825378418e-01 2.367819070816040039e+00
3.341093361377716064e-01 3.045678138732910156e+00
7.137062549591064453e-01 1.042832183837890625e+01
-2.278473079204559326e-01 6.424753189086914062e+00
2.538657903671264648e+00 6.025088310241699219e+00
1.054398179054260254e+00 2.957193136215209961e+00
7.576897144317626953e+00 2.608522415161132812e+00
-3.120245635509490967e-01 2.541048288345336914e+00
1.924119830131530762e+00 3.143771409988403320e+00
-1.170701980590820312e+00 4.024408340454101562e+00
1.656992584466934204e-01 2.132629156112670898e+00
9.345076680183410645e-01 9.640584945678710938e+00
9.532819688320159912e-02 6.624185562133789062e+00
3.110355854034423828e+00 6.595777511596679688e+00
1.147155556827783585e-02 3.193516254425048828e+00
1.393937826156616211e+00 8.106114864349365234e-01
3.539119720458984375e+00 -1.565009593963623047e+00
3.161966323852539062e+00 3.593034505844116211e+00
-9.805351495742797852e-01 4.590356349945068359e+00
-8.528538942337036133e-01 2.848649501800537109e+00
9.604614973068237305e-01 9.739902496337890625e+00
-3.979563117027282715e-01 6.241406440734863281e+00
3.299555540084838867e+00 6.083449363708496094e+00
2.258668661117553711e+00 5.946286201477050781e+00
9.367644309997558594e+00 4.206722736358642578e+00
4.173753857612609863e-01 4.553719043731689453e+00
1.561665415763854980e+00 2.705213069915771484e+00
-2.966985940933227539e+00 3.450940370559692383e+00
-1.120854735374450684e+00 1.367728352546691895e+00
1.043264389038085938e+00 1.051875019073486328e+01
7.874073088169097900e-02 6.717212677001953125e+00
3.386395931243896484e+00 5.676944255828857422e+00
2.913163423538208008e+00 6.307618141174316406e+00
9.225071907043457031e+00 4.097241401672363281e+00
2.772723734378814697e-01 1.593237757682800293e+00
1.607715487480163574e+00 2.625555515289306641e+00
-1.374906778335571289e+00 2.723597764968872070e+00
3.882255077362060547e+00 2.218172073364257812e+00
7.512797713279724121e-01 1.056347370147705078e+01
3.720259964466094971e-01 6.518917560577392578e+00
3.273079395294189453e+00 6.110761165618896484e+00
-4.011137485504150391e-01 2.654332160949707031e+00
8.016986846923828125e+00 2.904731273651123047e+00
3.767212152481079102e+00 -1.631992697715759277e+00
2.388449668884277344e+00 2.291240930557250977e+00
-3.325953245162963867e+00 3.295428037643432617e+00
-1.211168408393859863e+00 1.349721431732177734e+00
6.575250625610351562e-01 7.261482715606689453e+00
-4.869775772094726562e-01 6.718533515930175781e+00
3.458558320999145508e+00 7.113368988037109375e+00
9.973131418228149414e-01 3.600879669189453125e+00
8.653536796569824219e+00 4.548470497131347656e+00
2.011121034622192383e+00 2.701015233993530273e+00
1.518768072128295898e+00 2.009565114974975586e+00
-5.303136110305786133e-01 5.094552040100097656e+00
4.092073440551757812e+00 1.983567476272583008e+00
6.948463320732116699e-01 6.282839298248291016e+00
6.124294996261596680e-01 6.795003890991210938e+00
3.495813369750976562e+00 7.207055568695068359e+00
3.265684843063354492e+00 3.781658887863159180e+00
3.661160469055175781e-01 2.070703029632568359e+00
-4.160090386867523193e-01 3.013063430786132812e+00
1.807560682296752930e+00 3.123640060424804688e+00
-2.888187170028686523e+00 3.533909797668457031e+00
9.759896993637084961e-01 3.051597595214843750e+00
6.469421386718750000e-01 7.495490550994873047e+00
-2.488729953765869141e-01 6.864035606384277344e+00
3.684317827224731445e+00 5.535902023315429688e+00
8.016459345817565918e-01 5.179427623748779297e+00
9.418204307556152344e+00 4.071972370147705078e+00
3.598797321319580078e+00 -1.537555813789367676e+00
4.060281276702880859e+00 2.002876520156860352e+00
-1.272880673408508301e+00 2.663802385330200195e+00
-1.003165245056152344e+00 3.083750009536743164e+00
6.776584982872009277e-01 7.504372596740722656e+00
-1.158321723341941833e-01 6.856707096099853516e+00
3.525532960891723633e+00 5.776778221130371094e+00
-3.536254167556762695e-02 2.892899274826049805e+00
8.024815559387207031e+00 3.044613122940063477e+00
3.237902820110321045e-01 5.767742156982421875e+00
2.269222021102905273e+00 2.944273233413696289e+00
-3.291387796401977539e+00 3.277676820755004883e+00
-9.946084618568420410e-01 1.472468852996826172e+00
2.184301167726516724e-01 1.037732982635498047e+01
-2.073426097631454468e-01 6.935024261474609375e+00
2.378466844558715820e+00 5.150884151458740234e+00
9.264621734619140625e-01 4.835521697998046875e+00
8.555262565612792969e+00 4.494954586029052734e+00
2.611531913280487061e-01 5.849580764770507812e+00
1.103909969329833984e+00 2.268953084945678711e+00
-3.321898937225341797e+00 3.219557285308837891e+00
1.386016607284545898e+00 7.584344744682312012e-01
2.675174362957477570e-02 5.794709205627441406e+00
3.054919280111789703e-02 7.613334178924560547e+00
3.491523742675781250e+00 5.557844638824462891e+00
-1.826881803572177887e-02 2.636912584304809570e+00
9.451981544494628906e+00 4.222777366638183594e+00
2.869524657726287842e-01 1.773910641670227051e+00
1.483362913131713867e+00 1.949299216270446777e+00
-8.339577317237854004e-01 4.507953166961669922e+00
1.666980683803558350e-01 2.109969139099121094e+00
1.014180660247802734e+00 9.803813934326171875e+00
1.040379047393798828e+00 7.127248764038085938e+00
1.793051362037658691e+00 6.045097351074218750e+00
1.522049307823181152e-01 4.996678352355957031e+00
8.508614540100097656e+00 4.418102741241455078e+00
4.763464927673339844e-01 3.824044227600097656e+00
1.472641468048095703e+00 2.943424701690673828e+00
-3.283021926879882812e+00 3.267751455307006836e+00
1.337954849004745483e-01 2.200796365737915039e+00
5.634574890136718750e-01 1.007935333251953125e+01
6.430263519287109375e-01 6.327998161315917969e+00
3.477237701416015625e+00 5.101272106170654297e+00
3.071247339248657227e-01 2.110107898712158203e+00
9.368047714233398438e+00 4.039156913757324219e+00
1.092344000935554504e-01 5.273634910583496094e+00
1.350149512290954590e+00 2.306054592132568359e+00
-6.135352253913879395e-01 4.698314189910888672e+00
-3.819166123867034912e-01 2.614609479904174805e+00
8.860146999359130859e-02 7.824500560760498047e+00
-5.470575690269470215e-01 6.442026615142822266e+00
3.433927774429321289e+00 5.815847396850585938e+00
-2.303218990564346313e-01 3.493995189666748047e+00
6.648799180984497070e-01 5.092550754547119141e+00
4.012579619884490967e-01 1.578393459320068359e+00
2.047472000122070312e+00 2.690148353576660156e+00
-3.437627077102661133e+00 3.415008544921875000e+00
1.123444795608520508e+00 3.083682537078857422e+00
1.855858117341995239e-01 7.652328968048095703e+00
1.074856162071228027e+00 6.275657176971435547e+00
6.005104780197143555e-01 5.998288631439208984e+00
2.926782369613647461e+00 6.311792373657226562e+00
7.700715541839599609e+00 2.699088811874389648e+00
2.201619595289230347e-01 5.244835376739501953e+00
3.196279048919677734e+00 3.542395353317260742e+00
-3.267986297607421875e+00 3.260260105133056641e+00
1.706277728080749512e-01 5.579982280731201172e+00
9.194735288619995117e-01 1.067381286621093750e+01
3.247849464416503906e+00 3.951861619949340820e+00
2.318513870239257812e+00 5.172717571258544922e+00
1.084775626659393311e-01 2.265852451324462891e+00
8.097509384155273438e+00 3.207054376602172852e+00
4.526894092559814453e-01 2.560246229171752930e+00
1.446073532104492188e+00 2.728304862976074219e+00
-4.840051382780075073e-02 2.001698017120361328e+00
1.314103722572326660e+00 7.870402336120605469e-01
5.893816351890563965e-01 7.748752593994140625e+00
8.979793190956115723e-01 6.097565174102783203e+00
1.903568029403686523e+00 5.977311134338378906e+00
-1.926927715539932251e-01 3.215441703796386719e+00
7.909489631652832031e+00 2.893272161483764648e+00
1.498850733041763306e-01 2.283546924591064453e+00
1.814131855964660645e+00 2.305247306823730469e+00
-8.879469633102416992e-01 4.611975193023681641e+00
3.504770994186401367e-01 2.180462598800659180e+00
7.062424421310424805e-01 1.062868785858154297e+01
2.783367037773132324e-02 6.901708602905273438e+00
3.471698522567749023e+00 5.531860351562500000e+00
7.037048339843750000e-01 4.930814743041992188e+00
9.425245285034179688e+00 4.166206359863281250e+00
3.164942264556884766e-01 2.741393089294433594e+00
1.906553745269775391e+00 3.085245847702026367e+00
-3.974235653877258301e-01 4.754995822906494141e+00
5.095691084861755371e-01 3.897171258926391602e+00
6.371537446975708008e-01 7.726599216461181641e+00
5.996901988983154297e-01 6.372958183288574219e+00
3.439123153686523438e+00 5.513618469238281250e+00
-9.666373133659362793e-01 2.940630197525024414e+00
8.579453468322753906e+00 4.469917297363281250e+00
3.689940452575683594e+00 -1.852954387664794922e+00
1.610658884048461914e+00 2.380741596221923828e+00
-7.891659140586853027e-01 4.887592315673828125e+00
1.510041952133178711e-01 2.267891883850097656e+00
7.462723851203918457e-01 6.431504726409912109e+00
-5.279456973075866699e-01 6.616813659667968750e+00
3.446039199829101562e+00 5.545362472534179688e+00
-4.712349548935890198e-02 2.883221387863159180e+00
8.028158187866210938e+00 2.918970584869384766e+00
3.537760734558105469e+00 -1.745450735092163086e+00
1.384923458099365234e+00 2.679912328720092773e+00
-1.866480894386768341e-02 4.843847751617431641e+00
-9.938409924507141113e-01 1.475279211997985840e+00
9.428653120994567871e-01 1.023905563354492188e+01
4.630140364170074463e-01 6.653122901916503906e+00
2.372731685638427734e+00 6.114278316497802734e+00
-4.278017580509185791e-02 3.516781091690063477e+00
9.841178357601165771e-02 2.397016048431396484e+00
8.015999943017959595e-02 2.315182685852050781e+00
1.642240047454833984e+00 2.508347272872924805e+00
-6.797809004783630371e-01 5.216404914855957031e+00
-1.132925868034362793e+00 1.324671745300292969e+00
1.922958493232727051e-01 1.025387001037597656e+01
1.038358926773071289e+00 6.399412631988525391e+00
3.403140068054199219e+00 5.577074527740478516e+00
5.212857201695442200e-02 2.482757329940795898e+00
8.192470550537109375e+00 4.378882408142089844e+00
1.318563222885131836e-01 5.366057395935058594e+00
2.428745031356811523e+00 2.259967565536499023e+00
-6.730041503906250000e-01 2.411962509155273438e+00
4.316515624523162842e-01 4.066133499145507812e+00
1.816702961921691895e+00 6.940339088439941406e+00
3.339864313602447510e-01 6.506901264190673828e+00
3.393048524856567383e+00 7.244112968444824219e+00
2.999295592308044434e-01 3.079884767532348633e+00
1.019758462905883789e+00 5.510551929473876953e+00
3.257338523864746094e+00 -2.072268247604370117e+00
5.235623121261596680e-01 5.716576099395751953e+00
-2.893507003784179688e+00 3.498318195343017578e+00
1.356448411941528320e+00 7.569360733032226562e-01
9.246228337287902832e-01 1.024326324462890625e+01
2.740290760993957520e-01 6.441301822662353516e+00
2.973109722137451172e+00 6.314601421356201172e+00
-3.426763415336608887e-02 2.824465751647949219e+00
9.376106262207031250e+00 4.253882408142089844e+00
7.786561846733093262e-01 2.200773715972900391e+00
2.407266139984130859e+00 2.299511909484863281e+00
6.675518155097961426e-01 3.865592241287231445e+00
5.091808438301086426e-01 2.394054889678955078e+00
8.547933697700500488e-01 1.029975223541259766e+01
8.224245160818099976e-02 6.650355815887451172e+00
2.249368429183959961e+00 4.931079387664794922e+00
2.152094602584838867e+00 4.605034351348876953e+00
8.445319175720214844e+00 4.329503059387207031e+00
3.529991626739501953e+00 -1.897993206977844238e+00
2.511226892471313477e+00 2.865220546722412109e+00
-6.733798980712890625e-01 4.973393440246582031e+00
-1.150233030319213867e+00 1.315717577934265137e+00
5.626134276390075684e-01 6.857779979705810547e+00
-2.707369327545166016e-01 6.770908355712890625e+00
3.458993911743164062e+00 5.735734939575195312e+00
-4.612345397472381592e-01 5.286554813385009766e+00
8.566635131835937500e+00 4.427070140838623047e+00
3.713304758071899414e+00 -1.769351124763488770e+00
1.823473453521728516e+00 2.111006259918212891e+00
-3.731209784746170044e-02 2.383589267730712891e+00
2.038552761077880859e-01 2.187311172485351562e+00
7.222170233726501465e-01 6.270496368408203125e+00
6.612709909677505493e-02 6.501584053039550781e+00
6.986208558082580566e-01 5.960218429565429688e+00
-5.159488692879676819e-02 2.887725830078125000e+00
7.865324020385742188e+00 2.846634626388549805e+00
2.697820961475372314e-01 4.586096763610839844e+00
4.112714767456054688e+00 1.983823180198669434e+00
-3.127289533615112305e+00 3.363131284713745117e+00
8.960044384002685547e-01 3.458987951278686523e+00
4.096517860889434814e-01 8.175089836120605469e+00
7.006310224533081055e-01 6.359470844268798828e+00
3.499021053314208984e+00 7.072226524353027344e+00
1.042735815048217773e+00 3.535846471786499023e+00
7.690278530120849609e+00 2.738868951797485352e+00
3.749938488006591797e+00 -1.601822257041931152e+00
2.396872043609619141e+00 2.393520593643188477e+00
4.416331052780151367e-01 5.821453571319580078e+00
4.096840381622314453e+00 1.995711565017700195e+00
1.015665650367736816e+00 1.021343612670898438e+01
3.591402247548103333e-02 6.437313556671142578e+00
3.362920284271240234e+00 5.580600738525390625e+00
3.956429362297058105e-01 4.540872097015380859e+00
8.705367088317871094e+00 4.394547939300537109e+00
3.436906099319458008e+00 -1.707311868667602539e+00
8.850176334381103516e-01 2.888410329818725586e+00
-1.087190270423889160e+00 4.470071792602539062e+00
5.283064246177673340e-01 2.460792779922485352e+00
8.172518610954284668e-01 9.693448066711425781e+00
-2.618017792701721191e-01 6.238762855529785156e+00
2.170061826705932617e+00 5.961551189422607422e+00
-1.057517528533935547e+00 3.017457723617553711e+00
7.712218284606933594e+00 2.688644886016845703e+00
4.988641440868377686e-01 3.384557485580444336e+00
1.649309754371643066e+00 2.196570396423339844e+00
3.280577898025512695e+00 3.960540056228637695e+00
1.839990019798278809e-01 5.239405632019042969e+00
1.689952164888381958e-01 8.341956138610839844e+00
1.031240582466125488e+00 7.083560466766357422e+00
3.217365741729736328e+00 6.163865089416503906e+00
4.113453865051269531e+00 2.046320676803588867e+00
1.353434324264526367e+00 5.271492481231689453e+00
3.398528814315795898e+00 1.784939408302307129e+00
2.756002664566040039e+00 3.208927631378173828e+00
-3.469214677810668945e+00 3.381209611892700195e+00
-4.709329605102539062e-01 2.245455980300903320e+00
-3.604639321565628052e-02 5.841262817382812500e+00
9.598525762557983398e-01 7.072750091552734375e+00
3.440453529357910156e+00 7.134593009948730469e+00
2.258760452270507812e+00 4.797724723815917969e+00
5.360639095306396484e-01 5.836015224456787109e+00
3.277391672134399414e+00 -1.979706883430480957e+00
-5.492334961891174316e-01 2.297754287719726562e+00
-5.349908471107482910e-01 5.026368141174316406e+00
-1.113087773323059082e+00 1.347806572914123535e+00
8.507379889488220215e-01 9.891798973083496094e+00
3.254912137985229492e+00 3.988042116165161133e+00
3.217796325683593750e+00 6.115539073944091797e+00
1.935134291648864746e+00 4.565800189971923828e+00
9.345362663269042969e+00 4.073595046997070312e+00
2.326255589723587036e-01 1.680142760276794434e+00
2.720939636230468750e+00 3.139242410659790039e+00
-1.206813216209411621e+00 4.203333377838134766e+00
7.220870971679687500e+00 2.584855079650878906e+00
-2.396141365170478821e-02 5.746294021606445312e+00
2.011525481939315796e-01 7.567955970764160156e+00
2.845582008361816406e+00 6.245077610015869141e+00
-2.392404377460479736e-01 3.525890350341796875e+00
7.718682289123535156e+00 2.725820064544677734e+00
3.278361558914184570e+00 -1.939473628997802734e+00
1.869863271713256836e+00 3.197287082672119141e+00
-7.163017988204956055e-01 4.553232669830322266e+00
1.597397774457931519e-01 2.398648977279663086e+00
7.797482609748840332e-01 1.056038951873779297e+01
-4.542687535285949707e-01 6.603677272796630859e+00
-4.222744703292846680e-01 5.520587921142578125e+00
-7.977713346481323242e-01 3.546239852905273438e+00
2.335552126169204712e-01 2.439090251922607422e+00
3.622788786888122559e-01 1.515770673751831055e+00
-2.257603257894515991e-01 1.607703566551208496e+00
-5.691834688186645508e-01 4.736187934875488281e+00
1.400736927986145020e+00 7.927010059356689453e-01
1.260406672954559326e-01 7.865784168243408203e+00
-1.636928319931030273e-01 6.492496967315673828e+00
3.280204296112060547e+00 6.143076419830322266e+00
2.264857769012451172e+00 4.981445789337158203e+00
1.262917995452880859e+00 5.409347057342529297e+00
3.764191627502441406e+00 -1.930502414703369141e+00
1.687479853630065918e+00 2.113848209381103516e+00
4.588803946971893311e-01 5.216890811920166016e+00
3.164659261703491211e+00 3.709163188934326172e+00
1.292913109064102173e-01 8.575530052185058594e+00
1.160484701395034790e-01 6.615203857421875000e+00
3.448150634765625000e+00 5.574090957641601562e+00
8.988158106803894043e-01 4.065242767333984375e+00
1.247068166732788086e+00 5.161742687225341797e+00
9.705528020858764648e-01 2.297863245010375977e+00
1.695932745933532715e+00 2.481322526931762695e+00
-8.894145488739013672e-01 4.569309711456298828e+00
2.502260208129882812e-01 4.466508865356445312e+00
9.557923078536987305e-01 9.756287574768066406e+00
-1.572194844484329224e-01 6.847747325897216797e+00
4.542937874794006348e-01 6.079865932464599609e+00
1.999394148588180542e-01 3.318608999252319336e+00
7.709323883056640625e+00 2.718361854553222656e+00
3.481180191040039062e+00 -1.546474933624267578e+00
1.554548501968383789e+00 2.737582445144653320e+00
-3.266613483428955078e+00 3.276103258132934570e+00
9.285285472869873047e-01 2.943573236465454102e+00
8.617936372756958008e-01 1.028629112243652344e+01
9.371590614318847656e-01 6.190925121307373047e+00
3.411534547805786133e+00 7.045900344848632812e+00
5.797071456909179688e-01 4.599024295806884766e+00
8.808396339416503906e+00 4.475053787231445312e+00
-4.394458234310150146e-02 2.351891279220581055e+00
4.252286851406097412e-01 5.692303657531738281e+00
-3.053316771984100342e-01 2.179960966110229492e+00
-5.908865928649902344e-01 1.724671244621276855e+00
7.949937582015991211e-01 9.991775512695312500e+00
-3.992672860622406006e-01 6.760878086090087891e+00
6.027076840400695801e-01 6.143770694732666016e+00
6.705007553100585938e-01 4.144660472869873047e+00
8.239145278930664062e+00 4.439918518066406250e+00
1.849732846021652222e-01 5.038076877593994141e+00
1.854468107223510742e+00 2.331185579299926758e+00
-6.187791824340820312e-01 5.029404640197753906e+00
-6.769749522209167480e-02 2.244250535964965820e+00
9.220256209373474121e-01 9.713815689086914062e+00
4.102592065464705229e-04 6.779455184936523438e+00
3.450873851776123047e+00 7.193142414093017578e+00
9.339073300361633301e-01 3.860519170761108398e+00
8.720858573913574219e+00 4.417017459869384766e+00
3.535046339035034180e+00 -1.740974783897399902e+00
1.437849760055541992e+00 2.624695301055908203e+00
3.242965459823608398e+00 3.745675802230834961e+00
-1.186716437339782715e+00 1.400116086006164551e+00
3.986647129058837891e-01 1.012845897674560547e+01
1.059800744056701660e+00 7.131354808807373047e+00
2.235297679901123047e+00 4.954771995544433594e+00
8.127204775810241699e-01 4.657167434692382812e+00
8.458586931228637695e-01 2.259858608245849609e+00
2.264135926961898804e-01 5.326895713806152344e+00
2.149289369583129883e+00 2.808281421661376953e+00
-3.273647785186767578e+00 3.251168966293334961e+00
1.741020083427429199e-01 2.221963167190551758e+00
1.086086273193359375e+00 1.031473445892333984e+01
2.287242859601974487e-01 6.129045963287353516e+00
2.369870662689208984e+00 6.119527339935302734e+00
8.873139321804046631e-02 3.840814828872680664e+00
8.431897163391113281e+00 4.261145591735839844e+00
4.028486728668212891e+00 1.940672874450683594e+00
2.409345388412475586e+00 2.274098157882690430e+00
7.123105973005294800e-02 2.152104854583740234e+00
3.530106246471405029e-01 4.634958744049072266e+00
1.606861501932144165e-01 8.143075942993164062e+00
1.008550599217414856e-01 6.389781951904296875e+00
3.448540210723876953e+00 7.127900123596191406e+00
3.057542145252227783e-01 3.765154600143432617e+00
8.271862030029296875e+00 4.312581539154052734e+00
3.677340984344482422e+00 -1.836728453636169434e+00
1.543094515800476074e+00 2.978760004043579102e+00
-3.149607419967651367e+00 3.369446039199829102e+00
-5.290384292602539062e-01 2.353184700012207031e+00
6.412201523780822754e-01 7.436855792999267578e+00
6.519622206687927246e-01 6.582330703735351562e+00
1.776917338371276855e+00 5.610023975372314453e+00
2.068340480327606201e-01 3.611579656600952148e+00
7.737118721008300781e+00 2.738984823226928711e+00
3.364582061767578125e-01 1.584171533584594727e+00
2.195619821548461914e+00 2.798078060150146484e+00
-2.993295669555664062e+00 3.446282863616943359e+00
-1.238226294517517090e+00 1.403556227684020996e+00
2.217893451452255249e-01 1.041246509552001953e+01
-3.985047712922096252e-02 6.675976753234863281e+00
3.035148143768310547e+00 6.517647743225097656e+00
6.658692359924316406e-01 3.828046560287475586e+00
8.502408981323242188e+00 4.402519702911376953e+00
3.301651000976562500e+00 -1.973228335380554199e+00
1.475122213363647461e+00 1.968595385551452637e+00
-3.332677364349365234e+00 3.241111993789672852e+00
8.224660754203796387e-01 2.841638088226318359e+00
1.802325844764709473e-01 8.369291305541992188e+00
9.708974361419677734e-01 7.078898906707763672e+00
3.572219610214233398e+00 6.838268280029296875e+00
6.931100487709045410e-01 3.793076753616333008e+00
7.656631469726562500e+00 2.624782323837280273e+00
2.504044026136398315e-02 2.173697233200073242e+00
2.402469635009765625e+00 2.451601505279541016e+00
-6.307122707366943359e-01 5.092605113983154297e+00
-8.619117736816406250e-01 3.075998067855834961e+00
2.703666985034942627e-01 1.035547065734863281e+01
9.122048318386077881e-02 6.522535324096679688e+00
3.228651523590087891e+00 5.608673572540283203e+00
4.233761131763458252e-01 2.595606803894042969e+00
7.934998989105224609e+00 2.945185422897338867e+00
3.681725263595581055e+00 -1.544496417045593262e+00
-1.508786678314208984e-01 1.649187803268432617e+00
-5.825299024581909180e-01 2.465780258178710938e+00
3.899573087692260742e+00 1.827520132064819336e+00
5.895447134971618652e-01 1.053535842895507812e+01
-2.984529435634613037e-01 6.764146327972412109e+00
3.435758113861083984e+00 5.803462028503417969e+00
-7.528716325759887695e-01 3.408535480499267578e+00
1.255312085151672363e+00 5.379802227020263672e+00
3.461860656738281250e+00 -1.646728157997131348e+00
2.411600828170776367e+00 2.305799007415771484e+00
7.657880187034606934e-01 3.121185302734375000e+00
-7.644132971763610840e-01 2.872708082199096680e+00
9.391139745712280273e-01 1.037746524810791016e+01
5.694497823715209961e-01 6.191292762756347656e+00
2.273705959320068359e+00 5.821539402008056641e+00
2.577618137001991272e-02 3.503333091735839844e+00
9.383498191833496094e+00 4.087081432342529297e+00
3.296022415161132812e+00 -2.089665412902832031e+00
1.558943986892700195e+00 1.992838978767395020e+00
-1.214780211448669434e+00 4.266265869140625000e+00
5.086982250213623047e-01 2.845201730728149414e+00
1.094497561454772949e+00 1.023078250885009766e+01
5.817047953605651855e-01 6.226749897003173828e+00
3.347907066345214844e+00 5.530605792999267578e+00
4.408430457115173340e-01 2.654081583023071289e+00
9.292703628540039062e+00 4.094193935394287109e+00
3.342499017715454102e+00 -2.037840366363525391e+00
1.630547523498535156e+00 2.176208257675170898e+00
-1.201379299163818359e-01 2.252985477447509766e+00
2.937048077583312988e-01 4.666745185852050781e+00
