5.815810000000000000e+05
5.688753121229016688e+05
5.579995047020289348e+05
5.489535777373826131e+05
5.417375312289618887e+05
5.363513651767671108e+05
5.327950795807983959e+05
5.310686744410555111e+05
5.311721497575385729e+05
5.331055055302474648e+05
5.368687417591825360e+05
5.424618584443430882e+05
5.498848555857297033e+05
5.591377331833424978e+05
5.702204912371812388e+05
5.831331297472453443e+05
5.978756487135359785e+05
6.144480481360522099e+05
6.328503280147943879e+05
6.530824883497626288e+05
6.751445291409569327e+05
6.990364503883768339e+05
7.247582520920230309e+05
7.523099342518945923e+05
7.816914968679922167e+05
8.129029399403157877e+05
8.459442634688655380e+05
8.808154674536410021e+05
9.175165518946425291e+05
9.560475167918701191e+05
9.964083621453240048e+05
1.038599087955003255e+06
1.082619694220907521e+06
1.128470180943038780e+06
1.176150548121395987e+06
1.225660795755978907e+06
1.277000923846787773e+06
1.330170932393822121e+06
1.385170821397082880e+06
1.442000590856569819e+06
1.500660240772281773e+06
1.561149771144220605e+06
1.623469181972384453e+06
1.687618473256775877e+06
1.753597644997391384e+06
1.821406697194233537e+06
1.891045629847301869e+06
1.962514442956595914e+06
2.035813136522115674e+06
2.110941710543861613e+06
2.187900165021832567e+06
2.266688499956030864e+06
2.347306715346454177e+06
2.429754811193102505e+06
2.514032787495979108e+06
2.600140644255080726e+06
2.688078381470407825e+06
2.777845999141961802e+06
2.869443497269739863e+06
2.962870875853745267e+06
3.058128134893976152e+06
3.155215274390431121e+06
3.254132294343116228e+06
3.354879194752025884e+06
3.457455975617160089e+06
3.561862636938520707e+06
3.668099178716105875e+06
3.776165600949918851e+06
3.886061903639955446e+06
3.997788086786221247e+06
4.111344150388712529e+06
4.226730094447426498e+06
4.343945918962368742e+06
4.462991623933536001e+06
4.583867209360931069e+06
4.706572675244551152e+06
4.831108021584398113e+06
4.957473248380468227e+06
5.085668355632763356e+06
5.215693343341288157e+06
5.347548211506037973e+06
5.481232960127015598e+06
5.616747589204214513e+06
5.754092098737645894e+06
5.893266488727295771e+06
6.034270759173173457e+06
6.177104910075279884e+06
6.321768941433608532e+06
6.468262853248167783e+06
6.616586645518949255e+06
6.766740318245957606e+06
6.918723871429188177e+06
7.072537305068652146e+06
7.228180619164342061e+06
7.385653813716249540e+06
7.544956888724387623e+06
7.706089844188754447e+06
7.869052680109342560e+06
8.033845396486157551e+06
8.200467993319199421e+06
8.368920470608468167e+06
8.539202828353961930e+06
8.711315066555682570e+06
8.885257185213625431e+06
9.061029184327797964e+06
9.238631063898192719e+06
9.418062823924819008e+06
9.599324464407671243e+06
9.782415985346749425e+06
9.967337386742047966e+06
1.015408866859357804e+07
1.034266983090132847e+07
1.053308087366530299e+07
1.072532179688551091e+07
1.091939260056194477e+07
1.111529328469460271e+07
1.131302384928347915e+07
1.151258429432859458e+07
1.171397461982992291e+07
1.191719482578748092e+07
1.212224491220126860e+07
1.232912487907128781e+07
1.253783472639752179e+07
1.274837445417998731e+07
1.296074406241867319e+07
1.317494355111359805e+07
1.339097292026472837e+07
1.360883216987209953e+07
1.382852129993569292e+07
1.405004031045551226e+07
1.427338920143155754e+07
1.449856797286381759e+07
1.472557662475232966e+07
1.495441515709705278e+07
1.518508356989799440e+07
1.541758186315517500e+07
1.565191003686857969e+07
1.588806809103820473e+07
1.612605602566405013e+07
1.636587384074613638e+07
1.660752153628443368e+07
1.685099911227896437e+07
1.709630656872972101e+07
1.734344390563670918e+07
1.759241112299991772e+07
1.784320822081935778e+07
1.809583519909500703e+07
1.835029205782689154e+07
1.860657879701501131e+07
1.886469541665933654e+07
1.912464191675991192e+07
1.938641829731671140e+07
1.965002455832971632e+07
1.991546069979896024e+07
2.018272672172442451e+07
2.045182262410611287e+07
2.072274840694403276e+07
2.099550407023818418e+07
2.127008961398855597e+07
2.154650503819515556e+07
2.182475034285797179e+07
2.210482552797703445e+07
2.238673059355228394e+07
2.267046553958378732e+07
2.295603036607152969e+07
2.324342507301548496e+07
2.353264966041566804e+07
2.382370412827206403e+07
2.411658847658469155e+07
2.441130270535355061e+07
2.470784681457863376e+07
2.500622080425994471e+07
2.530642467439747229e+07
2.560845842499123886e+07
2.591232205604122579e+07
2.621801556754742935e+07
2.652553895950986445e+07
2.683489223192853108e+07
2.714607538480341434e+07
2.745908841813453287e+07
2.777393133192189038e+07
2.809060412616544962e+07
2.840910680086523667e+07
2.872943935602125898e+07
2.905160179163350537e+07
2.937559410770198330e+07
2.970141630422667041e+07
3.002906838120759651e+07
3.035855033864474669e+07
3.068986217653812841e+07
3.102300389488771558e+07
3.135797549369354546e+07
3.169477697295561433e+07
3.203340833267388120e+07
3.237386957284838334e+07
3.271616069347911328e+07
3.306028169456607848e+07
3.340623257610925660e+07
3.375401333810865134e+07
3.410362398056427389e+07
