-8.699680920415245877e-01 3.176632602025879215e-03
-5.800666314588599493e-01 1.900744852639066618e-01
-6.391333584831907499e-01 -2.185880387864740093e-02
-1.027141105141614386e+00 -3.581270411029637279e-01
-1.837019961607097851e-01 -6.366492127614861718e-02
-7.711135497326027100e-01 -3.827323404953661967e-01
-6.847485994787121388e-01 -2.255507829873175107e-01
-5.578933204898006704e-01 -3.421611608497895363e-01
-6.377005392765742187e-01 -2.847023790524756959e-01
-7.332517860690656031e-01 1.564199307851796283e-02
-8.741589892988957944e-01 -2.340653982850715020e-01
-4.192057829713466965e-01 -2.654942981975798588e-01
-5.054400098915180495e-01 -1.947841023791980486e-01
-1.002537203587408721e+00 -2.251284350556981284e-01
-1.084885052451083132e+00 -3.305766779408216838e-01
-5.695283114978541006e-01 -3.372958343594436026e-01
-5.393451822503282367e-01 -4.283671360288921481e-01
-4.368385867155594182e-01 -3.543104862318355308e-01
-9.404755656811346620e-01 -5.021901634103571599e-01
-5.912801084881869063e-01 5.433597814720783625e-02
-7.801656916751126269e-01 1.538381285629849271e-01
-3.062387704026608981e-01 1.553576079886142269e-01
-6.467100447603724156e-01 1.870240195985762299e-01
-3.929144005649667926e-01 1.984009227379659179e-01
-4.464557332989745331e-01 2.310273470948408236e-01
-4.656247773690118663e-01 4.204663892061150099e-01
-4.516411930946015452e-01 -8.930940048058354230e-02
-2.921958287349696870e-01 -1.564859601010085699e-01
-5.141552923041776690e-01 3.888027478973558881e-02
-5.667926250693660073e-01 3.050384321552159633e-02
-6.592090821167854164e-01 -2.125124857790961497e-01
-7.182176030559053181e-01 -3.006975835926761209e-01
-3.059252220993748939e-01 -4.030912755422492305e-02
-4.855353179315690104e-01 -5.351370206727127377e-01
-3.158171020809242280e-01 -1.046862376597792049e-01
-4.502020523675194785e-01 9.140195555452228227e-02
-2.708047620558521884e-01 -7.777064833500967056e-02
-2.232236559337707760e-01 -5.544296398072249416e-02
-2.708919273029903318e-01 6.722454531785013176e-02
-7.109919864964000524e-01 -5.445765751175406510e-01
-6.354655007770934061e-01 1.084237299019936568e-01
-1.929650181419388377e-01 -2.113271048651339246e-01
-8.438411128451790422e-01 4.826132259749519454e-02
-1.003951921474909581e-01 -1.242168008494964337e-01
-4.839940171416471371e-01 1.534352456181331537e-01
-3.799263729961772085e-01 -4.684612629670336093e-01
-7.866949196282462253e-01 -1.594011382026307155e-01
-7.289853945053295092e-01 5.262461949101337327e-02
-4.541897790901632814e-01 -2.163241171298978249e-01
-7.021985841574839293e-01 -3.364944976111293173e-01
-9.013316561883649713e-01 1.447399858853015142e-01
-7.316540332190984985e-01 -4.075285551184114341e-02
-9.326324842420541383e-01 -1.199241296702970583e-01
-5.420554397216296172e-01 -3.757677794429523099e-01
-5.371570717622641267e-01 -9.544374561919433120e-02
-6.274098477894245462e-01 -9.775190029520872126e-02
-7.052861869708421105e-01 -9.842460280121584359e-02
-5.206103018664095528e-01 -1.901025916250536074e-01
-8.421414347243034726e-01 -1.787955404837239248e-01
7.891105149504969996e-01 7.622685938929707472e-01
8.594671779992038019e-01 3.385296824518186365e-01
7.045301550957581149e-01 1.127642678159107570e-01
6.300745038817447130e-02 1.528492054110490092e-02
-4.360889423181965596e-01 6.293966806521837931e-01
4.618512177588346423e-01 5.017333545788799087e-01
-7.343230576166152879e-02 1.417141955462894176e-01
-5.888430063147339633e-01 5.159350099575175097e-01
-3.144223146969001015e-02 5.756111716636540532e-01
5.855143919228852356e-01 1.462346084271043678e-01
-5.391283095640994061e-01 -8.044285828304261754e-01
5.072471779343715736e-01 3.859226402722108762e-02
-5.214410022458694227e-01 6.041670955339080162e-01
1.357844708302935466e-01 9.031973929071825113e-02
-9.007983431385313544e-01 5.584947936192365958e-01
-4.893211770426774132e-01 5.469320679464722001e-01
4.771153962600962473e-01 4.517698630002065507e-01
3.532826912100337641e-02 5.963251906999570418e-01
4.426677673075752883e-01 1.826670785374093775e-01
-1.937376227042585386e-01 -5.297423297684284993e-01
-7.429642282127564556e-02 3.412254812841358231e-01
7.560345380460040642e-03 7.405915384133440194e-01
-1.897371456219472952e-01 2.541089710144201486e-01
2.875444735902786264e-01 5.588138400889259838e-01
5.918766256062568676e-01 -2.004733820413999446e-01
-2.007277421162430020e-01 5.999531607992939497e-01
-9.007668305137706000e-02 4.170738425327605303e-01
3.819569922669625028e-01 4.063041534476384276e-01
2.914401868885809210e-01 7.046694296067717023e-01
3.366470585933510340e-01 3.038946826905176701e-01
2.195006122947247840e-01 5.957358391792073604e-01
5.066553174326430264e-01 3.183344178622876108e-01
4.835646555019694204e-01 3.322902843773120618e-01
6.426210460814000269e-01 2.285760410035683199e-01
-1.097443422896741544e-01 6.025399687206594024e-01
-1.687961098339813559e-01 6.898382196577891312e-01
-7.892240497726160653e-01 6.330189910887009663e-01
5.010432541785834193e-01 6.785954828543711015e-01
-1.101766049409321768e-01 5.234181754536305631e-01
-5.313898958765685965e-01 4.928634087907612926e-01
-1.577238195751983763e-01 8.086887758922424174e-01
-1.271670509050708553e-01 4.615016885949517755e-01
2.290405636677225465e-01 3.063853763183117529e-01
1.864843380295065980e-02 2.880635850361463191e-01
2.773085603749063655e-01 4.590179679638968779e-01
-9.629325271794693386e-02 3.819617661739924119e-01
6.614217369142344483e-01 4.847708800315313482e-01
1.445516572910654773e-01 3.320684482437059604e-01
4.010074358358183266e-01 1.362928068399631432e-01
8.441429937461693289e-02 5.173513485342341456e-01
-3.276872336388725326e-01 5.942475340436946807e-01
-3.293164663534799419e-01 9.978437732348995892e-01
7.683679721712020905e-02 3.590751823851726088e-01
6.487770436904961580e-01 3.700670370520774410e-01
3.271324673050926002e-01 5.727881725068372232e-01
1.716231944796327846e-01 5.211962678961876705e-01
2.770734636499973536e-01 9.974944539158482337e-01
1.225863975441928849e-01 5.956364830972196156e-01
1.184951423682148453e-01 3.928987203811040718e-01
6.601422449741328746e-01 3.277338931841339981e-02
2.302609902241258555e-01 4.021521482421226978e-01
-2.212257177169872913e-01 5.345782997128052383e-01
-5.872766332362450159e-01 1.098108869698553036e+00
4.433807793708803291e-01 3.299713342004251260e-01
1.051932322080128684e-01 9.159136656772356444e-01
-3.312010688341222031e-01 9.389241807020123343e-01
3.806820081169111358e-02 4.803656935324670529e-01
6.009391424964389411e-03 3.868589116426493502e-01
6.388783209857671341e-01 5.266269571990059850e-01
1.830795535692078535e-01 4.382037549902257911e-01
4.093288312961736453e-01 8.036523481541309188e-02
7.663321346343708873e-01 8.570411615339566802e-02
6.382256425140855338e-01 -1.883529111579663184e-01
7.936188115159447110e-01 -1.510722489015699499e-01
7.488964241735527327e-01 -1.081505844130025151e-01
8.256154312965185982e-01 3.115418040265814995e-02
8.008138689806321153e-01 -2.970110464421327201e-01
9.963789251442896067e-01 -2.537284164793058849e-01
1.040900217615605916e+00 -3.509237868990396914e-01
6.835433267631558785e-01 -3.752419090045698291e-01
4.680973117268476535e-01 -1.752727397246460206e-01
5.578960897473165259e-01 -1.663418564125826449e-01
3.450249908867660253e-01 -2.877614372197443982e-01
6.348940673279136471e-01 -2.541690476934000409e-01
4.701856408559959011e-01 -3.974813779443903683e-01
2.918924254397649021e-01 -5.972038409117510493e-01
5.256895636526545124e-01 -3.780047799900047578e-01
1.007524908443711231e+00 -5.540830070181949063e-01
6.694109312238823994e-01 -5.527530359255768966e-01
4.718987956720878674e-01 -5.357489459290016853e-01
4.982964494973999847e-01 -7.208963541764669136e-01
2.774385997684274963e-01 -8.681647974621853336e-01
3.580990521143406213e-01 -8.455486709112524091e-01
6.606835065200701296e-01 -3.081563547137174397e-01
5.224530746146474058e-01 -8.179545210024496971e-01
8.054981121002721123e-01 -2.277800442995940311e-01
7.739961912103272557e-01 -7.204084499045300127e-01
5.450958535075421940e-01 -6.765408296543632405e-01
8.069315138772351625e-01 -4.970878054523959477e-01
-4.832184666867853085e-02 -1.106541566426120893e+00
9.149300825044198726e-02 -9.115982262743779208e-01
6.551866875522358580e-01 -4.464584141872050549e-01
4.096139819679525673e-01 -3.985980554541925236e-01
6.082082566650320876e-01 -2.712338324459644956e-01
4.999293653544005234e-01 -3.387410919988608771e-01
4.862017849043286932e-01 -6.145678659976525626e-01
7.206595863373910227e-01 -5.296780621870514905e-01
3.475703486771316020e-01 -7.397858671349217818e-01
5.250887029994179001e-01 -5.692187710910339149e-01
2.887970692947930962e-01 -5.685913761816725476e-01
2.328256611099480677e-01 -7.958099723345146703e-01
7.297415656466390566e-01 -1.396505904907901774e-01
8.182138508534241295e-01 -4.572067492885984463e-01
3.408517362434557718e-01 -6.865288427474249833e-01
6.838616804617718703e-01 -7.611597546555967098e-01
4.323897622878023483e-01 -5.375770184665430440e-01
4.251026361259662711e-01 -8.272851870208319802e-01
3.977382225893923429e-01 -6.881876524836739728e-01
5.715771504155470195e-01 -8.244485150994967926e-01
