7.876500000000000000e+03
7.662380374620224757e+03
7.452903069349221369e+03
7.248068084186988926e+03
7.047875419133528339e+03
6.852325074188840517e+03
6.661417049352921822e+03
6.475151344625776801e+03
6.293527960007401816e+03
6.116546895497798687e+03
5.944208151096967413e+03
5.776511726804907084e+03
5.613457622621619521e+03
5.455045838547101994e+03
5.301276374581357231e+03
5.152149230724382505e+03
5.007664406976179635e+03
4.867821903336749529e+03
4.732621719806089459e+03
4.602063856384201245e+03
4.476148313071084885e+03
4.354875089866739472e+03
4.238244186771165914e+03
4.126255603784364212e+03
4.018909340906333000e+03
3.916205398137074553e+03
3.818143775476586598e+03
3.724724472924870497e+03
3.635947490481925342e+03
3.551812828147752498e+03
3.472320485922350599e+03
3.397470463805721010e+03
3.327262761797861913e+03
3.261697379898774670e+03
3.200774318108458829e+03
3.144493576426914842e+03
3.092855154854142256e+03
3.045859053390140616e+03
3.003505272034911286e+03
2.965793810788452902e+03
2.932724669650766373e+03
2.904297848621851244e+03
2.880513347701707971e+03
2.861371166890335644e+03
2.846871306187734717e+03
2.837013765593905191e+03
2.831798545108847975e+03
2.831225644732561705e+03
2.835295064465046835e+03
2.844006804306303366e+03
2.857360864256331752e+03
2.875357244315131538e+03
2.897995944482702726e+03
2.925276964759045313e+03
2.957200305144159756e+03
2.993765965638045600e+03
3.034973946240702389e+03
3.080824246952131034e+03
3.131316867772331534e+03
3.186451808701303435e+03
3.246229069739046281e+03
3.310648650885561437e+03
3.379710552140847085e+03
3.453414773504905497e+03
3.531761314977733946e+03
3.614750176559333795e+03
3.702381358249706864e+03
3.794654860048849514e+03
3.891570681956765384e+03
3.993128823973451290e+03
4.099329286098910416e+03
4.210172068333138668e+03
4.325657170676140595e+03
4.445784593127913467e+03
4.570554335688457286e+03
4.699966398357772050e+03
4.834020781135861398e+03
4.972717484022718963e+03
5.116056507018348384e+03
5.264037850122749660e+03
5.416661513335924610e+03
5.573927496657867778e+03
5.735835800088584620e+03
5.902386423628071498e+03
6.073579367276332050e+03
6.249414631033360820e+03
6.429892214899163264e+03
6.615012118873735744e+03
6.804774342957082808e+03
6.999178887149198090e+03
7.198225751450087046e+03
7.401914935859746038e+03
7.610246440378177795e+03
7.823220265005378678e+03
8.040836409741354146e+03
8.263094874586098740e+03
8.489995659539614280e+03
8.721538764601904404e+03
8.957724189772963655e+03
9.198551935052795670e+03
9.444022000441396813e+03
9.694134385938770720e+03
9.948889091544919211e+03
1.020828611725983683e+04
1.047232546308352357e+04
1.074100712901598308e+04
1.101433111505721899e+04
1.129229742120722040e+04
1.157490604746599456e+04
1.186215699383353967e+04
1.215405026030986301e+04
1.245058584689495183e+04
1.275176375358880978e+04
1.305758398039144049e+04
1.336804652730284943e+04
1.368315139432302385e+04
1.400289858145196740e+04
1.432728808868968372e+04
1.465631991603618008e+04
1.498999406349143828e+04
1.532831053105546926e+04
1.567126931872827481e+04
1.601887042650985495e+04
1.637111385440019876e+04
1.672799960239931534e+04
1.708952767050720649e+04
1.745569805872387224e+04
1.782651076704930529e+04
1.820196579548350564e+04
1.858206314402648059e+04
1.896680281267823011e+04
1.935618480143875058e+04
1.975020911030803836e+04
2.014887573928610072e+04
2.055218468837293403e+04
2.096013595756854556e+04
2.137272954687292076e+04
2.178996545628606691e+04
2.221184368580798036e+04
2.263836423543868295e+04
2.306952710517814194e+04
2.350533229502637187e+04
2.394577980498337638e+04
2.439086963504915911e+04
2.484060178522370916e+04
2.529497625550702651e+04
2.575399304589911480e+04
2.621765215639998496e+04
2.668595358700961515e+04
2.715889733772801992e+04
2.763648340855519564e+04
2.811871179949115322e+04
2.860558251053587446e+04
2.909709554168936302e+04
2.959325089295162252e+04
3.009404856432266752e+04
3.059948855580246527e+04
3.110957086739104852e+04
3.162429549908838817e+04
3.214366245089452059e+04
3.266767172280940940e+04
3.319632331483307644e+04
3.372961722696550714e+04
3.426755345920671243e+04
3.481013201155669231e+04
3.535735288401544676e+04
3.590921607658296125e+04
3.646572158925925032e+04
3.702686942204432853e+04
3.759265957493815949e+04
3.816309204794076504e+04
3.873816684105213790e+04
3.931788395427229989e+04
3.990224338760122191e+04
4.049124514103891124e+04
4.108488921458537516e+04
4.168317560824061366e+04
4.228610432200462674e+04
4.289367535587739985e+04
4.350588870985894755e+04
4.412274438394927711e+04
4.474424237814836670e+04
4.537038269245623087e+04
4.600116532687286235e+04
4.663659028139828297e+04
4.727665755603245634e+04
4.792136715077540430e+04
4.857071906562712684e+04
4.922471330058763851e+04
4.988334985565689567e+04
5.054662873083492741e+04
5.121454992612173373e+04
5.188711344151730736e+04
5.256431927702167741e+04
5.324616743263479293e+04
5.393265790835668304e+04
5.462379070418734045e+04
5.531956582012679428e+04
5.601998325617500814e+04
5.672504301233199658e+04
5.743474508859773050e+04
5.814908948497226811e+04
5.886807620145553665e+04
5.959170523804762342e+04
6.031997659474847023e+04
6.105289027155806252e+04
6.179044626847645122e+04
6.253264458550362178e+04
6.327948522263952327e+04
6.403096817988422845e+04
6.478709345723767910e+04
6.554786105469992617e+04
6.631327097227095510e+04
6.708332320995071495e+04
6.785801776773927850e+04
6.863735464563663118e+04
6.942133384364268568e+04
7.020995536175757297e+04
7.100321919998119120e+04
7.180112535831361311e+04
7.260367383675480960e+04
7.341086463530473702e+04
7.422269775396346813e+04
7.503917319273098838e+04
7.586029095160723955e+04
7.668605103059229441e+04
7.751645342968608020e+04
7.835149814888866968e+04
7.919118518820004829e+04
8.003551454762014328e+04
8.088448622714905650e+04
8.173810022678670066e+04
8.259635654653316305e+04
8.345925518638838548e+04
8.432679614635233884e+04
8.519897942642511043e+04
8.607580502660665661e+04
8.695727294689690461e+04
8.784338318729601451e+04
8.873413574780381168e+04
8.962953062842044164e+04
9.052956782914584619e+04
9.143424734997996711e+04
9.234356919092292082e+04
