1.575300000000000000e+04
1.505254037407932265e+04
1.440167577320639612e+04
1.380040619738122405e+04
1.324873164660380462e+04
1.274665212087413784e+04
1.229416762019222369e+04
1.189127814455806219e+04
1.153798369397165152e+04
1.123428426843299712e+04
1.098017986794209355e+04
1.077567049249894262e+04
1.062075614210354252e+04
1.051543681675589869e+04
1.045971251645600569e+04
1.045358324120386533e+04
1.049704899099947761e+04
1.059010976584284253e+04
1.073276556573396192e+04
1.092501639067283213e+04
1.116686224065945498e+04
1.145830311569383048e+04
1.179933901577596043e+04
1.218996994090584121e+04
1.263019589108347645e+04
1.312001686630886070e+04
1.365943286658200304e+04
1.424844389190289439e+04
1.488704994227153657e+04
1.557525101768793684e+04
1.631304711815208975e+04
1.710043824366399349e+04
1.793742439422364259e+04
1.882400556983105344e+04
1.976018177048621146e+04
2.074595299618913123e+04
2.178131924693979818e+04
2.286628052273821231e+04
2.400083682358438455e+04
2.518498814947831852e+04
2.641873450041999240e+04
2.770207587640941711e+04
2.903501227744659991e+04
3.041754370353153354e+04
3.184967015466422890e+04
3.333139163084466418e+04
3.486270813207285391e+04
3.644361965834879811e+04
3.807412620967249677e+04
3.975422778604395717e+04
4.148392438746315020e+04
4.326321601393011224e+04
4.509210266544483602e+04
4.697058434200727788e+04
4.889866104361751059e+04
5.087633277027548320e+04
5.290359952198118117e+04
5.498046129873466271e+04
5.710691810053588415e+04
5.928296992738486006e+04
6.150861677928160498e+04
6.378385865622607525e+04
6.610869555821832910e+04
6.848312748525830102e+04
7.090715443734603468e+04
7.338077641448155919e+04
7.590399341666478722e+04
7.847680544389579154e+04
8.109921249617452850e+04
8.377121457350105629e+04
8.649281167587533128e+04
8.926400380329730979e+04
9.208479095576709369e+04
9.495517313328458113e+04
9.787515033584985940e+04
1.008447225634628994e+05
1.038638898161236430e+05
1.069326520938321773e+05
1.100510093965884880e+05
1.132189617243924877e+05
1.164365090772443218e+05
1.197036514551438013e+05
1.230203888580911007e+05
1.263867212860861764e+05
1.298026487391289411e+05
1.332681712172194966e+05
1.367832887203577848e+05
1.403480012485438492e+05
1.439623088017776900e+05
1.476262113800592197e+05
1.513397089833885548e+05
1.551028016117655789e+05
1.589154892651904083e+05
1.627777719436630141e+05
1.666896496471833088e+05
1.706511223757513799e+05
1.746621901293671981e+05
1.787228529080307926e+05
1.828331107117421343e+05
1.869929635405011941e+05
1.912024113943080301e+05
1.954614542731625843e+05
1.997700921770649729e+05
2.041283251060150797e+05
2.085361530600129627e+05
2.129935760390584765e+05
2.175005940431518538e+05
2.220572070722930075e+05
2.266634151264818502e+05
2.313192182057184982e+05
2.360246163100028934e+05
2.407796094393349485e+05
2.455841975937148090e+05
2.504383807731424458e+05
2.553421589776178589e+05
2.602955322071409901e+05
2.652985004617117811e+05
2.703510637413304648e+05
2.754532220459968084e+05
2.806049753757110448e+05
2.858063237304729410e+05
2.910572671102824970e+05
2.963578055151398876e+05
3.017079389450450544e+05
3.071076673999980558e+05
3.125569908799986588e+05
3.180559093850470381e+05
3.236044229151431937e+05
3.292025314702871256e+05
3.348502350504788337e+05
3.405475336557183182e+05
3.462944272860053461e+05
3.520909159413402667e+05
3.579369996217229636e+05
3.638326783271534368e+05
3.697779520576316863e+05
3.757728208131574793e+05
3.818172845937312231e+05
3.879113433993526269e+05
3.940549972300218651e+05
4.002482460857388796e+05
4.064910899665034376e+05
4.127835288723158883e+05
4.191255628031761735e+05
4.255171917590840603e+05
4.319584157400398981e+05
4.384492347460432793e+05
4.449896487770944368e+05
4.515796578331934288e+05
4.582192619143401971e+05
4.649084610205346835e+05
4.716472551517769461e+05
4.784356443080668105e+05
4.852736284894046257e+05
4.921612076957900426e+05
4.990983819272234105e+05
5.060851511837043799e+05
5.131215154652330093e+05
5.202074747718095314e+05
5.273430291034337133e+05
5.345281784601057880e+05
5.417629228418256389e+05
5.490472622485930333e+05
5.563811966804082040e+05
5.637647261372713838e+05
5.711978506191822235e+05
5.786805701261407230e+05
5.862128846581468824e+05
5.937947942152009346e+05
6.014262987973026466e+05
6.091073984044522513e+05
6.168380930366495159e+05
6.246183826938944403e+05
6.324482673761872575e+05
6.403277470835278509e+05
6.482568218159161042e+05
6.562354915733522503e+05
6.642637563558359398e+05
6.723416161633674055e+05
6.804690709959468804e+05
6.886461208535738988e+05
6.968727657362488098e+05
7.051490056439712644e+05
7.134748405767416116e+05
7.218502705345596187e+05
7.302752955174254021e+05
7.387499155253390782e+05
7.472741305583001813e+05
7.558479406163094100e+05
7.644713456993661821e+05
7.731443458074708469e+05
7.818669409406231716e+05
7.906391310988231562e+05
7.994609162820710335e+05
8.083322964903665707e+05
8.172532717237100005e+05
8.262238419821010903e+05
8.352440072655399563e+05
8.443137675740264822e+05
8.534331229075609008e+05
