-5.225043330135695774e-01 3.149340316387944649e-01
-3.094050656682862388e-01 4.022673823682005878e-01
2.542570728618959164e-01 -9.473582484068550358e-02
-1.048151983607591431e-01 2.616703348778467442e-01
-4.325130111063570371e-01 2.997108338256682658e-01
-4.086674671982123974e-01 2.981916195640326173e-01
-3.600986619690094148e-01 1.800924970169693606e-01
-7.873683708639203083e-01 5.028299345007853915e-01
-4.890572586763670682e-01 2.640535636406780018e-01
-1.929709371777909022e-01 1.684425912646001500e-01
-7.869130452429559663e-02 7.032124175531187515e-02
-4.963033483745967200e-01 1.692813012098063064e-01
-1.868272439413944941e-01 8.893815871229322767e-02
-2.120287588953387314e-01 9.776718410284959693e-02
-5.079474398923591871e-02 -1.505181834187905958e-02
-6.446128131883780421e-01 2.861787712745771373e-01
-6.209072772974882914e-01 2.975379812725114648e-01
-5.868118551836989383e-01 3.013489328731561168e-01
-4.347750218757585605e-01 2.583450269370253238e-01
-4.516667183115727902e-01 5.004501752455796648e-01
-5.196331778892419040e-01 3.518301548328882089e-01
-1.232666207020859245e-01 1.539596010418521066e-01
-2.012383072092167047e-01 3.090622173502078907e-01
-4.216674568150674540e-02 1.660371445527362988e-01
-1.297351902374759003e-01 2.151655697178555260e-01
-4.096035917097350376e-01 2.439049801065785728e-01
-1.164164518691881561e-01 3.160436079931175923e-01
-2.080583615533268815e-01 1.587744501444039447e-01
-4.144144134578013339e-01 3.079297375902906309e-01
-2.018877631566265429e-01 9.247330804469003351e-02
4.380204863141800437e-02 -3.942069608706193218e-02
-1.317314504927192265e-01 8.815144199683834503e-02
-4.387380426924563648e-01 1.551832229155545861e-01
-9.608578330462874684e-01 4.465394897703231503e-01
-4.703158341153868549e-01 2.881729830534720538e-01
-9.053448917549286601e-02 1.474872791050451937e-01
-5.667110767566414520e-01 4.187459369980789381e-01
-2.520949105392930045e-01 1.766042318173326464e-01
-2.847901846558092975e-01 2.363116495677414775e-01
-6.121497567775224802e-01 5.791889570714942037e-01
-2.329613324532284202e-01 1.925179238229609568e-01
-1.568609695953578353e-01 2.611600290664422008e-01
-3.027017726783173129e-02 4.487536337199498071e-01
-2.987976752262220814e-01 3.381781542945683228e-01
4.091789261920956988e-02 1.438738840286558907e-01
-6.674557766703156370e-01 5.477810668227421909e-01
-1.873842990261225250e-01 2.991966768923570719e-01
-2.628219424694147252e-02 1.846097251724184429e-01
-2.884588823988242234e-01 2.186151627861934038e-02
-4.571191010815792710e-01 1.168820319873410674e-01
3.132760498762303114e-01 -2.427873021625173988e-01
-7.014584551104426080e-02 1.072212545881541870e-02
-1.925278741484936496e-01 3.799734267274854638e-01
-5.691326398332432479e-01 2.827900677548346176e-01
-5.067786170177212002e-01 3.632067849053416952e-01
-6.061807577567561445e-02 -1.418771055646986939e-02
-4.405902744091058088e-01 2.920816256414719425e-01
-1.849329909446905673e-01 2.678887925581621698e-01
1.246126471151278586e-02 2.541309275126557021e-01
-5.900139143795605223e-01 1.607718441639309770e-01
-1.047416592730312956e+00 2.425301993351496044e-01
-1.053906670225994047e+00 1.906537174876775931e-01
-8.358172988647515345e-01 2.797329345238778187e-01
4.634766405018295732e-01 -2.922083771334275243e-02
-7.353819950496569557e-01 1.640223823556033467e-01
-5.507686902429748121e-02 -7.087652920991557859e-02
3.189856533932427518e-01 -1.339740799476243915e-01
-7.659907029095815167e-02 -1.722527065690271711e-02
-1.094797799247271941e+00 4.460221215137303852e-01
-4.648809557090807232e-01 -1.240476770147664609e-01
-5.063867959673676866e-01 -9.716680220091904185e-02
2.581780645567419846e-02 6.513916397506351597e-02
-4.624122849621671305e-01 1.452220635047049568e-01
-7.339358460508152437e-02 1.613036395729655070e-01
5.679067070465133593e-01 -3.481668063177092293e-02
-4.768838793566917422e-01 5.910095656385597543e-03
-3.786384945115982004e-01 -2.719102991836414018e-02
-6.557969495533022553e-01 2.565338506375243188e-01
-3.707613797333820238e-01 -1.555546665373628012e-01
-5.216180898380697040e-02 1.109207196991945088e-01
8.193743416728455076e-02 -3.474088926185020521e-02
5.138046914714545360e-02 -1.360292079574238616e-02
7.166522475770770173e-02 -2.003468053007058935e-01
-6.325489755454634100e-01 -4.905186986690805023e-02
5.152208253107857239e-01 -1.670521627140749421e-01
-2.669337800677465400e-01 9.949518985533077620e-02
-2.309655045091904557e-01 -1.501174370361000043e-01
7.376252327127858464e-03 -1.643026452838994844e-01
3.732268377566677620e-02 -8.280058204530520161e-02
3.327073655760618975e-01 -1.888454058015719139e-01
-1.883283778438105960e-01 -1.469103347037964136e-01
-2.534953791685080615e-01 -2.456879107664572126e-01
-4.108611500992483401e-01 -1.606097031326964852e-01
2.422465766894140726e-01 -4.447236032547785892e-03
2.245492072491360735e-01 1.185288152840121984e-01
-2.532180383825897718e-01 -1.005380204180874731e-01
-4.586228683357241320e-01 1.090757126868327626e-01
1.576860833571252229e-01 -2.462914092418826834e-02
5.839900719665631623e-01 5.467265382270277557e-02
3.820447624202210068e-01 -2.002436688640609197e-01
-9.248985215806475313e-02 2.765676631304446118e-02
-2.806219276325560008e-01 -4.109019584619748311e-02
-1.336887628893817549e-02 2.308479091771115099e-01
1.853967318647001539e-01 -7.884939128565507382e-02
8.429211847204998165e-02 -3.884542523238832673e-02
-4.139155177474440062e-01 7.568166278820095960e-02
-2.327158241910426764e-03 -9.031967745427114946e-02
-3.097374998115102196e-01 -9.706053446132320572e-02
2.093746414409788370e-01 -1.449061778602712125e-01
7.717594732127097679e-01 -1.448763617997272657e-01
1.062472284811187384e+00 -4.463360593596152337e-01
7.051171172647030527e-02 2.186400835148701038e-01
-6.843827043267164401e-01 2.204778268124734930e-01
1.733869018223145597e-01 -1.127329505275800059e-01
6.776308069192517325e-02 1.483180387689406188e-01
3.161118528478754075e-01 -3.695960262231904325e-01
2.570291456809711828e-01 -1.237980240419420952e-01
-2.327954135181376782e-01 9.605305930079174881e-02
-6.089251740441419258e-01 2.243640151562623364e-01
2.120194057693420564e-01 -7.710106066090545440e-02
5.625549422889963846e-01 5.827213172037871980e-02
2.573377754597548361e-01 3.824061386894759274e-01
-1.264554193940870819e-01 1.644446386153786410e-01
1.840076455903456865e-01 1.986806410220909036e-01
1.048874117097570835e+00 -1.807598053279716455e-01
2.401320688431454464e-01 1.485827621375394314e-01
2.989486001164145534e-01 9.193843522540953717e-02
5.890538870787640630e-02 -1.356372819848155054e-01
2.299079708493727281e-01 -6.354234963717902973e-02
5.794154756487190222e-02 5.843426156525716175e-02
-9.603450102988165815e-01 3.049603245304583488e-01
-9.553369404547822352e-01 2.415020659514611479e-01
-8.348340119642404522e-01 8.352385692839713049e-02
-7.557917436908069275e-01 2.254674166767027810e-01
-5.987448461771547326e-01 -1.984673046671289742e-01
-1.050962111714916825e+00 -5.539336577725362948e-02
-7.995962691395097632e-01 8.498637269494475899e-02
-9.111771240372140701e-01 2.866567822631851947e-02
-1.168798669156795089e+00 6.276112642490604132e-02
-8.477048610375539361e-01 8.698149003254597444e-02
-9.930379150183631376e-01 1.527067122749772021e-01
-9.415728496882526111e-01 1.244231246945566305e-01
-1.229737912554062174e+00 2.486256946815317559e-01
-9.902424249175458826e-01 2.071733812143284614e-01
-9.212296565200410736e-01 9.035132240975862067e-03
-7.848658696455705908e-01 3.288467080243274304e-02
-1.234820011356229985e+00 2.144558333503877035e-01
-8.920939563770725611e-01 3.916735469971735495e-02
-8.931973903047075725e-01 -8.742154545861945125e-02
-1.255543114733096877e+00 1.361743043282497012e-01
-1.263686165134742190e+00 2.140172890336947686e-01
-1.047606509162598343e+00 -8.020418607327292268e-03
-7.015236918755715090e-01 -1.230311859247156143e-02
-1.076773069874865429e+00 -2.823420466041535182e-01
-8.987790448417429801e-01 -2.336364910795492855e-01
-9.844330426814548174e-01 -1.470054711517032597e-01
-1.075394876046809500e+00 -8.400802112681114708e-02
-7.746818241691301177e-01 -2.088125260970762065e-01
-7.375858788311491221e-01 -5.597088760788870854e-01
-5.695799187988006551e-01 -5.236033511581399402e-01
-6.149752882819894406e-01 -4.834386272664287915e-02
-1.400329632492125720e+00 2.159397504433271386e-01
-1.163325265277833420e+00 9.184254868579556919e-02
-1.066636111131233688e+00 1.902256894948982091e-01
-1.270637452450303240e+00 -9.201488463217674663e-02
-1.219138032541416061e+00 -3.323113774127833819e-02
-1.357282839495090654e+00 -1.087100732041001300e-01
-1.062431257640660043e+00 -1.425971043401671468e-01
-1.053543606711116798e+00 -1.440783048539762967e-01
-1.075049030983931564e+00 1.549795109794747661e-01
-8.719916453373141030e-01 7.220341541298871957e-02
-1.180486056952469553e+00 -7.621806628961132202e-02
-1.253768894258685762e+00 -6.463663820236477398e-02
-1.277040598382752856e+00 1.313504299437508183e-01
-9.710376796274214906e-01 -5.101659537708274489e-02
-1.416054996896616291e+00 4.671081335129132449e-03
-1.313737076637758072e+00 -6.970311134475067061e-02
-1.261348747043903096e+00 -2.284829190789745140e-02
