7.876500000000000000e+03
7.848020411857433828e+03
7.819663467352795124e+03
7.791429166486084796e+03
7.763317509257301026e+03
7.735328495666446543e+03
7.707462125713518617e+03
7.679718399398518159e+03
7.652097316721446077e+03
7.624598877682301463e+03
7.597223082281085226e+03
7.569969930517796456e+03
7.542839422392435154e+03
7.515831557905000409e+03
7.488946337055494951e+03
7.462183759843916960e+03
7.435543826270266436e+03
7.409026536334542470e+03
7.382631890036748700e+03
7.356359887376880579e+03
7.330210528354940834e+03
7.304183812970928557e+03
7.278279741224844656e+03
7.252498313116688223e+03
7.226839528646458348e+03
7.201303387814157759e+03
7.175889890619784637e+03
7.150599037063338983e+03
7.125430827144820796e+03
7.100385260864230077e+03
7.075462338221566824e+03
7.050662059216832859e+03
7.025984423850024541e+03
7.001429432121146419e+03
6.976997084030193946e+03
6.952687379577169850e+03
6.928500318762073221e+03
6.904435901584904968e+03
6.880494128045664183e+03
6.856674998144350866e+03
6.832978511880965016e+03
6.809404669255506633e+03
6.785953470267976627e+03
6.762624914918374998e+03
6.739419003206699927e+03
6.716335735132953232e+03
6.693375110697133096e+03
6.670537129899242245e+03
6.647821792739277953e+03
6.625229099217242037e+03
6.602759049333133589e+03
6.580411643086952608e+03
6.558186880478699095e+03
6.536084761508374868e+03
6.514105286175976289e+03
6.492248454481506997e+03
6.470514266424963353e+03
6.448902722006348995e+03
6.427413821225662105e+03
6.406047564082903591e+03
6.384803950578072545e+03
6.363682980711168057e+03
6.342684654482192855e+03
6.321808971891144211e+03
6.301055932938024853e+03
6.280425537622830234e+03
6.259917785945565811e+03
6.239532677906228855e+03
6.219270213504818457e+03
6.199130392741336436e+03
6.179113215615781883e+03
6.159218682128155706e+03
6.139446792278456996e+03
6.119797546066685754e+03
6.100270943492841980e+03
6.080866984556925672e+03
6.061585669258937742e+03
6.042426997598878188e+03
6.023390969576745192e+03
6.004477585192540573e+03
5.985686844446262512e+03
5.967018747337912828e+03
5.948473293867491520e+03
5.930050484034996771e+03
5.911750317840431308e+03
5.893572795283791493e+03
5.875517916365080964e+03
5.857585681084297903e+03
5.839776089441442309e+03
5.822089141436514183e+03
5.804524837069514433e+03
5.787083176340442151e+03
5.769764159249297336e+03
5.752567785796079988e+03
5.735494055980790108e+03
5.718542969803429514e+03
5.701714527263994569e+03
5.685008728362488910e+03
5.668425573098909808e+03
5.651965061473259084e+03
5.635627193485536736e+03
5.619411969135740947e+03
5.603319388423873534e+03
5.587349451349933588e+03
5.571502157913921110e+03
5.555777508115837009e+03
5.540175501955679465e+03
5.524696139433450298e+03
5.509339420549149509e+03
5.494105345302775277e+03
5.478993913694329422e+03
5.464005125723810124e+03
5.449138981391221023e+03
5.434395480696557570e+03
5.419774623639821584e+03
5.405276410221014885e+03
5.390900840440135653e+03
5.376647914297183888e+03
5.362517631792158681e+03
5.348509992925061852e+03
5.334624997695893398e+03
5.320862646104651503e+03
5.307222938151338894e+03
5.293705873835951934e+03
5.280311453158494260e+03
5.267039676118964053e+03
5.253890542717361313e+03
5.240864052953686041e+03
5.227960206827939146e+03
5.215179004340119718e+03
5.202520445490227758e+03
5.189984530278263264e+03
5.177571258704227148e+03
5.165280630768118499e+03
5.153112646469937317e+03
5.141067305809683603e+03
5.129144608787358266e+03
5.117344555402960395e+03
5.105667145656490902e+03
5.094112379547947057e+03
5.082680257077332499e+03
5.071370778244645408e+03
5.060183943049886693e+03
5.049119751493055446e+03
5.038178203574150757e+03
5.027359299293175354e+03
5.016663038650126509e+03
5.006089421645005132e+03
4.995638448277812131e+03
4.985310118548546598e+03
4.975104432457208532e+03
4.965021390003798842e+03
4.955060991188316621e+03
4.945223236010762776e+03
4.935508124471135488e+03
4.925915656569435669e+03
4.916445832305664226e+03
4.907098651679820250e+03
4.897874114691905561e+03
4.888772221341916520e+03
4.879792971629855856e+03
4.870936365555722659e+03
4.862202403119517840e+03
4.853591084321240487e+03
4.845102409160890602e+03
4.836736377638468184e+03
4.828492989753974143e+03
4.820372245507407570e+03
4.812374144898768463e+03
4.804498687928056825e+03
4.796745874595273563e+03
4.789115704900417768e+03
4.781608178843489441e+03
4.774223296424488581e+03
4.766961057643417007e+03
4.759821462500271082e+03
4.752804510995054443e+03
4.745910203127763452e+03
4.739138538898402658e+03
4.732489518306967511e+03
4.725963141353462561e+03
4.719559408037883259e+03
4.713278318360232333e+03
4.707119872320508875e+03
4.701084069918712885e+03
4.695170911154846181e+03
4.689380396028905125e+03
4.683712524540892446e+03
4.678167296690808143e+03
4.672744712478650399e+03
4.667444771904421032e+03
4.662267474968120041e+03
4.657212821669745608e+03
4.652280812009299552e+03
4.647471445986780964e+03
4.642784723602189842e+03
4.638220644855527098e+03
4.633779209746791821e+03
4.629460418275983102e+03
4.625264270443102760e+03
4.621190766248150794e+03
4.617239905691126296e+03
4.613411688772030175e+03
4.609706115490860611e+03
4.606123185847619425e+03
4.602662899842305706e+03
4.599325257474919454e+03
4.596110258745460669e+03
4.593017903653930261e+03
4.590048192200327321e+03
4.587201124384651848e+03
4.584476700206903843e+03
4.581874919667085123e+03
4.579395782765192052e+03
4.577039289501228268e+03
4.574805439875191041e+03
4.572694233887082191e+03
4.570705671536901718e+03
4.568839752824647803e+03
4.567096477750321355e+03
4.565475846313924194e+03
4.563977858515452681e+03
4.562602514354910454e+03
4.561349813832295695e+03
4.560219756947608403e+03
4.559212343700848578e+03
4.558327574092017130e+03
4.557565448121113150e+03
4.556925965788135727e+03
4.556409127093087591e+03
4.556014932035966922e+03
4.555743380616772811e+03
4.555594472835507077e+03
4.555568208692167900e+03
4.555664588186758920e+03
4.555883611319275587e+03
4.556225278089721542e+03
4.556689588498094963e+03
4.557276542544395852e+03
4.557986140228623299e+03
4.558818381550779122e+03
4.559773266510863323e+03
4.560850795108874081e+03
4.562050967344814126e+03
