-8.095309257507324219e+00 4.624795436859130859e+00
-6.791111469268798828e+00 2.882480621337890625e+00
-9.384705543518066406e+00 2.528061866760253906e+00
-1.042573928833007812e+01 4.110243797302246094e+00
-7.540215492248535156e+00 -2.838412821292877197e-01
-1.048369503021240234e+01 2.935781717300415039e+00
-8.236044883728027344e+00 2.891838073730468750e+00
-7.988179206848144531e+00 2.265825271606445312e+00
-8.913962364196777344e+00 3.446438074111938477e+00
-8.506081581115722656e+00 3.798372983932495117e+00
-1.018162059783935547e+01 2.868053913116455078e+00
-8.144360542297363281e+00 1.850986003875732422e+00
-8.595474243164062500e+00 2.107696056365966797e+00
-1.149042320251464844e+01 3.555299520492553711e+00
-1.111208820343017578e+01 3.536243915557861328e+00
-9.427112579345703125e+00 1.504526376724243164e+00
-9.947800636291503906e+00 1.553994417190551758e+00
-9.677937507629394531e+00 1.086861848831176758e+00
-1.098032665252685547e+01 2.642966032028198242e+00
-6.585418701171875000e+00 4.284620285034179688e+00
-7.902476787567138672e+00 4.536763191223144531e+00
-5.126468181610107422e+00 3.294572830200195312e+00
-7.123555660247802734e+00 2.926319837570190430e+00
-6.462062835693359375e+00 2.105514764785766602e+00
-6.394862174987792969e+00 2.200462579727172852e+00
-7.549052238464355469e+00 -7.393914461135864258e-01
-7.971573829650878906e+00 1.935766458511352539e+00
-7.082265377044677734e+00 1.529477357864379883e+00
-8.267522811889648438e+00 6.252666115760803223e-01
-7.679388523101806641e+00 3.115973949432373047e+00
-1.008141517639160156e+01 1.822844386100769043e+00
-1.003207397460937500e+01 2.534331321716308594e+00
-8.029632568359375000e+00 9.434357881546020508e-01
-9.509346008300781250e+00 3.934310376644134521e-01
-7.747910976409912109e+00 1.239461541175842285e+00
-7.106045246124267578e+00 2.574386119842529297e+00
-7.623528957366943359e+00 7.085300683975219727e-01
-7.242161273956298828e+00 1.088700413703918457e+00
-6.628858089447021484e+00 1.246041655540466309e+00
-6.590019226074218750e+00 4.898119926452636719e+00
-7.907090187072753906e+00 4.214964866638183594e+00
-5.255286693572998047e+00 3.702737092971801758e+00
-8.836400985717773438e+00 4.352706909179687500e+00
-4.975502490997314453e+00 3.601146459579467773e+00
-7.360336303710937500e+00 3.646464824676513672e+00
-5.869842529296875000e+00 4.205926895141601562e+00
-7.097116470336914062e+00 4.763730525970458984e+00
-8.488173484802246094e+00 4.036977767944335938e+00
-9.296369552612304688e+00 2.444515943527221680e+00
-1.006650352478027344e+01 3.031940937042236328e+00
-9.648460388183593750e+00 5.050152778625488281e+00
-8.814224243164062500e+00 2.622514247894287109e+00
-1.006587123870849609e+01 4.130121707916259766e+00
-9.507403373718261719e+00 1.394074916839599609e+00
-7.924402236938476562e+00 3.524318218231201172e+00
-9.265066146850585938e+00 3.081024169921875000e+00
-8.402073860168457031e+00 4.100314617156982422e+00
-9.061926841735839844e+00 1.746771216392517090e+00
-9.818919181823730469e+00 3.779270172119140625e+00
2.204995870590209961e+00 -4.694299221038818359e+00
3.813254117965698242e+00 -3.450736284255981445e+00
4.314927101135253906e+00 -3.372740983963012695e+00
-3.404155075550079346e-01 1.349235296249389648e+00
-3.597560882568359375e+00 7.314675450325012207e-01
9.286537766456604004e-01 -2.713183879852294922e+00
-4.361997604370117188e+00 -8.207795023918151855e-01
-3.448539018630981445e+00 1.362445116043090820e+00
-9.821168780326843262e-01 3.971306681632995605e-01
3.916129827499389648e+00 -3.497997999191284180e+00
-5.576201438903808594e+00 -3.079933881759643555e+00
3.515551805496215820e+00 -1.964553475379943848e+00
-5.179202556610107422e+00 9.795185327529907227e-01
-7.873617112636566162e-02 6.713173389434814453e-01
-8.467473030090332031e+00 -9.626422524452209473e-01
-4.004752635955810547e+00 2.869768738746643066e-01
1.213292479515075684e+00 -1.033474206924438477e+00
-7.662749290466308594e-01 1.203545093536376953e+00
1.974999308586120605e+00 -1.233901381492614746e+00
-5.589797496795654297e+00 -3.049273014068603516e+00
-2.584884405136108398e+00 -2.469361543655395508e+00
-1.554673433303833008e+00 2.233053594827651978e-01
-2.193432569503784180e+00 5.568245053291320801e-01
1.443335860967636108e-01 -2.434915781021118164e+00
6.878547191619873047e+00 -1.121445417404174805e+00
-3.129276037216186523e+00 -9.102007150650024414e-01
-1.407298207283020020e+00 1.920447200536727905e-01
7.235962748527526855e-01 -2.356432676315307617e+00
-7.014892250299453735e-02 -2.755179643630981445e+00
8.496066331863403320e-01 -2.045349121093750000e+00
-1.894697248935699463e-01 -1.859618186950683594e+00
1.682177662849426270e+00 -2.183841943740844727e+00
1.424552083015441895e+00 -2.253571987152099609e+00
2.417747735977172852e+00 -2.357218265533447266e+00
-2.172717571258544922e+00 -3.118978142738342285e-01
-2.812001466751098633e+00 1.090351268649101257e-01
-5.711948871612548828e+00 -3.040249347686767578e+00
3.572214841842651367e+00 -6.559683680534362793e-01
-1.971915721893310547e+00 3.803887367248535156e-01
-3.780404329299926758e+00 8.316537737846374512e-01
-2.721689939498901367e+00 -2.698088407516479492e+00
-1.530251264572143555e+00 7.984824776649475098e-01
-1.138525977730751038e-01 1.498579531908035278e-01
-1.817883491516113281e+00 -1.234372138977050781e+00
-2.323579788208007812e-01 -1.038415431976318359e+00
-1.061828374862670898e+00 -6.372035294771194458e-02
2.010497093200683594e+00 -2.797989606857299805e+00
-3.868475854396820068e-01 -4.872599840164184570e-01
2.018851041793823242e+00 -2.148993968963623047e+00
-1.072454690933227539e+00 -9.847596883773803711e-01
-3.312385082244873047e+00 -9.444533586502075195e-01
-3.990161895751953125e+00 -1.755134224891662598e+00
-1.558688998222351074e+00 -7.886168956756591797e-01
1.534206151962280273e+00 -3.290528774261474609e+00
-5.518068373203277588e-02 -2.304514646530151367e+00
-9.935901761054992676e-01 -1.880107045173645020e+00
-7.071731686592102051e-01 -3.435055971145629883e+00
-7.239909172058105469e-01 -4.756679236888885498e-01
-7.847976684570312500e-01 -9.537561535835266113e-01
5.259068965911865234e+00 -2.031477928161621094e+00
3.834937512874603271e-01 -4.664948582649230957e-01
-2.776376008987426758e+00 -1.123143911361694336e+00
-6.764975547790527344e+00 -1.392019510269165039e+00
1.570549488067626953e+00 3.364312350749969482e-01
-2.825825214385986328e+00 3.101020097732543945e+00
-2.811352252960205078e+00 2.448466062545776367e+00
-1.567279338836669922e+00 -1.240375757217407227e+00
-1.780295848846435547e+00 -1.646860122680664062e+00
8.016137480735778809e-01 -3.454952716827392578e+00
-8.931558132171630859e-01 -1.643345236778259277e+00
1.811235547065734863e+00 -1.095629930496215820e-01
6.368061065673828125e+00 -5.284464359283447266e+00
6.964863777160644531e+00 -4.926552772521972656e+00
7.058208942413330078e+00 -4.975086688995361328e+00
7.011565685272216797e+00 -5.189190864562988281e+00
4.998110294342041016e+00 -3.285117387771606445e+00
5.884271144866943359e+00 -3.011139392852783203e+00
7.708334445953369141e+00 -9.658635258674621582e-01
7.886938571929931641e+00 -7.087853550910949707e-01
7.234667301177978516e+00 -1.998336553573608398e+00
6.351058959960937500e+00 -1.737360358238220215e+00
6.361797332763671875e+00 -2.099054098129272461e+00
6.647702217102050781e+00 -3.154462337493896484e+00
6.588527202606201172e+00 -1.929732084274291992e+00
7.459709167480468750e+00 -1.492645025253295898e+00
7.552421569824218750e+00 -4.326441287994384766e+00
7.184625625610351562e+00 -2.957607269287109375e+00
8.267074584960937500e+00 -1.347452163696289062e+00
8.221400260925292969e+00 -2.332917451858520508e+00
8.439553260803222656e+00 -3.135179281234741211e+00
8.369654655456542969e+00 -4.520204067230224609e+00
8.224795341491699219e+00 -5.327609062194824219e+00
8.281261444091796875e+00 -5.146957397460937500e+00
8.109327316284179688e+00 -5.637371063232421875e+00
9.646128654479980469e+00 -2.910647630691528320e+00
5.796083450317382812e+00 -3.597504615783691406e+00
8.898695945739746094e+00 -1.816215038299560547e+00
8.942550659179687500e+00 -2.705599784851074219e+00
8.958452224731445312e+00 -1.111616015434265137e+00
1.083560562133789062e+01 -3.450006008148193359e+00
1.068589210510253906e+01 -3.432005643844604492e+00
8.140190124511718750e+00 -2.509616136550903320e+00
6.974802970886230469e+00 -2.242430686950683594e+00
6.611153125762939453e+00 -1.813807010650634766e+00
7.046845436096191406e+00 -3.287652730941772461e+00
8.400001525878906250e+00 -3.660857200622558594e+00
7.935172080993652344e+00 -1.918745756149291992e+00
9.158155441284179688e+00 -3.931187868118286133e+00
8.097715377807617188e+00 -3.656651496887207031e+00
8.863336563110351562e+00 -4.147301673889160156e+00
9.022258758544921875e+00 -4.932768344879150391e+00
6.694233894348144531e+00 -3.504163980484008789e+00
7.713965892791748047e+00 -3.588158607482910156e+00
8.884550094604492188e+00 -3.480302333831787109e+00
8.690946578979492188e+00 -1.859829664230346680e+00
8.390198707580566406e+00 -3.031211376190185547e+00
9.148457527160644531e+00 -3.766210079193115234e+00
9.327219963073730469e+00 -3.444904088973999023e+00
9.402792930603027344e+00 -2.427686452865600586e+00
