6.546652317047119141e+00 5.165376663208007812e+00
5.863816738128662109e+00 4.321913719177246094e+00
6.675970077514648438e+00 4.003325462341308594e+00
7.481167316436767578e+00 4.129680156707763672e+00
4.867423534393310547e+00 3.931635141372680664e+00
7.339007854461669922e+00 3.776617527008056641e+00
6.216382503509521484e+00 4.233652591705322266e+00
6.207877159118652344e+00 3.396331548690795898e+00
6.438587665557861328e+00 4.181322574615478516e+00
6.747348308563232422e+00 4.824243068695068359e+00
7.094391822814941406e+00 3.780567884445190430e+00
6.060981750488281250e+00 3.825396776199340820e+00
6.273208618164062500e+00 3.900623798370361328e+00
7.340268135070800781e+00 3.999987125396728516e+00
7.440166950225830078e+00 3.905415773391723633e+00
6.644469738006591797e+00 3.329312801361083984e+00
6.868897914886474609e+00 3.396334648132324219e+00
6.683642864227294922e+00 3.091969728469848633e+00
7.460125923156738281e+00 3.522205829620361328e+00
5.728819370269775391e+00 5.549871444702148438e+00
6.471684455871582031e+00 5.137628555297851562e+00
5.109870433807373047e+00 5.637556076049804688e+00
5.724864959716796875e+00 4.760001659393310547e+00
5.519674777984619141e+00 4.417318344116210938e+00
5.219471454620361328e+00 4.553205966949462891e+00
5.027363300323486328e+00 4.075881481170654297e+00
5.882299423217773438e+00 3.867859840393066406e+00
5.685400009155273438e+00 3.793807506561279297e+00
5.134074211120605469e+00 3.988436937332153320e+00
6.187827587127685547e+00 4.572694778442382812e+00
6.758432388305664062e+00 3.416597604751586914e+00
6.985042572021484375e+00 3.695425271987915039e+00
5.786853790283203125e+00 3.446081161499023438e+00
6.345897674560546875e+00 3.174729824066162109e+00
5.774761199951171875e+00 3.511310577392578125e+00
5.508252143859863281e+00 4.571316719055175781e+00
5.576066493988037109e+00 3.358757972717285156e+00
5.554947376251220703e+00 3.598520040512084961e+00
5.355039596557617188e+00 3.775032997131347656e+00
6.020059585571289062e+00 5.534001827239990234e+00
6.387781620025634766e+00 5.058170318603515625e+00
5.246605396270751953e+00 5.637415409088134766e+00
6.964197635650634766e+00 4.928623199462890625e+00
5.096038341522216797e+00 5.721592903137207031e+00
6.108866691589355469e+00 5.004995346069335938e+00
5.547006607055664062e+00 5.642379283905029297e+00
5.925136566162109375e+00 5.536466598510742188e+00
6.692683696746826172e+00 4.819607257843017578e+00
6.589938640594482422e+00 3.830549001693725586e+00
7.254434108734130859e+00 3.807942628860473633e+00
6.835779666900634766e+00 4.625116348266601562e+00
6.583672046661376953e+00 4.156066417694091797e+00
7.391777992248535156e+00 4.261173725128173828e+00
6.472410678863525391e+00 3.157513141632080078e+00
6.346316337585449219e+00 4.857631206512451172e+00
6.563279628753662109e+00 4.205411911010742188e+00
6.548906326293945312e+00 4.971847534179687500e+00
6.508493900299072266e+00 3.365304708480834961e+00
7.272422313690185547e+00 4.334232807159423828e+00
1.581624507904052734e+00 4.703218936920166016e+00
-1.692783713340759277e+00 6.335000991821289062e+00
-1.833859562873840332e+00 6.412153720855712891e+00
1.971745014190673828e+00 4.519684791564941406e+00
3.330797910690307617e+00 5.000437736511230469e+00
6.067669987678527832e-01 5.696120262145996094e+00
3.326300382614135742e+00 4.604270458221435547e+00
3.033119916915893555e+00 4.847396850585937500e+00
2.098323106765747070e+00 4.848484039306640625e+00
-1.789436697959899902e+00 6.327812194824218750e+00
3.497457981109619141e+00 4.222198009490966797e+00
-3.383756875991821289e-01 6.615498542785644531e+00
4.912539958953857422e+00 4.532809257507324219e+00
1.810592174530029297e+00 5.079891204833984375e+00
5.207107067108154297e+00 4.120333194732666016e+00
3.412461757659912109e+00 5.120950698852539062e+00
1.423481464385986328e+00 4.909446239471435547e+00
1.884750366210937500e+00 4.556050300598144531e+00
6.074306964874267578e-01 6.298242092132568359e+00
3.616832256317138672e+00 4.288952827453613281e+00
2.692445039749145508e+00 6.335642814636230469e+00
2.488587856292724609e+00 4.931450843811035156e+00
2.538961172103881836e+00 4.736556053161621094e+00
9.174411296844482422e-01 5.973930835723876953e+00
-3.501076459884643555e+00 6.747684001922607422e+00
2.986643314361572266e+00 5.529286861419677734e+00
2.211552619934082031e+00 4.879349708557128906e+00
7.521757483482360840e-01 5.839421272277832031e+00
1.000921726226806641e+00 6.050492763519287109e+00
8.561891317367553711e-01 6.179628372192382812e+00
1.304705858230590820e+00 5.983098506927490234e+00
3.011758029460906982e-01 6.123085975646972656e+00
4.954985976219177246e-01 6.064483642578125000e+00
1.083358377218246460e-01 6.178633213043212891e+00
2.704718589782714844e+00 5.412630558013916016e+00
3.042737007141113281e+00 5.095571041107177734e+00
3.825469255447387695e+00 4.179503440856933594e+00
-1.644703745841979980e+00 7.916288375854492188e+00
2.664153099060058594e+00 4.911538600921630859e+00
3.282469511032104492e+00 5.023883342742919922e+00
2.758156538009643555e+00 6.046786785125732422e+00
2.328489542007446289e+00 4.698788642883300781e+00
1.679896831512451172e+00 4.988396644592285156e+00
2.528400182723999023e+00 6.053029537200927734e+00
1.855352163314819336e+00 5.548986434936523438e+00
2.108173370361328125e+00 5.059713363647460938e+00
3.585142791271209717e-01 6.144998550415039062e+00
1.885455250740051270e+00 5.389754295349121094e+00
2.788916230201721191e-01 6.084490776062011719e+00
2.190198183059692383e+00 5.563037872314453125e+00
3.087917804718017578e+00 5.555045604705810547e+00
3.095083951950073242e+00 5.956573009490966797e+00
2.451448917388916016e+00 5.736302375793457031e+00
5.336051583290100098e-01 6.081297874450683594e+00
1.190373063087463379e+00 5.762147903442382812e+00
1.652829647064208984e+00 6.023986339569091797e+00
1.130210757255554199e+00 5.788353919982910156e+00
2.117975473403930664e+00 5.361505508422851562e+00
1.832203269004821777e+00 5.664993286132812500e+00
-2.438229560852050781e+00 7.259550571441650391e+00
2.311848878860473633e+00 5.694968223571777344e+00
2.899061441421508789e+00 5.722258090972900391e+00
4.524185180664062500e+00 4.330457687377929688e+00
2.486968278884887695e+00 6.400394916534423828e+00
3.049885034561157227e+00 6.321599483489990234e+00
3.088018417358398438e+00 5.973153114318847656e+00
2.293164491653442383e+00 5.938556194305419922e+00
2.150607109069824219e+00 6.062075614929199219e+00
8.264706730842590332e-01 6.192756175994873047e+00
1.925730228424072266e+00 6.094081401824951172e+00
2.346120357513427734e+00 6.284421920776367188e+00
-1.932170033454895020e+00 8.064349174499511719e+00
-2.239782571792602539e+00 8.079000473022460938e+00
-2.143428564071655273e+00 8.247927665710449219e+00
-2.194404840469360352e+00 8.118263244628906250e+00
-2.063398122787475586e+00 6.653025627136230469e+00
-2.447211742401123047e+00 6.855750083923339844e+00
-3.537406682968139648e+00 7.144949913024902344e+00
-3.814143896102905273e+00 7.161469936370849609e+00
-3.080835103988647461e+00 6.943268775939941406e+00
-3.107356309890747070e+00 6.623386383056640625e+00
-2.842102050781250000e+00 6.806429386138916016e+00
-2.590565443038940430e+00 7.452157020568847656e+00
-3.088659286499023438e+00 6.846801757812500000e+00
-3.319212675094604492e+00 7.005289077758789062e+00
-2.613919258117675781e+00 8.069502830505371094e+00
-2.797500133514404297e+00 7.503252029418945312e+00
-3.442694425582885742e+00 7.110827445983886719e+00
-3.860784292221069336e+00 7.605948925018310547e+00
-3.601027965545654297e+00 7.904684066772460938e+00
-2.814180850982666016e+00 8.471351623535156250e+00
-2.450622797012329102e+00 8.626847267150878906e+00
-2.585606336593627930e+00 8.459434509277343750e+00
-2.494117975234985352e+00 8.526732444763183594e+00
-3.890321493148803711e+00 8.194999694824218750e+00
-2.259288787841796875e+00 7.072413921356201172e+00
-3.776445627212524414e+00 7.434752941131591797e+00
-3.872708082199096680e+00 8.051420211791992188e+00
-3.173335313796997070e+00 6.678380012512207031e+00
-3.769322395324707031e+00 8.544454574584960938e+00
-3.755765676498413086e+00 8.462664604187011719e+00
-3.806200981140136719e+00 7.700289726257324219e+00
-3.029897689819335938e+00 7.053479194641113281e+00
-2.935955524444580078e+00 6.784280300140380859e+00
-2.574830055236816406e+00 7.583201885223388672e+00
-3.290174961090087891e+00 8.127668380737304688e+00
-3.627002716064453125e+00 7.296796321868896484e+00
-3.370346069335937500e+00 8.414501190185546875e+00
-3.227856159210205078e+00 8.081223487854003906e+00
-3.324925661087036133e+00 8.436248779296875000e+00
-2.971763849258422852e+00 8.308125495910644531e+00
-2.384862661361694336e+00 7.461974143981933594e+00
-3.173806428909301758e+00 7.929150581359863281e+00
-3.513386726379394531e+00 8.302672386169433594e+00
-3.816298007965087891e+00 7.515405654907226562e+00
-3.381783723831176758e+00 8.055411338806152344e+00
-3.300289630889892578e+00 8.423336029052734375e+00
-3.596761226654052734e+00 8.301765441894531250e+00
-3.741076231002807617e+00 8.022340774536132812e+00
