7.876500000000000000e+03
7.817859917924869478e+03
7.759914827029855587e+03
7.702664727314959237e+03
7.646109618780181336e+03
7.590249501425520066e+03
7.535084375250977246e+03
7.480614240256551057e+03
7.426839096442242408e+03
7.373758943808052209e+03
7.321373782353977731e+03
7.269683612080021703e+03
7.218688432986184125e+03
7.168388245072462269e+03
7.118783048338858862e+03
7.069872842785372995e+03
7.021657628412003760e+03
6.974137405218752974e+03
6.927312173205618819e+03
6.881181932372602205e+03
6.835746682719703131e+03
6.791006424246921597e+03
6.746961156954257604e+03
6.703610880841712060e+03
6.660955595909282238e+03
6.618995302156970865e+03
6.577729999584777033e+03
6.537159688192700742e+03
6.497284367980741081e+03
6.458104038948898960e+03
6.419618701097175290e+03
6.381828354425568250e+03
6.344732998934079660e+03
6.308332634622707701e+03
6.272627261491453282e+03
6.237616879540315495e+03
6.203301488769297066e+03
6.169681089178395268e+03
6.136755680767610102e+03
6.104525263536943385e+03
6.072989837486393299e+03
6.042149402615961662e+03
6.012003958925647567e+03
5.982553506415450101e+03
5.953798045085370177e+03
5.925737574935408702e+03
5.898372095965563858e+03
5.871701608175836554e+03
5.845726111566226791e+03
5.820445606136734568e+03
5.795860091887359886e+03
5.771969568818101834e+03
5.748774036928962232e+03
5.726273496219939261e+03
5.704467946691034740e+03
5.683357388342246850e+03
5.662941821173577409e+03
5.643221245185024600e+03
5.624195660376590240e+03
5.605865066748271602e+03
5.588229464300071413e+03
5.571288853031988765e+03
5.555043232944024567e+03
5.539492604036176090e+03
5.524636966308446063e+03
5.510476319760833576e+03
5.497010664393337720e+03
5.484240000205960314e+03
5.472164327198698629e+03
5.460783645371557213e+03
5.450097954724530609e+03
5.440107255257622455e+03
5.430811546970832751e+03
5.422210829864159678e+03
5.414305103937604144e+03
5.407094369191165242e+03
5.400578625624844790e+03
5.394757873238640968e+03
5.389632112032555597e+03
5.385201342006586856e+03
5.381465563160736565e+03
5.378424775495002905e+03
5.376078979009387695e+03
5.374428173703889115e+03
5.373472359578508076e+03
5.373211536633244577e+03
5.373645704868098619e+03
5.374774864283070201e+03
5.376599014878159323e+03
5.379118156653365986e+03
5.382332289608689280e+03
5.386241413744131023e+03
5.390845529059689397e+03
5.396144635555365312e+03
5.402138733231159677e+03
5.408827822087070672e+03
5.416211902123099208e+03
5.424290973339245284e+03
5.433065035735508900e+03
5.442534089311890057e+03
5.452698134068388754e+03
5.463557170005004991e+03
5.475111197121739679e+03
5.487360215418588268e+03
5.500304224895557127e+03
5.513943225552643526e+03
5.528277217389846555e+03
5.543306200407167125e+03
5.559030174604606145e+03
5.575449139982161796e+03
5.592563096539834987e+03
5.610372044277625719e+03
5.628875983195533991e+03
5.648074913293559803e+03
5.667968834571702246e+03
5.688557747029963139e+03
5.709841650668340662e+03
5.731820545486836636e+03
5.754494431485449240e+03
5.777863308664180295e+03
5.801927177023027980e+03
5.826686036561993205e+03
5.852139887281076881e+03
5.878288729180277187e+03
5.905132562259595034e+03
5.932671386519029511e+03
5.960905201958583348e+03
5.989834008578252906e+03
6.019457806378040914e+03
6.049776595357945553e+03
6.080790375517966822e+03
6.112499146858108361e+03
6.144902909378364711e+03
6.178001663078740421e+03
6.211795407959232762e+03
6.246284144019843552e+03
6.281467871260570064e+03
6.317346589681415935e+03
6.353920299282376618e+03
6.391189000063457570e+03
6.429152692024654243e+03
6.467811375165968457e+03
6.507165049487401120e+03
6.547213714988951324e+03
6.587957371670619068e+03
6.629396019532402534e+03
6.671529658574303539e+03
6.714358288796324814e+03
6.757881910198461810e+03
6.802100522780715437e+03
6.847014126543086604e+03
6.892622721485578040e+03
6.938926307608184288e+03
6.985924884910908986e+03
7.033618453393749405e+03
7.082007013056711003e+03
7.131090563899787412e+03
7.180869105922981362e+03
7.231342639126291942e+03
7.282511163509721882e+03
7.334374679073267544e+03
7.386933185816932564e+03
7.440186683740714216e+03
7.494135172844612498e+03
7.548778653128630140e+03
7.604117124592763503e+03
7.660150587237014406e+03
7.716879041061383759e+03
7.774302486065870653e+03
7.832420922250474177e+03
7.891234349615195242e+03
7.950742768160032938e+03
8.010946177884989993e+03
8.071844578790062769e+03
8.133437970875254905e+03
8.195726354140562762e+03
8.258709728585989069e+03
8.322388094211532007e+03
8.386761451017195213e+03
8.451829799002973232e+03
8.517593138168869700e+03
8.584051468514884618e+03
8.651204790041014348e+03
8.719053102747260709e+03
8.787596406633627339e+03
8.856834701700110600e+03
8.926767987946712310e+03
8.997396265373430651e+03
9.068719533980267443e+03
9.140737793767219046e+03
9.213451044734287279e+03
9.286859286881477601e+03
9.360962520208782735e+03
9.435760744716206318e+03
9.511253960403748351e+03
9.587442167271405197e+03
9.664325365319178673e+03
9.741903554547074236e+03
9.820176734955084612e+03
9.899144906543213438e+03
9.978808069311455256e+03
1.005916622325981916e+04
1.014021936838829788e+04
1.022196750469689869e+04
1.030441063218561249e+04
1.038754875085444291e+04
1.047138186070339543e+04
1.055590996173246458e+04
1.064113305394164854e+04
1.072705113733095095e+04
1.081366421190036999e+04
1.090097227764990748e+04
1.098897533457956524e+04
1.107767338268933599e+04
1.116706642197922702e+04
1.125715445244923467e+04
1.134793747409935713e+04
1.143941548692960168e+04
1.153158849093995923e+04
1.162445648613043704e+04
1.171801947250103331e+04
1.181227745005174074e+04
1.190723041878257391e+04
1.200287837869352188e+04
1.209922132978458467e+04
1.219625927205576772e+04
1.229399220550706559e+04
1.239242013013848191e+04
1.249154304595002031e+04
1.259136095294166807e+04
1.269187385111343974e+04
1.279308174046532440e+04
1.289498462099732933e+04
1.299758249270945453e+04
1.310087535560168908e+04
1.320486320967404936e+04
1.330954605492652263e+04
1.341492389135911435e+04
1.352099671897182634e+04
1.362776453776464950e+04
1.373522734773759294e+04
1.384338514889065664e+04
1.395223794122383333e+04
1.406178572473713211e+04
