1.990000000000000000e+04
1.941511739711153132e+04
1.893866028357269897e+04
1.847062865938350296e+04
1.801102252454394693e+04
1.755984187905402359e+04
1.711708672291374023e+04
1.668275705612309685e+04
1.625685287868208616e+04
1.583937419059071544e+04
1.543032099184897743e+04
1.502969328245687939e+04
1.463749106241441768e+04
1.425371433172159595e+04
1.387836309037840874e+04
1.351143733838485787e+04
1.315293707574094879e+04
1.280286230244667240e+04
1.246121301850203236e+04
1.212798922390703228e+04
1.180319091866166855e+04
1.148681810276594297e+04
1.117887077621985372e+04
1.087934893902339900e+04
1.058825259117658425e+04
1.030558173267940765e+04
1.003133636353186557e+04
9.765516483733961650e+03
9.508122093285695883e+03
9.259153192187064633e+03
9.018609780438071539e+03
8.786491858038716600e+03
8.562799424988997998e+03
8.347532481288917552e+03
8.140691026938474351e+03
7.942275061937665669e+03
7.752284586286496051e+03
7.570719599984962770e+03
7.397580103033067644e+03
7.232866095430808855e+03
7.076577577178187312e+03
6.928714548275203924e+03
6.789277008721856873e+03
6.658264958518147068e+03
6.535678397664073600e+03
6.421517326159637378e+03
6.315781744004839311e+03
6.218471651199677581e+03
6.129587047744153097e+03
6.049127933638265858e+03
5.977094308882015866e+03
5.913486173475403120e+03
5.858303527418426711e+03
5.811546370711086638e+03
5.773214703353385630e+03
5.743308525345321868e+03
5.721827836686894443e+03
5.708772637378103354e+03
5.704142927418950421e+03
5.707938706809434734e+03
5.720159975549555384e+03
5.740806733639313279e+03
5.769878981078709330e+03
5.807376717867741718e+03
5.853299944006411351e+03
5.907648659494718231e+03
5.970422864332661447e+03
6.041622558520241910e+03
6.121247742057460528e+03
6.209298414944315482e+03
6.305774577180808592e+03
6.410676228766937129e+03
6.524003369702704731e+03
6.645755999988107760e+03
6.775934119623148035e+03
6.914537728607827376e+03
7.061566826942141233e+03
7.217021414626093247e+03
7.380901491659684325e+03
7.553207058042909011e+03
7.733938113775772763e+03
7.923094658858272851e+03
8.120676693290412004e+03
8.326684217072186584e+03
8.541117230203599320e+03
8.763975732684648392e+03
8.995259724515333801e+03
9.234969205695659184e+03
9.483104176225619085e+03
9.739664636105215322e+03
1.000465058533444972e+04
1.027806202391332226e+04
1.055989895184183297e+04
1.085016136911998001e+04
1.114884927574776157e+04
1.145596267172517946e+04
1.177150155705223733e+04
1.209546593172893336e+04
1.242785579575526572e+04
1.276867114913123442e+04
1.311791199185683763e+04
1.347557832393208264e+04
1.384167014535696217e+04
1.421618745613148167e+04
1.459913025625563932e+04
1.499049854572942240e+04
1.539029232455285455e+04
1.579851159272592122e+04
1.621515635024862786e+04
1.664022659712096720e+04
1.707372233334294651e+04
1.751564355891455489e+04
1.796599027383580687e+04
1.842476247810669884e+04
1.889196017172722350e+04
1.936758335469738813e+04
1.985163202701718183e+04
2.034410618868662277e+04
2.084500583970570005e+04
2.135433098007441004e+04
2.187208160979276363e+04
2.239825772886073901e+04
2.293285933727835800e+04
2.347588643504562788e+04
2.402733902216252682e+04
2.458721709862906209e+04
2.515552066444521915e+04
2.573224971961103438e+04
2.631740426412648594e+04
2.691098429799156293e+04
2.751298982120629080e+04
2.812342083377063318e+04
2.874227733568463009e+04
2.936955932694826697e+04
3.000526680756153291e+04
3.064939977752444611e+04
3.130195823683697745e+04
3.196294218549915968e+04
3.263235162351097824e+04
3.331018655087243678e+04
3.399644696758352802e+04
3.469113287364424468e+04
3.539424426905461587e+04
3.610578115381461976e+04
3.682574352792426362e+04
3.755413139138353290e+04
3.829094474419244216e+04
3.903618358635099139e+04
3.978984791785918060e+04
4.055193773871700978e+04
4.132245304892447894e+04
4.210139384848158807e+04
4.288876013738830807e+04
4.368455191564467532e+04
4.448876918325069710e+04
4.530141194020634430e+04
4.612248018651163875e+04
4.695197392216653679e+04
4.778989314717111120e+04
4.863623786152531102e+04
4.949100806522913626e+04
5.035420375828261604e+04
5.122582494068570668e+04
5.210587161243846640e+04
5.299434377354084427e+04
5.389124142399286939e+04
5.479656456379452720e+04
5.571031319294581044e+04
5.663248731144673366e+04
5.756308691929731140e+04
5.850211201649752184e+04
5.944956260304736497e+04
6.040543867894682626e+04
6.136974024419594207e+04
6.234246729879470513e+04
6.332361984274309361e+04
6.431319787604112935e+04
6.531120139868877595e+04
6.631763041068607708e+04
6.733248491203303274e+04
6.835576490272961382e+04
6.938747038277582033e+04
7.042760135217165225e+04
7.147615781091715326e+04
7.253313975901227968e+04
7.359854719645704608e+04
7.467238012325143791e+04
7.575463853939546971e+04
7.684532244488914148e+04
7.794443183973246778e+04
7.905196672392540495e+04
8.016792709746801120e+04
8.129231296036019921e+04
8.242512431260207086e+04
8.356636115419356793e+04
8.471602348513470497e+04
8.587411130542546744e+04
8.704062461506588443e+04
8.821556341405591229e+04
8.939892770239559468e+04
