-3.204808676508150156e-01 -4.321057319288795218e-01
-4.771328515096746603e-01 -2.468063061148553783e-01
6.601547491310449933e-02 -8.546013715252498812e-04
-1.489874002066535197e-01 6.159948744057864856e-01
-4.518117729624906431e-01 3.240093686662824379e-01
-4.994346240661781122e-01 -1.205724496532755291e-01
4.494125547062036152e-01 6.076500839311866908e-01
6.056726124796053545e-01 -2.469068449827700462e-01
3.437155315603108996e-02 3.043740184001582083e-01
1.541611235526263446e-01 -4.867685872872962727e-01
7.013306005292252454e-02 -3.867511966303249227e-01
5.805407422766309944e-01 3.900273704996419788e-01
1.839366998519456342e-01 -4.892605299864878909e-01
5.524134516936947126e-01 -2.081833907522447624e-01
4.077646461267675493e-01 -4.571936341582797381e-01
-6.265308584966460259e-01 -2.777298324195330848e-01
-5.731702758865656611e-01 -3.165703359866442468e-01
-5.768970495985591418e-01 4.867564224152483299e-02
-2.968856039748879461e-01 5.376421879720579833e-01
4.440392401025552993e-01 -2.077488758486203402e-01
3.470827262008013836e-01 -5.024672926209108326e-01
4.133482298993258926e-03 -2.787780540383124617e-01
1.702919632144496154e-01 -7.538202673942011600e-01
6.355452149523868055e-01 -1.058699000667181894e-01
-4.900151023226144154e-01 -5.501959846895091433e-01
1.348881676016049636e-01 1.065440538016768773e-01
-5.564780921008504189e-01 -3.309604532114902853e-02
-5.743169538872676672e-01 7.896432814439260928e-03
5.748863930735154115e-02 -6.583901308107138473e-01
-4.006826081263252237e-01 4.172496292029669873e-01
-4.694203297128052843e-01 -3.289534969130145092e-01
3.268871953795901564e-01 -4.441443191743140728e-01
2.843027103114314363e-02 3.226820060960815945e-02
1.123150422742119903e-01 5.405877196611149627e-01
-6.041371963162079500e-02 3.450631413587881835e-01
7.571991106845576969e-02 4.916078713233478781e-01
5.913622600938286400e-01 1.748828758157787433e-01
-4.893699672650012600e-01 -1.557599479718363156e-01
7.785978766878579559e-03 1.124849119227355476e-01
5.189816397030067030e-01 -2.546496131784602990e-01
4.958600741239302945e-01 3.796547815123188507e-01
-4.558704930631130026e-01 2.870075894483890555e-01
-3.793950764913280316e-01 -4.016530514442739896e-01
5.797044528964729881e-01 5.139370285773774832e-02
-5.193005011651750102e-01 -4.585288376715864755e-01
-6.311862252327850031e-01 -4.297636522157664563e-01
4.944146021809081026e-01 2.367048607473134711e-02
-2.131361345260485429e-01 5.988740214225046765e-01
4.823365812976397327e-01 2.420067740145124269e-01
-4.607220991202475302e-01 2.380085660018023963e-01
4.559422128873488744e-02 2.325883028864923485e-01
4.676269127192438368e-01 -1.140297637555890697e-01
-2.797900879400622154e-01 6.055694734738545915e-01
-5.243757475398393986e-01 6.970098601113601522e-02
5.753804702691734940e-01 1.885320209794773619e-02
-6.275672018030087340e-02 3.308426434650001968e-01
-6.315939270308307263e-01 -3.381961693254110224e-01
-1.924302205650036124e-01 -1.055411745258459932e-01
-4.835785865679887441e-01 -5.908988111465270782e-02
5.525544126035381032e-01 -4.343429639240973805e-01
-4.836915168962263589e-01 -9.963771531444956531e-02
-5.664564541860537261e-01 -2.490487863541580582e-01
-2.552199649869434928e-01 5.739005279548651250e-01
-4.823053504911539724e-01 7.873617868679481935e-02
5.877461590181897594e-02 4.670484300469692207e-01
-5.876351122142922656e-03 -2.197096160810347032e-01
6.406256019474999563e-01 1.085219442383974497e-01
4.931970462201457073e-01 8.279125846251034204e-02
-5.405248117400119658e-03 6.730824720762883517e-01
3.122873723963791037e-01 -5.677295431838276230e-01
4.591519550907836589e-01 -1.595401530434724380e-01
4.700906993517945387e-01 -3.133802184677274560e-01
-6.921949108036474785e-01 6.518150029611487206e-02
-1.709014964381641022e-01 5.455259797855577242e-01
1.787329028585389057e-01 -4.944753276135720466e-01
-7.346432671820053717e-02 5.674957820887224225e-01
-6.412562692195900027e-01 -2.956388524456840181e-02
-1.214641126311702879e-03 -1.831750063173741283e-01
3.748860531698058884e-01 -5.323152988630365234e-01
7.174390444429505631e-02 -6.565825187794900597e-02
-7.134976002994773692e-02 4.351613131122469835e-01
5.435822065568965966e-01 5.106484614787198950e-01
4.388894979076263247e-01 -2.363894406334750287e-01
-6.166858068126928050e-01 4.433141464293510747e-01
4.478982679912475451e-01 -4.509560935812357840e-01
-2.660366070009834161e-02 4.994941909510677291e-01
5.221918846524310487e-01 1.267466135295418073e-01
-2.717012395181119810e-01 5.537375284648804463e-01
-7.048365296071773881e-03 -1.418896157751160271e-02
-1.221162094298458012e-01 5.087182448072006258e-01
-5.101425102114602872e-01 -3.613621624931055987e-01
6.104630311119172426e-01 4.134188469201193622e-02
-5.130666745763311498e-01 4.279170296059471856e-01
-4.625445124305375966e-02 -3.899594420963856667e-01
-1.096676630989469325e-01 -2.371866181549150965e-01
4.277625665176860992e-02 -7.298828808339616891e-01
6.813559421819019857e-01 4.098906491180141498e-01
-4.301100978736802638e-01 -3.038827406044186108e-01
-4.885357101320355055e-01 -1.456103705961881156e-01
-6.243467527557545749e-01 -1.544962583680388191e-01
5.110754162697551672e-01 -3.652122140793648830e-01
-3.367460593589872708e-01 5.290120410407186391e-01
9.676153406263171552e-02 -3.688304507423105227e-01
4.674021754754846270e-01 -1.410574506874041067e-01
-7.429477090251457305e-02 -1.534147109315959767e-01
1.498642086052369947e-02 -2.305986713681804356e-01
-5.869131459366180303e-01 1.881390799804542324e-01
2.895460099780212682e-01 -4.568844966636939620e-01
4.340662676353088112e-01 4.803282977489957695e-01
3.947473676185051517e-01 -3.389534415767490594e-01
3.337729436134972416e-01 4.838080932743358265e-01
7.959725232224032498e-02 -4.252628861527075754e-01
3.870998630663411988e-01 5.016148442667944796e-01
-1.913865963625654976e-02 -3.068620959177814078e-01
-5.159995856720012153e-01 2.603877117320927970e-01
5.746720276874945910e-01 4.719627035808051096e-01
5.965419954482302778e-01 -7.298087578131050301e-02
6.803656300560689818e-02 -2.948397059088205263e-01
-2.227955421577137302e-02 -3.190132739188770161e-01
2.490285784620080434e-01 -4.854089901057935252e-01
-4.876399469530787179e-01 -4.793834618154647897e-02
4.459733400772186163e-01 6.060775053198090845e-01
-4.102960195526011294e-03 2.618454326857690417e-01
-1.017496568893781345e-01 1.307956454086507958e-01
6.691832915358632006e-01 3.046930287258368120e-01
-5.172708341647752617e-01 -3.036808778133162079e-01
4.638090748669728147e-01 5.089843471436608091e-01
4.428055992157464149e-01 4.173392762485534369e-01
-5.499431369538052561e-01 1.542074185896957772e-01
9.227562159559900279e-02 3.148405672571700231e-01
1.382895997233681874e-02 6.969731311203648527e-01
5.198073047586753148e-01 2.122535231824591861e-01
-3.597842560312575211e-01 -4.123421295678763032e-01
-7.151175645017633364e-01 1.821652636152703009e-01
-2.376982320530166698e-02 4.052669471681092928e-01
4.781142367060682574e-02 -2.227161293215245419e-01
3.602803081864192625e-01 -3.884808276519368109e-01
-3.892527993276840292e-01 -4.557567084469991703e-01
-6.015852454664228494e-02 2.421131014417279848e-01
4.840568138047894875e-01 2.317719161683607643e-01
-1.034951314380471582e-01 4.802395643460713459e-01
-3.053233136468915809e-01 -4.741600749503270262e-01
4.720660043296480146e-01 -1.149904990632282797e-01
3.810756226334733876e-01 4.881082631265237226e-01
4.922516016723837984e-01 -1.012568535588398155e-01
3.765962886330119219e-01 -3.441869099402166676e-01
5.203661716517379299e-01 -5.078078472147610212e-01
-4.888393766286172060e-01 7.083545025415545482e-02
4.926594281874357439e-01 2.900308081121922288e-01
4.929894953697098181e-01 1.387649322995448409e-01
-6.228173390347431504e-02 4.894957964464524136e-01
-5.418976203938145192e-02 6.271095811083643445e-01
-4.520996021557373012e-01 2.524243436081960446e-01
3.138262947934730707e-01 -4.329869815780563180e-01
5.454002221946144952e-02 2.802572520802802392e-01
-3.496007342001503648e-01 4.914101124094981121e-01
2.562903033837704223e-02 -1.656713221063769170e-01
-5.535705502998984340e-01 -4.966776436043474074e-01
-5.064620741435097925e-03 -3.771591118372367157e-01
4.474527083558010321e-01 -5.944536127392785474e-01
-5.962497080998295507e-02 3.550798198646194503e-01
-9.072837609450250251e-02 4.630170534000699889e-01
-1.400864276441061984e-01 -4.205451064022058816e-01
7.111440870403777648e-02 -4.296782604816135054e-01
-2.159716711119441246e-01 6.844066634663374948e-01
3.969685668395721567e-01 -3.343529857134954764e-01
-2.234412415334112167e-01 6.672572787646291470e-01
1.768233148261271759e-01 -5.373345039313254246e-01
-3.386129377343924385e-01 5.652960982306272086e-01
-4.354031413870179112e-01 3.028362687882613646e-01
2.386420122869430394e-01 -5.666592609242899758e-01
-5.900133023776493735e-01 4.066288089768355096e-01
-1.839778165950528566e-01 -5.575991699902113630e-02
4.967438712857376593e-01 -3.748211342980372063e-01
-4.308210113361504168e-01 4.854403415841821445e-01
6.144608184130101458e-01 5.275400375367026440e-01
-3.911353590239384226e-01 6.934754036497673413e-01
1.457284055939300493e-01 -5.152645661149806156e-01
4.643037118684752163e-02 -6.960937704425745887e-01
-5.098648401934385843e-01 1.457363729475001646e-01
-5.359471640900238532e-01 -1.843397649032478824e-01
1.590888853185953855e-01 -7.248225643218058067e-01
-6.019860424307543756e-01 -2.046980428163333865e-01
-4.425912709600367777e-03 2.094665625890707317e-01
4.644642980864190918e-01 -1.862834136472820701e-01
4.008323082886542377e-01 4.268503090594975014e-01
-4.600619925918070230e-01 -2.252730892367988957e-01
-5.354838208306655911e-01 -4.572399547110477247e-01
3.997563063750796952e-01 -6.014886296033475910e-01
-7.112629010722330003e-01 -8.310304645404743840e-02
-6.160345591638618501e-01 -1.286524406181848990e-01
2.375499145140376467e-01 -5.227171190912520693e-01
5.882114755815591733e-01 -2.103445711466758183e-01
-4.008321417395673270e-01 -3.644563232119053531e-01
6.224006876735164173e-01 3.380075101612956545e-01
4.216371011801539614e-02 -3.057742865315726810e-01
-2.291088940544833141e-01 7.394487916770612346e-01
1.245964435897987110e-01 -1.069509166581955051e-01
-5.172945068711516381e-01 2.219601622558038390e-01
4.904372268707212768e-01 1.790239320853057592e-01
