2.165902614223963463e-01 1.351505913120208957e-01
8.901266319945148053e-01 2.289905833171789196e-01
9.641541775904121092e-01 2.061901747176853039e-02
7.099644609368072068e-03 5.264799842277276820e-01
7.391698857504644948e-01 3.515578966196016841e-01
5.668226741264215107e-02 4.765575568978027698e-01
2.292399701428315950e-01 8.051870370050409065e-01
5.191290007985727151e-01 2.040177340462184796e-01
8.375465637520008721e-01 9.685402428712319711e-02
8.763293680650385831e-02 4.296156641068483717e-01
8.729758063259251966e-02 7.122833770539587217e-01
5.277558947866796135e-01 1.037803822470528825e-01
8.924474294444071365e-01 8.870300709476061085e-01
4.437953233888889404e-01 6.793834135944932795e-01
9.380594379831773688e-01 3.349535507750260876e-01
2.351025469563331471e-01 3.882184149324685585e-01
9.303257129843478523e-01 7.507068322210561639e-01
1.474532870850722155e-01 8.085591128527328530e-01
7.779089454531289416e-01 1.344997439135875439e-02
1.755399469746734553e-01 2.308168280800618755e-01
4.330571962846474499e-03 4.574684998610263342e-01
9.359593536958517035e-01 2.872485810231336645e-01
4.270906408817681799e-01 5.123159001414218094e-01
4.569727187363145093e-01 1.897184834557984479e-01
5.864491677126661973e-01 9.264152056811835179e-01
9.010688844045299239e-01 9.833359822398191064e-02
5.035216742839967452e-01 2.005873886563742658e-01
7.429552368944474239e-01 5.342610914129897193e-02
9.023230206877975723e-01 9.142013780432125536e-01
2.227800588929496062e-02 8.144659784152064042e-01
4.664094761814675527e-01 3.630400925629366782e-01
9.115675524474275981e-02 6.905419864573225652e-01
3.211159407793400256e-01 2.533345195043245068e-01
7.389274691205559575e-01 6.474301329804152960e-01
2.767404234199577484e-02 3.225665420157870500e-01
9.037022901667437491e-01 5.943147664438303002e-01
1.645880953546100534e-01 2.516492455543868356e-01
4.364653847527962816e-01 6.514275164109271099e-01
8.355347982204732737e-01 7.734583739935775304e-01
3.699993393789348106e-01 5.802434784885911467e-01
3.936034314054620564e-01 2.731770808740316969e-01
3.313906984276872025e-01 4.433734598532281801e-01
4.025465878375512618e-01 9.866327382114754574e-01
1.963874786797122907e-01 3.409718983261494918e-01
1.265883997900774105e-01 9.724687126180908692e-02
4.273960108816037273e-01 9.969658149484410536e-01
4.893217468383201929e-01 6.768622058721547319e-01
7.541104064758373804e-01 9.474661683305679594e-01
6.050633840168628819e-02 7.966337954203842608e-01
1.039988218873412196e-01 9.368510241250070925e-01
2.604936763818144208e-01 4.826333144177795687e-01
6.478046982976505275e-01 7.294466185341015318e-01
3.961465397965898694e-01 1.295051009307746082e-01
6.831935366864627657e-01 7.299030218553842486e-01
7.610584848030975680e-01 6.662480554778877906e-01
6.966597203877602507e-01 2.504989857916140039e-01
8.142282016172662784e-01 5.402030830249059390e-01
7.590728946007222477e-01 4.451176692929078582e-01
4.136641080620961919e-02 4.125723930712160703e-01
8.254726745461198334e-01 2.653606427958412617e-01
5.546902615438463746e-01 6.962013868120362492e-01
4.284558522564794192e-01 7.218052007515208812e-01
5.326772203914524884e-01 1.187927570287522494e-01
7.626670820499718007e-01 3.297699154202277105e-01
6.453855255783454981e-01 6.633730895874330180e-01
4.530435549287146202e-01 7.469490633078369468e-01
9.348194998904246766e-02 3.212970480508536841e-02
2.842684845866912946e-01 9.428226581197173273e-01
1.293925084298700456e-01 8.852921056978267922e-01
6.735100337235865320e-01 6.765735588848448279e-01
2.686447889524330446e-01 2.043485606550646816e-01
7.353053583789148639e-02 4.125039838184718644e-01
7.550663870629986674e-01 8.483169622633508489e-01
3.090362583707608746e-01 3.106996211072835523e-01
9.071732787951557464e-01 1.520683529926711852e-01
9.372341835308014568e-01 6.019051914743854814e-01
8.415573890816958613e-01 7.952470699482999672e-01
7.526199312460568613e-01 2.198161413311403578e-01
7.696048783315720954e-01 1.274526443660172204e-01
8.502775826871395992e-01 2.501196595158188263e-01
7.699333985609291275e-01 8.870641063513594604e-01
3.424896310606928562e-02 2.968671281258089545e-01
5.521900546146127908e-01 5.971203091499676097e-01
6.825944844885508678e-01 4.726957473578418112e-01
8.784685234946026933e-01 8.444833879807989163e-03
6.177048972416854244e-01 5.361667698783882940e-01
4.714357597519379661e-01 5.700540106371398963e-02
2.048862369278761086e-01 5.626657078007509805e-01
9.087767206085051175e-01 5.831866967495140663e-01
4.144623025546519957e-01 1.907193566738250023e-01
5.664122041652676076e-01 8.657954251280640667e-01
4.073211241969498797e-02 1.984760093917439239e-01
7.252299882896195982e-02 5.592548817501469260e-01
7.689964131016715498e-01 4.655536763746489504e-01
3.124057435580330777e-01 7.386953983887845077e-01
8.372080170301889890e-01 5.258719403409173321e-01
8.846113623630260658e-01 2.719429017923538083e-01
7.745229260486374834e-01 4.509207956518017646e-01
6.523677137888409527e-01 2.950470285653522540e-01
2.982791453341556709e-01 5.526989651816027749e-02
1.055303684641528683e-02 7.290111295952356185e-01
7.316506563579766587e-01 8.125150736952818642e-01
8.117482169438761108e-01 6.869763360964306065e-01
6.268945509617573908e-02 8.816843075564099186e-01
3.379572103529704385e-01 8.786407369935078648e-03
9.147530081269806823e-01 6.649753517141374637e-01
5.788779762928283334e-01 9.680262614218372308e-01
7.853088667767228470e-01 9.572769124350394288e-01
6.456181799265662269e-01 1.474105342101124094e-01
8.453876876135649754e-01 3.557833045841372055e-01
7.666271182642010462e-01 8.552460731887998602e-01
3.235500852701707064e-01 1.217551098945610644e-01
2.523737538359284160e-01 4.174857601394161843e-01
7.899843022331264342e-01 9.747176210223110759e-01
1.607361954394195269e-01 4.898791032300501280e-01
9.484443600205599845e-01 8.570368335377934743e-01
2.893165088897970971e-01 9.996988307488352543e-02
1.436745811143446128e-01 5.058888182829370805e-01
6.777770356587795586e-01 8.327761572762814035e-01
5.219331539270052334e-01 6.027644076197231637e-01
5.083891024496687283e-01 1.779402163850405394e-01
7.200521755686211112e-01 3.855014374148479916e-02
8.744313385557476170e-01 9.380019385088771422e-01
6.373389709187089469e-01 7.687803722098515147e-01
2.721995385449571536e-02 1.893717746674933311e-01
3.027509011987206122e-01 7.790307144611303691e-01
1.783512660034627384e-01 3.270907852080527922e-01
9.103822822817588811e-01 1.757070675150451677e-01
1.940599401794824708e-01 9.555301969659482086e-01
1.448442607966147211e-01 4.968727368843325332e-01
4.181612181230376368e-01 4.263780254167697237e-01
1.009808580707683978e-01 6.585957230788186401e-02
7.293058006509194335e-01 1.815669204650460777e-01
9.449076365538109368e-01 4.587983707286285018e-01
2.176125484785390585e-01 2.312738866956493000e-01
4.550445351672354199e-01 2.724909356096292257e-01
3.627337690904404166e-01 5.129351093124137062e-01
5.035973381160063767e-02 4.200891426893647029e-01
4.936527648950592706e-01 8.437122419997845624e-01
8.486044187189033527e-01 4.524369433899786408e-01
6.422024221654279996e-01 1.897866907727256969e-01
2.031021267026557053e-01 4.769014751873713598e-01
2.938672491554253918e-01 1.858685672653070942e-01
5.884576469806479526e-02 2.535085873770157594e-01
5.238585515204408072e-01 6.960278148531289233e-01
2.239604946728226409e-01 8.139821352276822575e-01
5.947874141433914241e-01 5.932408942234411731e-01
1.913702099481678909e-01 6.138893058335940234e-01
3.524712847891409151e-02 7.109530477675792826e-01
4.497412605518947837e-01 6.410438003598233347e-01
5.797233563533571443e-01 6.905190689762810141e-01
1.547043584923369908e-01 9.767240643082627516e-01
3.205304455330192370e-01 7.846075807034326166e-01
7.278332542301844121e-01 4.321626622312428889e-01
9.608647250675116380e-01 5.866116836520056665e-01
4.686447765667022258e-01 4.946506401232941830e-01
8.793709822984546731e-01 5.852326881001818082e-01
4.950866479069901960e-01 7.212364345326136572e-01
7.012294230188146349e-01 9.919737257504238626e-01
8.425670868416912374e-01 8.503623531719628481e-03
4.567042364891579220e-01 6.156987099236966854e-01
6.582958254218120864e-01 3.496969152700765138e-01
3.124764289416545049e-01 4.936683789633723451e-01
3.911125881813808380e-01 7.031375776127486432e-01
8.193500296565169316e-01 7.097096506534941174e-01
8.010795406204669344e-01 9.552008004159865395e-01
7.619077236622687765e-01 6.096659983528940341e-01
5.208297366034169151e-01 6.158064999800968442e-01
1.747107822172839775e-01 7.049340192291878582e-01
2.874815685963595380e-01 1.992297753289973272e-01
9.041501246316190343e-01 6.285915810978672802e-01
1.798727191051511243e-01 8.519990685473647352e-01
9.523489831569861286e-01 6.087750707067909328e-01
8.285621030461207681e-01 8.351670650712453847e-01
9.741030543691280297e-01 3.283579812713045554e-01
1.153959946912903600e-01 6.625734141234232988e-01
4.154254680869960970e-01 8.434439485940641301e-01
6.198537232846001999e-02 9.703816185416667128e-01
4.548454305188346369e-01 2.454681631204521652e-01
3.697335772028259582e-01 3.440452583569028056e-01
3.934999602534372531e-02 7.013916482904819505e-01
3.186441908249441068e-01 8.911046144970535821e-01
5.557128164196023512e-01 2.936213382306431807e-01
1.423711106903688961e-01 2.656351959440137467e-01
2.269624155449845304e-02 9.825001916503071087e-01
9.351513493398547761e-01 9.043908558399522679e-01
7.755401848587241131e-01 5.270941883180999543e-01
8.367050604881111076e-01 7.807027173777393303e-01
9.728651764356518461e-01 3.933122626268581445e-02
4.012684966688284671e-02 3.931709609360474200e-01
2.223723375658324120e-01 8.023337817797308036e-01
1.757297172118772455e-01 1.789018201894848614e-01
5.785439371659273355e-02 6.664842768149733532e-01
9.835512533450033734e-01 1.293079766576838985e-01
5.492494787222577113e-01 6.945217798315223012e-01
9.976731009084799373e-01 1.550862298169607412e-01
4.170060095707153192e-01 4.239777220315501527e-01
6.728675713432603622e-01 7.242992375105603564e-01
2.358598589363197773e-01 2.427365674354108327e-01
7.462130835534870332e-01 9.413769687184270207e-01
