9.950000000000000000e+03
9.530272461919706984e+03
9.151670335320086451e+03
8.814193620201134763e+03
8.517842316562855558e+03
8.262616424405250655e+03
8.048515943728314596e+03
7.875540874532051021e+03
7.743691216816459018e+03
7.652966970581537680e+03
7.603368135827289734e+03
7.594894712553712452e+03
7.627546700760807653e+03
7.701324100448573517e+03
7.816226911617011865e+03
7.972255134266120876e+03
8.169408768395902371e+03
8.407687814006356348e+03
8.687092271097480989e+03
9.007622139669276294e+03
9.369277419721744081e+03
9.772058111254886171e+03
1.021596421426869347e+04
1.070099572876317688e+04
1.122715265473833279e+04
1.179443499219416117e+04
1.240284274113065840e+04
1.305237590154782447e+04
1.374303447344566666e+04
1.447481845682417952e+04
1.524772785168336122e+04
1.606176265802321723e+04
1.691692287584374571e+04
1.781320850514494668e+04
1.875061954592682014e+04
1.972915599818935880e+04
2.074881786193257358e+04
2.180960513715646448e+04
2.291151782386100967e+04
2.405455592204624554e+04
2.523871943171214662e+04
2.646400835285872381e+04
2.773042268548596621e+04
2.903796242959387746e+04
3.038662758518246847e+04
3.177641815225173195e+04
3.320733413080165337e+04
3.467937552083225455e+04
3.619254232234353549e+04
3.774683453533548163e+04
3.934225215980809298e+04
4.097879519576138409e+04
4.265646364319535496e+04
4.437525750210998376e+04
4.613517677250527777e+04
4.793622145438125881e+04
4.977839154773790506e+04
5.166168705257520924e+04
5.358610796889321500e+04
5.555165429669187142e+04
5.755832603597120033e+04
5.960612318673120899e+04
6.169504574897188286e+04
6.382509372269324376e+04
6.599626710789525532e+04
6.820856590457793209e+04
7.046199011274133227e+04
7.275653973238535400e+04
7.509221476351007004e+04
7.746901520611543674e+04
7.988694106020146864e+04
8.234599232576822396e+04
8.484616900281560083e+04
8.738747109134365746e+04
8.996989859135242295e+04
9.259345150284181000e+04
9.525812982581187680e+04
9.796393356026265246e+04
1.007108627061940642e+05
1.034989172636061849e+05
1.063280972324989270e+05
1.091984026128723490e+05
1.121098334047264798e+05
1.150623896080612612e+05
1.180560712228767225e+05
1.210908782491728198e+05
1.241668106869496114e+05
1.272838685362070973e+05
1.304420517969452194e+05
1.336413604691640357e+05
1.368817945528635464e+05
1.401633540480436641e+05
1.434860389547045052e+05
1.468498492728460114e+05
1.502547850024681829e+05
1.537008461435710196e+05
1.571880326961545506e+05
1.607163446602186887e+05
1.642857820357635792e+05
1.678963448227891058e+05
1.715480330212953268e+05
1.752408466312821256e+05
1.789747856527497061e+05
1.827498500856979517e+05
1.865660399301268626e+05
1.904233551860363805e+05
1.943217958534266218e+05
1.982613619322975283e+05
2.022420534226490709e+05
2.062638703244813369e+05
2.103268126377942972e+05
2.144308803625878063e+05
2.185760734988620970e+05
2.227623920466170239e+05
2.269898360058525868e+05
2.312584053765689023e+05
2.355681001587658538e+05
2.399189203524433833e+05
2.443108659576017235e+05
2.487439369742407289e+05
2.532181334023602540e+05
2.577334552419606480e+05
2.622899024930415908e+05
2.668874751556033152e+05
2.715261732296455302e+05
2.762059967151685851e+05
2.809269456121723051e+05
2.856890199206565158e+05
2.904922196406215662e+05
2.953365447720672237e+05
3.002219953149935463e+05
3.051485712694005924e+05
3.101162726352883037e+05
3.151250994126566220e+05
3.201750516015057219e+05
3.252661292018354870e+05
3.303983322136458592e+05
3.355716606369367801e+05
3.407861144717085408e+05
3.460416937179609668e+05
3.513383983756939997e+05
3.566762284449078143e+05
3.620551839256022358e+05
3.674752648177772062e+05
3.729364711214329582e+05
3.784388028365695500e+05
3.839822599631864578e+05
3.895668425012843218e+05
3.951925504508627928e+05
4.008593838119217544e+05
4.065673425844615558e+05
4.123164267684820807e+05
4.181066363639831543e+05
4.239379713709648931e+05
4.298104317894274718e+05
4.357240176193705993e+05
4.416787288607943919e+05
4.476745655136989080e+05
4.537115275780840893e+05
4.597896150539498194e+05
4.659088279412963893e+05
4.720691662401236244e+05
4.782706299504314084e+05
4.845132190722199157e+05
4.907969336054892046e+05
4.971217735502389260e+05
5.034877389064694871e+05
5.098948296741807135e+05
5.163430458533726051e+05
5.228323874440451036e+05
5.293628544461983256e+05
5.359344468598322710e+05
5.425471646849466488e+05
5.492010079215420410e+05
5.558959765696179820e+05
5.626320706291744718e+05
5.694092901002117433e+05
5.762276349827295635e+05
5.830871052767281653e+05
5.899877009822074324e+05
5.969294220991674811e+05
6.039122686276079621e+05
6.109362405675293412e+05
6.180013379189312691e+05
6.251075606818137458e+05
6.322549088561770041e+05
6.394433824420210440e+05
6.466729814393457491e+05
6.539437058481510030e+05
6.612555556684369221e+05
6.686085309002037393e+05
6.760026315434509888e+05
6.834378575981790200e+05
6.909142090643877164e+05
6.984316859420768451e+05
7.059902882312469883e+05
7.135900159318977967e+05
7.212308690440289211e+05
7.289128475676409435e+05
7.366359515027336311e+05
7.444001808493072167e+05
7.522055356073610019e+05
7.600520157768955687e+05
7.679396213579112664e+05
7.758683523504072800e+05
7.838382087543837260e+05
7.918491905698413029e+05
7.999012977967794286e+05
8.079945304351983359e+05
8.161288884850976756e+05
8.243043719464775641e+05
8.325209808193384670e+05
8.407787151036798023e+05
8.490775747995020356e+05
8.574175599068049341e+05
8.657986704255882651e+05
8.742209063558520284e+05
8.826842676975969225e+05
8.911887544508224819e+05
8.997343666155285900e+05
9.083211041917155962e+05
9.169489671793829184e+05
9.256179555785309058e+05
9.343280693891600240e+05
9.430793086112693418e+05
9.518716732448592084e+05
9.607051632899304386e+05
9.695797787464817520e+05
9.784955196145134978e+05
9.874523858940269565e+05
9.964503775850203820e+05
1.005489494687494356e+06
1.014569737201449578e+06
1.023691105126884882e+06
1.032853598463801201e+06
1.042057217212198069e+06
1.051301961372075370e+06
1.060587830943433568e+06
1.069914825926272664e+06
1.079282946320592193e+06
1.088692192126392154e+06
1.098142563343673479e+06
1.107634059972434770e+06
1.117166682012677193e+06
1.126740429464400047e+06
1.136355302327603567e+06
1.146011300602287985e+06
1.155708424288453069e+06
1.165446673386098351e+06
1.175226047895224765e+06
1.185046547815831844e+06
1.194908173147919122e+06
1.204810923891487764e+06
1.214754800046536606e+06
1.224739801613065880e+06
1.234765928591076750e+06
1.244833180980567355e+06
1.254941558781538857e+06
1.265091061993991490e+06
1.275281690617924323e+06
1.285513444653337821e+06
1.295786324100232450e+06
1.306100328958607279e+06
1.316455459228463005e+06
1.326851714909799630e+06
1.337289096002616454e+06
1.347767602506913710e+06
1.358287234422692563e+06
1.368847991749951383e+06
1.379449874488690868e+06
1.390092882638911717e+06
1.400777016200612765e+06
1.411502275173794478e+06
1.422268659558456857e+06
1.433076169354599668e+06
1.443924804562223842e+06
1.454814565181328217e+06
1.465745451211913023e+06
1.476717462653979193e+06
1.487730599507525098e+06
1.498784861772552133e+06
1.509880249449060299e+06
1.521016762537048664e+06
1.532194401036517462e+06
1.543413164947467623e+06
1.554673054269897752e+06
1.565974069003808778e+06
1.577316209149200935e+06
1.588699474706073292e+06
1.600123865674426313e+06
1.611589382054260466e+06
1.623096023845574819e+06
1.634643791048369836e+06
1.646232683662645752e+06
1.657862701688402332e+06
1.669533845125639113e+06
1.681246113974357489e+06
1.692999508234555600e+06
1.704794027906234609e+06
1.716629672989394981e+06
1.728506443484035088e+06
1.740424339390156325e+06
1.752383360707758693e+06
1.764383507436840562e+06
1.776424779577403562e+06
1.788507177129447926e+06
1.800630700092972489e+06
1.812795348467977950e+06
1.825001122254463844e+06
1.837248021452430170e+06
1.849536046061877627e+06
1.861865196082805283e+06
1.874235471515213605e+06
1.886646872359103523e+06
1.899099398614473408e+06
1.911593050281323493e+06
1.924127827359655406e+06
1.936703729849467287e+06
1.949320757750759600e+06
1.961978911063533043e+06
1.974678189787786920e+06
1.987418593923521228e+06
2.000200123470736900e+06
2.013022778429432772e+06
2.025886558799609076e+06
2.038791464581266977e+06
2.051737495774404611e+06
2.064724652379023144e+06
2.077752934395122807e+06
2.090822341822702670e+06
2.103932874661763199e+06
2.117084532912304625e+06
2.130277316574326716e+06
2.143511225647829007e+06
2.156786260132812895e+06
2.170102420029276516e+06
2.183459705337221734e+06
2.196858116056647152e+06
2.210297652187552769e+06
2.223778313729939982e+06
2.237300100683806930e+06
2.250863013049155008e+06
2.264467050825984217e+06
2.278112214014293160e+06
2.291798502614083234e+06
2.305525916625354439e+06
2.319294456048105378e+06
2.333104120882337913e+06
2.346954911128050648e+06
2.360846826785244048e+06
2.374779867853917647e+06
2.388754034334072843e+06
2.402769326225708239e+06
2.416825743528824300e+06
2.430923286243421491e+06
2.445061954369498417e+06
2.459241747907056473e+06
2.473462666856095660e+06
2.487724711216614582e+06
2.502027880988614634e+06
2.516372176172096282e+06
2.530757596767057665e+06
2.545184142773499247e+06
2.559651814191422425e+06
2.574160611020825803e+06
2.588710533261709847e+06
2.603301580914075486e+06
2.617933753977920394e+06
2.632607052453246433e+06
2.647321476340053603e+06
2.662077025638340972e+06
2.676873700348109473e+06
2.691711500469358638e+06
2.706590426002088003e+06
2.721510476946298033e+06
2.736471653301988728e+06
2.751473955069160555e+06
2.766517382247813046e+06
2.781601934837945737e+06
2.796727612839559093e+06
2.811894416252654046e+06
2.827102345077228732e+06
2.842351399313284084e+06
2.857641578960820567e+06
2.872972884019837715e+06
2.888345314490335062e+06
2.903758870372313540e+06
2.919213551665772218e+06
2.934709358370712027e+06
2.950246290487132501e+06
2.965824348015032709e+06
2.981443530954414979e+06
2.997103839305277914e+06
3.012805273067620583e+06
3.028547832241443917e+06
3.044331516826748382e+06
3.060156326823533047e+06
3.076022262231798377e+06
3.091929323051544838e+06
3.107877509282771964e+06
3.123866820925480220e+06
3.139897257979668677e+06
3.155968820445336867e+06
3.172081508322486654e+06
3.188235321611116640e+06
3.204430260311229154e+06
3.220666324422820471e+06
3.236943513945892919e+06
3.253261828880445566e+06
3.269621269226478413e+06
3.286021834983992856e+06
3.302463526152989827e+06
3.318946342733465135e+06
3.335470284725421108e+06
3.352035352128857747e+06
3.368641544943775516e+06
3.385288863170174882e+06
3.401977306808053516e+06
3.418706875857413746e+06
3.435477570318254177e+06
3.452289390190574341e+06
3.469142335474375635e+06
3.486036406169659924e+06
3.502971602276422549e+06
3.519947923794666305e+06
3.536965370724390261e+06
3.554023943065595347e+06
3.571123640818280634e+06
3.588264463982449379e+06
3.605446412558095530e+06
3.622669486545222811e+06
3.639933685943831690e+06
3.657239010753920302e+06
3.674585460975490510e+06
3.691973036608541850e+06
3.709401737653072458e+06
3.726871564109084196e+06
3.744382515976576600e+06
3.761934593255549669e+06
3.779527795946002472e+06
3.797162124047939200e+06
3.814837577561354265e+06
3.832554156486249529e+06
3.850311860822625924e+06
3.868110690570482519e+06
3.885950645729820244e+06
3.903831726300639566e+06
3.921753932282939553e+06
3.939717263676718809e+06
3.957721720481979195e+06
3.975767302698720247e+06
3.993854010326943360e+06
4.011981843366646208e+06
4.030150801817829255e+06
4.048360885680492036e+06
4.066612094954636879e+06
4.084904429640261456e+06
4.103237889737369493e+06
4.121612475245956331e+06
4.140028186166022439e+06
4.158485022497570142e+06
4.176982984240598977e+06
4.195522071395108476e+06
4.214102283961098641e+06
4.232723621938569471e+06
4.251386085327520967e+06
4.270089674127953127e+06
4.288834388339865021e+06
4.307620227963258512e+06
4.326447192998133600e+06
4.345315283444487490e+06
4.364224499302322976e+06
4.383174840571638197e+06
4.402166307252435014e+06
4.421198899344712496e+06
4.440272616848471574e+06
4.459387459763709456e+06
4.478543428090428934e+06
4.497740521828629076e+06
4.516978740978309885e+06
4.536258085539471358e+06
4.555578555512113497e+06
4.574940150896236300e+06
4.594342871691838838e+06
4.613786717898923904e+06
4.633271689517487772e+06
4.652797786547534168e+06
4.672365008989060298e+06
4.691973356842067093e+06
4.711622830106554553e+06
4.731313428782522678e+06
4.751045152869970538e+06
4.770818002368900925e+06
4.790631977279311046e+06
4.810487077601201832e+06
4.830383303334573284e+06
4.850320654479425400e+06
4.870299131035758182e+06
4.890318733003572561e+06
4.910379460382866673e+06
4.930481313173640519e+06
4.950624291375895962e+06
4.970808394989632070e+06
4.991033624014848843e+06
5.011299978451547213e+06
5.031607458299726248e+06
5.051956063559384085e+06
5.072345794230524451e+06
5.092776650313144550e+06
5.113248631807245314e+06
5.133761738712826744e+06
5.154315971029889770e+06
5.174911328758431599e+06
5.195547811898455024e+06
5.216225420449959114e+06
5.236944154412945732e+06
5.257704013787411153e+06
5.278504998573357239e+06
5.299347108770783059e+06
5.320230344379690476e+06
5.341154705400077626e+06
5.362120191831950098e+06
5.383126803675298579e+06
5.404174540930128656e+06
5.425263403596438468e+06
5.446393391674229875e+06
5.467564505163502879e+06
5.488776744064257480e+06
5.510030108376489952e+06
5.531324598100204021e+06
5.552660213235398754e+06
5.574036953782074153e+06
5.595454819740230218e+06
5.616913811109868810e+06
5.638413927890986204e+06
5.659955170083584264e+06
5.681537537687662989e+06
5.703161030703222379e+06
5.724825649130262434e+06
5.746531392968785018e+06
5.768278262218786404e+06
5.790066256880268455e+06
5.811895376953231171e+06
5.833765622437675484e+06
5.855676993333600461e+06
5.877629489641006105e+06
5.899623111359890550e+06
5.921657858490256593e+06
5.943733731032103300e+06
5.965850728985431604e+06
5.988008852350241505e+06
6.010208101126530208e+06
6.032448475314298645e+06
6.054729974913550541e+06
6.077052599924280308e+06
6.099416350346490741e+06
6.121821226180186495e+06
6.144267227425358258e+06
6.166754354082011618e+06
6.189282606150146574e+06
6.211851983629760332e+06
6.234462486520855688e+06
6.257114114823435433e+06
6.279806868537490256e+06
6.302540747663028538e+06
6.325315752200047486e+06
6.348131882148546167e+06
6.370989137508525513e+06
6.393887518279988319e+06
6.416827024462928995e+06
6.439807656057350338e+06
6.462829413063252345e+06
6.485892295480635948e+06
6.508996303309498355e+06
6.532141436549845152e+06
6.555327695201669820e+06
6.578555079264975153e+06
6.601823588739761151e+06
6.625133223626028746e+06
6.648483983923777938e+06
6.671875869633005932e+06
6.695308880753715523e+06
6.718783017285903916e+06
6.742298279229575768e+06
6.765854666584726423e+06
6.789452179351359606e+06
6.813090817529471591e+06
6.836770581119064242e+06
6.860491470120139420e+06
6.884253484532693401e+06
6.908056624356727116e+06
6.931900889592246152e+06
6.955786280239241198e+06
6.979712796297719702e+06
7.003680437767677009e+06
7.027689204649114050e+06
7.051739096942033619e+06
7.075830114646435715e+06
7.099962257762315683e+06
7.124135526289677247e+06
7.148349920228518546e+06
7.172605439578841440e+06
7.196902084340643138e+06
7.221239854513930157e+06
7.245618750098693185e+06
7.270038771094938740e+06
7.294499917502664961e+06
7.319002189321869984e+06
7.343545586552558467e+06
7.368130109194727615e+06
7.392755757248376496e+06
7.417422530713506043e+06
7.442130429590115324e+06
7.466879453878205270e+06
7.491669603577779606e+06
7.516500878688830882e+06
7.541373279211361893e+06
7.566286805145375431e+06
7.591241456490869634e+06
7.616237233247843571e+06
7.641274135416300967e+06
7.666352162996236235e+06
7.691471315987654030e+06
7.716631594390550628e+06
7.741832998204927891e+06
7.767075527430787683e+06
7.792359182068127207e+06
7.817683962116947398e+06
7.843049867577247322e+06
7.868456898449029773e+06
7.893905054732290097e+06
7.919394336427032948e+06
7.944924743533258326e+06
7.970496276050962508e+06
7.996108933980146423e+06
8.021762717320811935e+06
8.047457626072957180e+06
8.073193660236584954e+06
8.098970819811693393e+06
8.124789104798281565e+06
8.150648515196351334e+06
8.176549051005899906e+06
8.202490712226929143e+06
8.228473498859440908e+06
8.254497410903433338e+06
8.280562448358904570e+06
8.306668611225858331e+06
8.332815899504289962e+06
8.359004313194205053e+06
8.385233852295601740e+06
8.411504516808478162e+06
8.437816306732831523e+06
8.464169222068667412e+06
8.490563262815985829e+06
8.516998428974783048e+06
8.543474720545064658e+06
8.569992137526825070e+06
8.596550679920064285e+06
8.623150347724784166e+06
8.649791140940986574e+06
8.676473059568669647e+06
8.703196103607833385e+06
8.729960273058475927e+06
8.756765567920599133e+06
8.783611988194204867e+06
8.810499533879289404e+06
8.837428204975854605e+06
8.864398001483904198e+06
8.891408923403432593e+06
8.918460970734439790e+06
8.945554143476929516e+06
8.972688441630898044e+06
8.999863865196350962e+06
9.027080414173282683e+06
9.054338088561693206e+06
9.081636888361584395e+06
9.108976813572954386e+06
9.136357864195808768e+06
9.163780040230147541e+06
9.191243341675961390e+06
9.218747768533255905e+06
9.246293320802032948e+06
9.273879998482288793e+06
9.301507801574027166e+06
9.329176730077246204e+06
9.356886783991945907e+06
9.384637963318124413e+06
9.412430268055785447e+06
9.440263698204927146e+06
9.468138253765545785e+06
9.496053934737652540e+06
9.524010741121236235e+06
9.552008672916296870e+06
9.580047730122841895e+06
9.608127912740867585e+06
9.636249220770373940e+06
9.664411654211360961e+06
9.692615213063826784e+06
9.720859897327775136e+06
9.749145707003202289e+06
9.777472642090111971e+06
9.805840702588502318e+06
9.834249888498373330e+06
9.862700199819725007e+06
9.891191636552555487e+06
9.919724198696868494e+06
9.948297886252660304e+06
9.976912699219936505e+06
1.000556863759868965e+07
1.003426570138892531e+07
1.006300389059064165e+07
1.009178320520383865e+07
1.012060364522851259e+07
1.014946521066467464e+07
1.017836790151231363e+07
1.020731171777143143e+07
1.023629665944202989e+07
1.026532272652411088e+07
1.029438991901767068e+07
1.032349823692271672e+07
1.035264768023923784e+07
1.038183824896724150e+07
1.041106994310672395e+07
1.044034276265768707e+07
1.046965670762013458e+07
1.049901177799406089e+07
1.052840797377946600e+07
1.055784529497635365e+07
1.058732374158472195e+07
1.061684331360457093e+07
1.064640401103589870e+07
1.067600583387871087e+07
1.070564878213300183e+07
1.073533285579877347e+07
1.076505805487602577e+07
1.079482437936475500e+07
1.082463182926497050e+07
1.085448040457666479e+07
1.088437010529984161e+07
1.091430093143449351e+07
1.094427288298062980e+07
1.097428595993824676e+07
1.100434016230734624e+07
1.103443549008792266e+07
1.106457194327998161e+07
1.109474952188352123e+07
1.112496822589854151e+07
1.115522805532504246e+07
1.118552901016302407e+07
1.121587109041248634e+07
1.124625429607342742e+07
1.127667862714585289e+07
1.130714408362975344e+07
1.133765066552514024e+07
1.136819837283200584e+07
1.139878720555035211e+07
1.142941716368017718e+07
1.146008824722148664e+07
1.149080045617427304e+07
1.152155379053854197e+07
1.155234825031429343e+07
1.158318383550152183e+07
1.161406054610023461e+07
1.164497838211042434e+07
1.167593734353209846e+07
1.170693743036524765e+07
1.173797864260988310e+07
1.176906098026599735e+07
1.180018444333359227e+07
1.183134903181266785e+07
1.186255474570322409e+07
1.189380158500526287e+07
1.192508954971877858e+07
1.195641863984377868e+07
1.198778885538025759e+07
1.201920019632821530e+07
1.205065266268765554e+07
1.208214625445858017e+07
1.211368097164097987e+07
1.214525681423486210e+07
1.217687378224022314e+07
1.220853187565706670e+07
1.224023109448539093e+07
1.227197143872519769e+07
1.230375290837648511e+07
1.233557550343924761e+07
1.236743922391349636e+07
1.239934406979922205e+07
1.243129004109643027e+07
1.246327713780512102e+07
1.249530535992529057e+07
1.252737470745693892e+07
1.255948518040007167e+07
1.259163677875468135e+07
1.262382950252077356e+07
1.265606335169835016e+07
1.268833832628739998e+07
1.272065442628793605e+07
1.275301165169994906e+07
1.278541000252344832e+07
1.281784947875842266e+07
1.285033008040488139e+07
1.288285180746281892e+07
1.291541465993223712e+07
1.294801863781313226e+07
1.298066374110551365e+07
1.301334996980937570e+07
1.304607732392471284e+07
1.307884580345153809e+07
1.311165540838984028e+07
1.314450613873962313e+07
1.317739799450089037e+07
1.321033097567363456e+07
1.324330508225785941e+07
1.327632031425356306e+07
1.330937667166074738e+07
1.334247415447941609e+07
1.337561276270956174e+07
1.340879249635118991e+07
1.344201335540429875e+07
1.347527533986888826e+07
1.350857844974496216e+07
1.354192268503251299e+07
1.357530804573154636e+07
1.360873453184205666e+07
1.364220214336405136e+07
1.367571088029752485e+07
1.370926074264247902e+07
1.374285173039891198e+07
1.377648384356682748e+07
1.381015708214622363e+07
1.384387144613709860e+07
1.387762693553946353e+07
1.391142355035330355e+07
1.394526129057862237e+07
1.397914015621541999e+07
1.401306014726370014e+07
1.404702126372346096e+07
1.408102350559470430e+07
1.411506687287742458e+07
1.414915136557162739e+07
1.418327698367731087e+07
1.421744372719447315e+07
1.425165159612311795e+07
1.428590059046325274e+07
1.432019071021485701e+07
1.435452195537794381e+07
1.438889432595251314e+07
1.442330782193855941e+07
1.445776244333608821e+07
1.449225819014509581e+07
1.452679506236558594e+07
1.456137305999755859e+07
1.459599218304101005e+07
1.463065243149594218e+07
1.466535380536235496e+07
1.470009630464025401e+07
1.473487992932962626e+07
1.476970467943048477e+07
1.480457055494281836e+07
1.483947755586663447e+07
1.487442568220193125e+07
1.490941493394870684e+07
1.494444531110696495e+07
1.497951681367670372e+07
1.501462944165792502e+07
1.504978319505062513e+07
1.508497807385481335e+07
1.512021407807047293e+07
1.515549120769761503e+07
1.519080946273623966e+07
1.522616884318634123e+07
1.526156934904792532e+07
1.529701098032099009e+07
1.533249373700553551e+07
1.536801761910156161e+07
1.540358262660906836e+07
1.543918875952805951e+07
1.547483601785852574e+07
1.551052440160048194e+07
1.554625391075390950e+07
1.558202454531881772e+07
1.561783630529521219e+07
1.565368919068307988e+07
1.568958320148243383e+07
1.572551833769326657e+07
1.576149459931557998e+07
1.579751198634937406e+07
1.583357049879464880e+07
1.586967013665140793e+07
1.590581089991964400e+07
1.594199278859936632e+07
1.597821580269056372e+07
1.601447994219324365e+07
1.605078520710740238e+07
1.608713159743303992e+07
1.612351911317015998e+07
1.615994775431876071e+07
1.619641752087884024e+07
1.623292841285040230e+07
1.626948043023344688e+07
1.630607357302797213e+07
1.634270784123398364e+07
1.637938323485146835e+07
1.641609975388043374e+07
1.645285739832087979e+07
1.648965616817280650e+07
1.652649606343621388e+07
1.656337708411110193e+07
1.660029923019747436e+07
1.663726250169532374e+07
1.667426689860465005e+07
1.671131242092546262e+07
