1.344037437438964844e+01 3.842544555664062500e+00
1.222286510467529297e+01 4.852023124694824219e+00
-1.086346507072448730e+00 3.475981473922729492e+00
4.484470367431640625e+00 2.089157819747924805e+00
7.699733734130859375e+00 2.507822990417480469e+00
1.124727249145507812e+01 4.739218235015869141e+00
-1.428663134574890137e+00 -5.802929401397705078e+00
-8.382745742797851562e+00 2.831842899322509766e+00
2.450585126876831055e+00 1.692716479301452637e+00
-4.835490226745605469e+00 3.139739513397216797e+00
-4.148881912231445312e+00 1.710281610488891602e+00
-5.890535831451416016e+00 -7.462850570678710938e+00
-5.214331150054931641e+00 1.797517180442810059e+00
-8.287443161010742188e+00 1.969714522361755371e+00
-7.880641460418701172e+00 -2.285182952880859375e+00
1.124476909637451172e+01 1.564165472984313965e+00
1.168340301513671875e+01 1.736341238021850586e+00
1.035153675079345703e+01 1.922339797019958496e+00
5.397343158721923828e+00 1.520068407058715820e+00
-6.181469917297363281e+00 -1.972305655479431152e+00
-6.114970684051513672e+00 2.600807666778564453e+00
-3.188181400299072266e+00 1.110263109207153320e+00
-8.892510414123535156e+00 -2.173238277435302734e+00
-9.070776939392089844e+00 2.100363492965698242e+00
1.300688457489013672e+01 7.533045291900634766e+00
-7.138739824295043945e-01 4.029577255249023438e+00
1.056713581085205078e+01 5.701635360717773438e+00
1.010183906555175781e+01 5.981105327606201172e+00
-8.381427764892578125e+00 -1.199160933494567871e+00
6.147132396697998047e+00 5.350883007049560547e-01
1.274162197113037109e+01 5.393537044525146484e+00
-6.199511528015136719e+00 1.213902115821838379e+00
-3.259752690792083740e-01 2.359241724014282227e+00
2.879038572311401367e+00 3.566721916198730469e+00
2.967523813247680664e+00 -1.190729260444641113e+00
3.029736757278442383e+00 3.030544042587280273e+00
-6.447169303894042969e+00 -6.273392677307128906e+00
1.157506465911865234e+01 4.545769214630126953e+00
1.013631105422973633e+00 1.047023177146911621e+00
-7.915126323699951172e+00 1.944689035415649414e+00
-5.147686958312988281e+00 -7.346175670623779297e+00
8.120242118835449219e+00 2.578865289688110352e+00
1.315558815002441406e+01 4.378971099853515625e+00
-3.480784893035888672e+00 -4.316036701202392578e+00
1.292122650146484375e+01 6.895493984222412109e+00
1.199859428405761719e+01 7.629843235015869141e+00
-6.087480068206787109e+00 -4.747438430786132812e+00
4.556452274322509766e+00 -1.320258021354675293e+00
-4.446478843688964844e+00 -6.166043758392333984e+00
8.571077346801757812e+00 2.812893629074096680e+00
1.833761811256408691e+00 1.899700760841369629e+00
-6.189169406890869141e+00 -3.426561355590820312e+00
5.185707569122314453e+00 2.466792583465576172e+00
9.805319786071777344e+00 5.268354415893554688e+00
-3.820625543594360352e+00 -3.950729370117187500e+00
2.851484537124633789e+00 -1.497019052505493164e+00
1.154950141906738281e+01 1.394455790519714355e+00
-1.164887174963951111e-01 -1.707787871360778809e+00
1.085371971130371094e+01 3.645916938781738281e+00
-7.418411254882812500e+00 3.580839157104492188e+00
1.106318473815917969e+01 2.933566331863403320e+00
1.195477867126464844e+01 6.421477317810058594e+00
4.789234161376953125e+00 -6.780096292495727539e-01
9.664295196533203125e+00 3.956047058105468750e+00
3.103547811508178711e+00 2.647630691528320312e+00
-2.588662624359130859e+00 1.143658041954040527e+00
-6.905239582061767578e+00 -5.928946018218994141e+00
-5.015123367309570312e+00 -4.955012321472167969e+00
3.893153667449951172e+00 3.322793006896972656e+00
-7.903547286987304688e+00 -1.811776280403137207e+00
-6.487772941589355469e+00 -2.965967416763305664e+00
-7.365890502929687500e+00 1.801619887351989746e+00
9.734489440917968750e+00 6.945990562438964844e+00
4.504741668701171875e+00 3.200193643569946289e-01
-5.043039321899414062e+00 2.565862894058227539e+00
3.669917345046997070e+00 -2.256328821182250977e+00
1.033311176300048828e+01 6.687601566314697266e+00
-2.284023046493530273e+00 1.495841026306152344e+00
-6.131720542907714844e+00 3.308773756027221680e+00
-1.634864091873168945e+00 3.696523904800415039e+00
3.548899173736572266e+00 -6.767381727695465088e-02
-1.816771864891052246e+00 -5.185523986816406250e+00
-6.877716064453125000e+00 -2.517529964447021484e+00
6.044657707214355469e+00 -1.691407561302185059e+00
-6.714765071868896484e+00 2.898751258850097656e+00
2.895740747451782227e+00 -2.423579454421997070e+00
-3.774264097213745117e+00 -4.988085269927978516e+00
5.067935466766357422e+00 1.470030307769775391e+00
-7.765322923660278320e-01 1.496052980422973633e+00
3.940295934677124023e+00 -1.230665326118469238e+00
1.272765541076660156e+01 6.262864589691162109e+00
-3.168620109558105469e+00 -4.159658908843994141e+00
7.825670242309570312e+00 1.845440149307250977e+00
-3.223619937896728516e+00 -3.377081453800201416e-01
-1.830960869789123535e+00 -7.590156197547912598e-01
-9.044161796569824219e+00 -1.593425393104553223e+00
-6.640337944030761719e+00 -7.683137416839599609e+00
1.234168338775634766e+01 3.552064418792724609e+00
1.130746364593505859e+01 2.516769647598266602e+00
1.123864841461181641e+01 6.890968322753906250e+00
-7.518733978271484375e+00 2.868188619613647461e+00
5.851885795593261719e+00 2.228373527526855469e+00
-3.912112236022949219e+00 3.453461408615112305e+00
-6.772019863128662109e+00 -3.375822305679321289e+00
-1.881630420684814453e+00 -2.627332210540771484e-01
-2.825856685638427734e+00 1.758567929267883301e+00
9.577739715576171875e+00 1.877028822898864746e+00
-6.052176475524902344e+00 2.254005223512649536e-01
-2.285428285598754883e+00 -6.026598930358886719e+00
-6.942182540893554688e+00 3.119707107543945312e-01
-3.593001365661621094e+00 -7.224038124084472656e+00
-3.591424226760864258e+00 4.262547016143798828e+00
-2.279779195785522461e+00 -6.519324779510498047e+00
-3.067615509033203125e+00 4.615325033664703369e-01
8.822292327880859375e+00 2.097080707550048828e+00
-5.846799373626708984e+00 -7.936052322387695312e+00
-8.920364379882812500e+00 1.507823348045349121e+00
-3.417787313461303711e+00 2.861346006393432617e+00
-3.123138666152954102e+00 3.136989474296569824e-01
-5.691365242004394531e+00 3.442142605781555176e-01
1.075018882751464844e+01 4.049838542938232422e+00
-1.439161896705627441e+00 -5.871105194091796875e+00
2.375280141830444336e+00 4.411432445049285889e-01
1.202247381210327148e+00 -1.881916642189025879e+00
-6.700565814971923828e+00 -7.139935016632080078e+00
1.234529018402099609e+01 6.020094871520996094e+00
-2.021775245666503906e+00 -5.681826591491699219e+00
-2.809806108474731445e+00 -6.013670444488525391e+00
9.131746292114257812e+00 5.744936943054199219e+00
2.127589941024780273e+00 2.929588079452514648e+00
3.806995868682861328e+00 3.647996425628662109e+00
-5.602269649505615234e+00 -6.213243007659912109e+00
1.317292594909667969e+01 3.643779993057250977e+00
9.096270561218261719e+00 6.881508827209472656e+00
3.253938198089599609e+00 8.723724484443664551e-01
-2.812940597534179688e+00 2.742937564849853516e+00
-6.931771755218505859e+00 -1.341924190521240234e+00
1.251261425018310547e+01 2.280967712402343750e+00
2.282004356384277344e+00 -1.598037362098693848e+00
-3.964258432388305664e+00 -5.822268962860107422e+00
3.675372123718261719e+00 -1.678913474082946777e+00
1.313609504699707031e+01 2.755533456802368164e+00
-6.500619411468505859e+00 -3.665691614151000977e+00
-2.594162225723266602e+00 -6.617165088653564453e+00
-6.935799121856689453e+00 -3.957886219024658203e+00
-6.592390537261962891e+00 -9.253280758857727051e-01
-6.934035778045654297e+00 3.850222826004028320e+00
9.786662101745605469e+00 4.350828170776367188e+00
-4.982809066772460938e+00 -6.684652328491210938e+00
-4.618771553039550781e+00 -5.315496444702148438e+00
3.855364084243774414e+00 1.187054514884948730e+00
4.026244163513183594e+00 2.628898382186889648e+00
8.302351951599121094e+00 3.080401420593261719e+00
-6.270815372467041016e+00 -4.088814184069633484e-02
2.167677640914916992e+00 2.201062202453613281e+00
5.482044696807861328e+00 3.667787909507751465e-01
-2.290557146072387695e+00 2.359100103378295898e+00
1.251877498626708984e+01 7.572404384613037109e+00
-3.733587026596069336e+00 3.141014575958251953e-01
-6.355469226837158203e+00 4.152350902557373047e+00
3.060506105422973633e+00 -9.935742616653442383e-01
3.834038496017456055e+00 -6.011650711297988892e-02
-1.692561864852905273e+00 -1.212054252624511719e+00
-3.272072792053222656e+00 4.329152584075927734e+00
4.862598896026611328e+00 3.155272245407104492e+00
-6.973548412322998047e+00 2.251401841640472412e-01
4.869525909423828125e+00 2.911415100097656250e+00
-5.466097354888916016e+00 -3.094955384731292725e-01
5.741276741027832031e+00 2.786301374435424805e+00
7.661931037902832031e+00 3.005666971206665039e+00
-5.301622867584228516e+00 3.741135597229003906e+00
6.283192634582519531e+00 -1.315021753311157227e+00
3.655740618705749512e-02 -1.750850915908813477e+00
-7.302338123321533203e+00 2.681905031204223633e+00
5.631465435028076172e+00 -7.111648321151733398e-01
-6.285865306854248047e+00 -8.066901206970214844e+00
4.853870868682861328e+00 -2.050849437713623047e+00
-5.098536491394042969e+00 4.268726110458374023e-01
-8.769275665283203125e+00 -1.390334129333496094e+00
9.186446189880371094e+00 5.077261447906494141e+00
1.160779762268066406e+01 5.682730197906494141e+00
-8.696404457092285156e+00 -2.009507179260253906e+00
1.166524600982666016e+01 6.710600852966308594e+00
2.006927967071533203e+00 2.245320826768875122e-01
-7.138575553894042969e+00 -3.107736587524414062e+00
-3.530047655105590820e+00 -6.807437419891357422e+00
1.187395954132080078e+01 2.947724103927612305e+00
1.260384082794189453e+01 7.090476989746093750e+00
-5.993830204010009766e+00 4.042947292327880859e+00
1.064380359649658203e+01 7.381359577178955078e+00
1.105881118774414062e+01 6.513469696044921875e+00
-5.469764232635498047e+00 2.771793603897094727e+00
-8.490986824035644531e+00 2.448051929473876953e+00
1.275710201263427734e+01 3.558879852294921875e+00
-6.287171840667724609e+00 -7.205194473266601562e+00
-3.466838598251342773e+00 1.935576200485229492e+00
4.855806350708007812e+00 3.667554140090942383e+00
-1.975719332695007324e+00 4.238000392913818359e+00
8.621118545532226562e+00 5.201883316040039062e+00
-4.820792675018310547e+00 -5.729840278625488281e+00
