9.950000000000000000e+03
9.929550444047530618e+03
9.909125246942858212e+03
9.888724408685984599e+03
9.868347929276906143e+03
9.847995808715626481e+03
9.827668047002143794e+03
9.807364644136459901e+03
9.787085600118571165e+03
9.766830914948479403e+03
9.746600588626186436e+03
9.726394621151692263e+03
9.706213012524993246e+03
9.686055762746093023e+03
9.665922871814987957e+03
9.645814339731681684e+03
9.625730166496172387e+03
9.605670352108460065e+03
9.585634896568546537e+03
9.565623799876431804e+03
9.545637062032110407e+03
9.525674683035587805e+03
9.505736662886863996e+03
9.485823001585937163e+03
9.465933699132807305e+03
9.446068755527474423e+03
9.426228170769938515e+03
9.406411944860199583e+03
9.386620077798259445e+03
9.366852569584116281e+03
9.347109420217770094e+03
9.327390629699222700e+03
9.307696198028470462e+03
9.288026125205517019e+03
9.268380411230362370e+03
9.248759056103001058e+03
9.229162059823440359e+03
9.209589422391676635e+03
9.190041143807709886e+03
9.170517224071540113e+03
9.151017663183167315e+03
9.131542461142593311e+03
9.112091617949816282e+03
9.092665133604834409e+03
9.073263008107653150e+03
9.053885241458267046e+03
9.034531833656679737e+03
9.015202784702887584e+03
8.995898094596896044e+03
8.976617763338699660e+03
8.957361790928302071e+03
8.938130177365699637e+03
8.918922922650895998e+03
8.899740026783889334e+03
8.880581489764681464e+03
8.861447311593266932e+03
8.842337492269653012e+03
8.823252031793837887e+03
8.804190930165817917e+03
8.785154187385594923e+03
8.766141803453170724e+03
8.747153778368541680e+03
8.728190112131711430e+03
8.709250804742679975e+03
8.690335856201443676e+03
8.671445266508006171e+03
8.652579035662365641e+03
8.633737163664522086e+03
8.614919650514475506e+03
8.596126496212225902e+03
8.577357700757775092e+03
8.558613264151121257e+03
8.539893186392264397e+03
8.521197467481206331e+03
8.502526107417943422e+03
8.483879106202479306e+03
8.465256463834812166e+03
8.446658180314942001e+03
8.428084255642870630e+03
8.409534689818594416e+03
8.391009482842116995e+03
8.372508634713438369e+03
8.354032145432554898e+03
8.335580014999470222e+03
8.317152243414180703e+03
8.298748830676689977e+03
8.280369776786998045e+03
8.262015081745101270e+03
8.243684745551001470e+03
8.225378768204700464e+03
8.207097149706196433e+03
8.188839890055489377e+03
8.170606989252581116e+03
8.152398447297468920e+03
8.134214264190154609e+03
8.116054439930636363e+03
8.097918974518916002e+03
8.079807867954994435e+03
8.061721120238869844e+03
8.043658731370542228e+03
8.025620701350011586e+03
8.007607030177277920e+03
7.989617717852342139e+03
7.971652764375205152e+03
7.953712169745862411e+03
7.935795933964320284e+03
7.917904057030573313e+03
7.900036538944624226e+03
7.882193379706473024e+03
7.864374579316119707e+03
7.846580137773562456e+03
7.828810055078803998e+03
7.811064331231840697e+03
7.793342966232677099e+03
7.775645960081308658e+03
7.757973312777739011e+03
7.740325024321966339e+03
7.722701094713992461e+03
7.705101523953813739e+03
7.687526312041433812e+03
7.669975458976850859e+03
7.652448964760063973e+03
7.634946829391075880e+03
7.617469052869885672e+03
7.600015635196492440e+03
7.582586576370895273e+03
7.565181876393095990e+03
7.547801535263095502e+03
7.530445552980891080e+03
7.513113929546483632e+03
7.495806664959874979e+03
7.478523759221062392e+03
7.461265212330046779e+03
7.444031024286829961e+03
7.426821195091410118e+03
7.409635724743787250e+03
7.392474613243963177e+03
7.375337860591935168e+03
7.358225466787704136e+03
7.341137431831270987e+03
7.324073755722635724e+03
7.307034438461796526e+03
7.290019480048755213e+03
7.273028880483511784e+03
7.256062639766065331e+03
7.239120757896415853e+03
7.222203234874566078e+03
7.205310070700511460e+03
7.188441265374253817e+03
7.171596818895794968e+03
7.154776731265131275e+03
7.137981002482268195e+03
7.121209632547199362e+03
7.104462621459929323e+03
7.087739969220456260e+03
7.071041675828782900e+03
7.054367741284904696e+03
7.037718165588823467e+03
7.021092948740539214e+03
7.004492090740054664e+03
6.987915591587365270e+03
6.971363451282473761e+03
6.954835669825381046e+03
6.938332247216084397e+03
6.921853183454584723e+03
6.905398478540884753e+03
6.888968132474979029e+03
6.872562145256872100e+03
6.856180516886562145e+03
6.839823247364050076e+03
6.823490336689334072e+03
6.807181784862417771e+03
6.790897591883297537e+03
6.774637757751974277e+03
6.758402282468448902e+03
6.742191166032721412e+03
6.726004408444789988e+03
6.709842009704657357e+03
6.693703969812320793e+03
6.677590288767782113e+03
6.661500966571040408e+03
6.645436003222097497e+03
6.629395398720950652e+03
6.613379153067602601e+03
6.597387266262049707e+03
6.581419738304295606e+03
6.565476569194339390e+03
6.549557758932178331e+03
6.533663307517816975e+03
6.517793214951251684e+03
6.501947481232484279e+03
6.486126106361512939e+03
6.470329090338342212e+03
6.454556433162964822e+03
6.438808134835387136e+03
6.423084195355606425e+03
6.407384614723623599e+03
6.391709392939437748e+03
6.376058530003048872e+03
6.360432025914456972e+03
6.344829880673662046e+03
6.329252094280665915e+03
6.313698666735467668e+03
6.298169598038064578e+03
6.282664888188461191e+03
6.267184537186654779e+03
6.251728545032643524e+03
6.236296911726431063e+03
6.220889637268015576e+03
6.205506721657398884e+03
6.190148164894578258e+03
6.174813966979555516e+03
6.159504127912329750e+03
6.144218647692901868e+03
6.128957526321270052e+03
6.113720763797437030e+03
6.098508360121400983e+03
6.083320315293161912e+03
6.068156629312721634e+03
6.053017302180076513e+03
6.037902333895230186e+03
6.022811724458180834e+03
6.007745473868928457e+03
5.992703582127473965e+03
5.977686049233817357e+03
5.962692875187957725e+03
5.947724059989894158e+03
5.932779603639629386e+03
5.917859506137162498e+03
5.902963767482491676e+03
5.888092387675618738e+03
5.873245366716542776e+03
5.858422704605263789e+03
5.843624401341783596e+03
5.828850456926100378e+03
5.814100871358214135e+03
5.799375644638124868e+03
5.784674776765833485e+03
5.769998267741339077e+03
5.755346117564643464e+03
5.740718326235743007e+03
5.726114893754640434e+03
5.711535820121336656e+03
5.696981105335828033e+03
5.682450749398118205e+03
5.667944752308207171e+03
5.653463114066091293e+03
5.639005834671773300e+03
5.624572914125253192e+03
5.610164352426530058e+03
5.595780149575604810e+03
5.581420305572475627e+03
5.567084820417143419e+03
5.552773694109610915e+03
5.538486926649874476e+03
5.524224518037935923e+03
5.509986468273793434e+03
5.495772777357449741e+03
5.481583445288903022e+03
5.467418472068153278e+03
5.453277857695202329e+03
5.439161602170046535e+03
5.425069705492689536e+03
5.411002167663129512e+03
5.396958988681366463e+03
5.382940168547402209e+03
5.368945707261233110e+03
5.354975604822862806e+03
5.341029861232289477e+03
5.327108476489514032e+03
5.313211450594534654e+03
5.299338783547354069e+03
5.285490475347970460e+03
5.271666525996382916e+03
5.257866935492595076e+03
5.244091703836603301e+03
5.230340831028408502e+03
5.216614317068011587e+03
5.202912161955411648e+03
5.189234365690610502e+03
5.175580928273605423e+03
5.161951849704398228e+03
5.148347129982988008e+03
5.134766769109374764e+03
5.121210767083560313e+03
5.107679123905541928e+03
5.094171839575321428e+03
5.080688914092897903e+03
5.067230347458272263e+03
5.053796139671443598e+03
5.040386290732412817e+03
5.027000800641178103e+03
5.013639669397742182e+03
5.000302897002102327e+03
4.986990483454261266e+03
4.973702428754216271e+03
4.960438732901969161e+03
4.947199395897519935e+03
4.933984417740867684e+03
4.920793798432012409e+03
4.907627537970955018e+03
4.894485636357694602e+03
4.881368093592232071e+03
4.868274909674566516e+03
4.855206084604698844e+03
4.842161618382628149e+03
4.829141511008354428e+03
4.816145762481877682e+03
4.803174372803199731e+03
4.790227341972317845e+03
4.777304669989233844e+03
4.764406356853947727e+03
4.751532402566459496e+03
4.738682807126766420e+03
4.725857570534872139e+03
4.713056692790774832e+03
4.700280173894475411e+03
4.687528013845972964e+03
4.674800212645268402e+03
4.662096770292360816e+03
4.649417686787250204e+03
4.636762962129937478e+03
4.624132596320421726e+03
4.611526589358703859e+03
4.598944941244782967e+03
4.586387651978659051e+03
4.573854721560333019e+03
4.561346149989804871e+03
4.548861937267072790e+03
4.536402083392139502e+03
4.523966588365003190e+03
4.511555452185662944e+03
4.499168674854121491e+03
4.486806256370377014e+03
4.474468196734429512e+03
4.462154495946279894e+03
4.449865154005927252e+03
4.437600170913372494e+03
4.425359546668614712e+03
4.413143281271653905e+03
4.400951374722490982e+03
4.388783827021125035e+03
4.376640638167556972e+03
4.364521808161786794e+03
4.352427337003813591e+03
4.340357224693637363e+03
4.328311471231258110e+03
4.316290076616676743e+03
4.304293040849892350e+03
4.292320363930905842e+03
4.280372045859716309e+03
4.268448086636323751e+03
4.256548486260729078e+03
4.244673244732932289e+03
4.232822362052931567e+03
4.220995838220729638e+03
4.209193673236324685e+03
4.197415867099716706e+03
4.185662419810906613e+03
4.173933331369893494e+03
4.162228601776677351e+03
4.150548231031259093e+03
4.138892219133638719e+03
4.127260566083814410e+03
4.115653271881788896e+03
4.104070336527559448e+03
4.092511760021127884e+03
4.080977542362494205e+03
4.069467683551657501e+03
4.057982183588617318e+03
4.046521042473375473e+03
4.035084260205930150e+03
4.023671836786283620e+03
4.012283772214434066e+03
4.000920066490380577e+03
3.989580719614125428e+03
3.978265731585668163e+03
3.966975102405006965e+03
3.955708832072144105e+03
3.944466920587078675e+03
3.933249367949809312e+03
3.922056174160338742e+03
3.910887339218665147e+03
3.899742863124788528e+03
3.888622745878709338e+03
3.877526987480428033e+03
3.866455587929943704e+03
3.855408547227256804e+03
3.844385865372367334e+03
3.833387542365275294e+03
3.822413578205980684e+03
3.811463972894483959e+03
3.800538726430782845e+03
3.789637838814880070e+03
3.778761310046775179e+03
3.767909140126466355e+03
3.757081329053956324e+03
3.746277876829242814e+03
3.735498783452327189e+03
3.724744048923209448e+03
3.714013673241886863e+03
3.703307656408363528e+03
3.692625998422637167e+03
3.681968699284709146e+03
3.671335758994576736e+03
3.660727177552241756e+03
3.650142954957705115e+03
3.639583091210965904e+03
3.629047586312023668e+03
3.618536440260878408e+03
3.608049653057531941e+03
3.597587224701980631e+03
3.587149155194228115e+03
3.576735444534272574e+03
3.566346092722114918e+03
3.555981099757754237e+03
3.545640465641190076e+03
3.535324190372424255e+03
3.525032273951455863e+03
3.514764716378284902e+03
3.504521517652910916e+03
3.494302677775334814e+03
3.484108196745554778e+03
3.473938074563572627e+03
3.463792311229389270e+03
3.453670906743001979e+03
3.443573861104412572e+03
3.433501174313620140e+03
3.423452846370624684e+03
3.413428877275427112e+03
3.403429267028026970e+03
3.393454015628424713e+03
3.383503123076618976e+03
3.373576589372611124e+03
3.363674414516399338e+03
3.353796598507986346e+03
3.343943141347370329e+03
3.334114043034552196e+03
3.324309303569530584e+03
3.314528922952306857e+03
3.304772901182879650e+03
3.295041238261250328e+03
3.285333934187418890e+03
3.275650988961384428e+03
3.265992402583147395e+03
3.256358175052707793e+03
3.246748306370064711e+03
3.237162796535219968e+03
3.227601645548172201e+03
3.218064853408921863e+03
3.208552420117469410e+03
3.199064345673813023e+03
3.189600630077954975e+03
3.180161273329894357e+03
3.170746275429631169e+03
3.161355636377164956e+03
3.151989356172495718e+03
3.142647434815624365e+03
3.133329872306549987e+03
3.124036668645273494e+03
3.114767823831794431e+03
3.105523337866112342e+03
3.096303210748228139e+03
3.087107442478140911e+03
3.077936033055850658e+03
3.068788982481358289e+03
3.059666290754663351e+03
3.050567957875765842e+03
3.041493983844665308e+03
3.032444368661361750e+03
3.023419112325856076e+03
3.014418214838148288e+03
3.005441676198237019e+03
2.996489496406123635e+03
2.987561675461807681e+03
2.978658213365288248e+03
2.969779110116566699e+03
2.960924365715642580e+03
2.952093980162516345e+03
2.943287953457186632e+03
2.934506285599654802e+03
2.925748976589919948e+03
2.917016026427982069e+03
2.908307435113842530e+03
2.899623202647500420e+03
2.890963329028955286e+03
2.882327814258206672e+03
2.873716658335255943e+03
2.865129861260103098e+03
2.856567423032747683e+03
2.848029343653189244e+03
2.839515623121428689e+03
2.831026261437464200e+03
2.822561258601298050e+03
2.814120614612929330e+03
2.805704329472358040e+03
2.797312403179583725e+03
2.788944835734606841e+03
2.780601627137426931e+03
2.772282777388045361e+03
2.763988286486460311e+03
2.755718154432673145e+03
2.747472381226682955e+03
2.739250966868490650e+03
2.731053911358094410e+03
2.722881214695496965e+03
2.714732876880696494e+03
2.706608897913692999e+03
2.698509277794487843e+03
2.690434016523079208e+03
2.682383114099467548e+03
2.674356570523653772e+03
2.666354385795637882e+03
2.658376559915418511e+03
2.650423092882997480e+03
2.642493984698372515e+03
2.634589235361545889e+03
2.626708844872516238e+03
2.618852813231284017e+03
2.611021140437849681e+03
2.603213826492211865e+03
2.595430871394371025e+03
2.587672275144328523e+03
2.579938037742083907e+03
2.572228159187635356e+03
2.564542639480985144e+03
2.556881478622132363e+03
2.549244676611075647e+03
2.541632233447816816e+03
2.534044149132355869e+03
2.526480423664692353e+03
2.518941057044825811e+03
2.511426049272756700e+03
2.503935400348484563e+03
2.496469110272009857e+03
2.489027179043333490e+03
2.481609606662454098e+03
2.474216393129371681e+03
2.466847538444087149e+03
2.459503042606598683e+03
2.452182905616909011e+03
2.444887127475015859e+03
2.437615708180920592e+03
2.430368647734622755e+03
2.423145946136120983e+03
2.415947603385418006e+03
2.408773619482512458e+03
2.401623994427403886e+03
2.394498728220092289e+03
2.387397820860578577e+03
2.380321272348861839e+03
2.373269082684942532e+03
2.366241251868820655e+03
2.359237779900496207e+03
2.352258666779969644e+03
2.345303912507240057e+03
2.338373517082306989e+03
2.331467480505172261e+03
2.324585802775834509e+03
2.317728483894294641e+03
2.310895523860551748e+03
2.304086922674606285e+03
2.297302680336457342e+03
2.290542796846106739e+03
2.283807272203553566e+03
2.277096106408797368e+03
2.270409299461838600e+03
2.263746851362677262e+03
2.257108762111312899e+03
2.250495031707746421e+03
2.243905660151977372e+03
2.237340647444005754e+03
2.230799993583831110e+03
2.224283698571453897e+03
2.217791762406874113e+03
2.211324185090091305e+03
2.204880966621106381e+03
2.198462106999918433e+03
2.192067606226528369e+03
2.185697464300935280e+03
2.179351681223139622e+03
2.173030256993141393e+03
2.166733191610940594e+03
2.160460485076537225e+03
2.154212137389931286e+03
2.147988148551121867e+03
2.141788518560110788e+03
2.135613247416896684e+03
2.129462335121480010e+03
2.123335781673860765e+03
2.117233587074038496e+03
2.111155751322013657e+03
2.105102274417786703e+03
2.099073156361356268e+03
2.093068397152724174e+03
2.087087996791889054e+03
2.081131955278851365e+03
2.075200272613610650e+03
2.069292948796167821e+03
2.063409983826521966e+03
2.057551377704673541e+03
2.051717130430622547e+03
2.045907242004368982e+03
2.040121712425912392e+03
2.034360541695253687e+03
2.028623729812392412e+03
2.022911276777328112e+03
2.017223182590061697e+03
2.011559447250592029e+03
2.005920070758919792e+03
2.000305053115044757e+03
1.994714394318967607e+03
1.989148094370687886e+03
1.983606153270205141e+03
1.978088571017519826e+03
1.972595347612631940e+03
1.967126483055541485e+03
1.961681977346248459e+03
1.956261830484752636e+03
1.950866042471054243e+03
1.945494613305152825e+03
1.940147542987049292e+03
1.934824831516742961e+03
1.929526478894234060e+03
1.924252485119522589e+03
1.919002850192608321e+03
1.913777574113491255e+03
1.908576656882171847e+03
1.903400098498649641e+03
1.898247898962924864e+03
1.893120058274997518e+03
1.888016576434867375e+03
1.882937453442534661e+03
1.877882689297999605e+03
1.872852284001261296e+03
1.867846237552320872e+03
1.862864549951177423e+03
1.857907221197831859e+03
1.852974251292283043e+03
1.848065640234531656e+03
1.843181388024578155e+03
1.838321494662421628e+03
1.833485960148062986e+03
1.828674784481500865e+03
1.823887967662736628e+03
1.819125509691769821e+03
1.814387410568600217e+03
1.809673670293228042e+03
1.804984288865653070e+03
1.800319266285875301e+03
1.795678602553895189e+03
1.791062297669712507e+03
1.786470351633327027e+03
1.781902764444738978e+03
1.777359536103948813e+03
1.772840666610954941e+03
1.768346155965758953e+03
1.763876004168360396e+03
1.759430211218759268e+03
1.755008777116955571e+03
1.750611701862949076e+03
1.746238985456739783e+03
1.741890627898327921e+03
1.737566629187713716e+03
1.733266989324896485e+03
1.728991708309877140e+03
1.724740786142654542e+03
1.720514222823229375e+03
1.716312018351601864e+03
1.712134172727771784e+03
1.707980685951738906e+03
1.703851558023503458e+03
1.699746788943064757e+03
1.695666378710424169e+03
1.691610327325581238e+03
1.687578634788534828e+03
1.683571301099286302e+03
1.679588326257834979e+03
1.675629710264180630e+03
1.671695453118324394e+03
1.667785554820265133e+03
1.663900015370003530e+03
1.660038834767538901e+03
1.656202013012871930e+03
1.652389550106001934e+03
1.648601446046929595e+03
1.644837700835654459e+03
1.641098314472176753e+03
1.637383286956496477e+03
1.633692618288613630e+03
1.630026308468527986e+03
1.626384357496239772e+03
1.622766765371748988e+03
1.619173532095055407e+03
1.615604657666159255e+03
1.612060142085060761e+03
1.608539985351758787e+03
1.605044187466255153e+03
1.601572748428548493e+03
1.598125668238639264e+03
1.594702946896527237e+03
1.591304584402212640e+03
1.587930580755695246e+03
1.584580935956975281e+03
1.581255650006052974e+03
1.577954722902928097e+03
1.574678154647600422e+03
1.571425945240069495e+03
1.568198094680336908e+03
1.564994602968400841e+03
1.561815470104262886e+03
1.558660696087921906e+03
1.555530280919378356e+03
1.552424224598632009e+03
1.549342527125682864e+03
1.546285188500531603e+03
1.543252208723177318e+03
1.540243587793620918e+03
1.537259325711861493e+03
1.534299422477899498e+03
1.531363878091734705e+03
1.528452692553367342e+03
1.525565865862797409e+03
1.522703398020024906e+03
1.519865289025049833e+03
1.517051538877871735e+03
1.514262147578491522e+03
1.511497115126908284e+03
1.508756441523122476e+03
1.506040126767134325e+03
1.503348170858943377e+03
1.500680573798549631e+03
1.498037335585952860e+03
1.495418456221154202e+03
1.492823935704152746e+03
1.490253774034948492e+03
1.487707971213541668e+03
1.485186527239932047e+03
1.482689442114120084e+03
1.480216715836105323e+03
1.477768348405887764e+03
1.475344339823468090e+03
1.472944690088845164e+03
1.470569399202020122e+03
1.468218467162992056e+03
1.465891893971761419e+03
1.463589679628328213e+03
1.461311824132692664e+03
1.459058327484854090e+03
1.456829189684812945e+03
1.454624410732569231e+03
1.452443990628122719e+03
1.450287929371473638e+03
1.448156226962622441e+03
1.446048883401567764e+03
1.443965898688310972e+03
1.441907272822851382e+03
1.439873005805189223e+03
1.437863097635324266e+03
1.435877548313256966e+03
1.433916357838986642e+03
1.431979526212513747e+03
1.430067053433838510e+03
1.428178939502960702e+03
1.426315184419880097e+03
1.424475788184596922e+03
1.422660750797110722e+03
1.420870072257422180e+03
1.419103752565531067e+03
1.417361791721437157e+03
1.415644189725140677e+03
1.413950946576641400e+03
1.412282062275940007e+03
1.410637536823035134e+03
1.409017370217928601e+03
1.407421562460618816e+03
1.405850113551106460e+03
1.404303023489391535e+03
1.402780292275474039e+03
1.401281919909353746e+03
1.399807906391031111e+03
1.398358251720505677e+03
1.396932955897777674e+03
1.395532018922846873e+03
1.394155440795713275e+03
1.392803221516377334e+03
1.391475361084838596e+03
1.390171859501097515e+03
1.388892716765153637e+03
1.387637932877007188e+03
1.386407507836658169e+03
1.385201441644106126e+03
1.384019734299351740e+03
1.382862385802394783e+03
1.381729396153234802e+03
1.380620765351872251e+03
1.379536493398307584e+03
1.378476580292539893e+03
1.377441026034569632e+03
1.376429830624396800e+03
1.375442994062020944e+03
1.374480516347442972e+03
1.373542397480662430e+03
1.372628637461678636e+03
1.371739236290492499e+03
1.370874193967104020e+03
1.370033510491512516e+03
1.369217185863718441e+03
1.368425220083721797e+03
1.367657613151522582e+03
1.366914365067120798e+03
1.366195475830515988e+03
1.365500945441709064e+03
1.364830773900699114e+03
1.364184961207486822e+03
1.363563507362071960e+03
1.362966412364454300e+03
1.362393676214633842e+03
1.361845298912610815e+03
1.361321280458385218e+03
1.360821620851956595e+03
1.360346320093325630e+03
1.359895378182492323e+03
1.359468795119456217e+03
1.359066570904217315e+03
1.358688705536775842e+03
1.358335199017132027e+03
1.358006051345284959e+03
1.357701262521235549e+03
1.357420832544983796e+03
1.357164761416529245e+03
1.356933049135871897e+03
1.356725695703011979e+03
1.356542701117949491e+03
1.356384065380684206e+03
1.356249788491216577e+03
1.356139870449546152e+03
1.356054311255673156e+03
1.355993110909597135e+03
1.355956269411318772e+03
1.355943786760838293e+03
1.355955662958154335e+03
1.355991898003268261e+03
1.356052491896179390e+03
1.356137444636887722e+03
1.356246756225393483e+03
1.356380426661696674e+03
1.356538455945797295e+03
1.356720844077695347e+03
1.356927591057390600e+03
1.357158696884883284e+03
1.357414161560173170e+03
1.357693985083260941e+03
1.357998167454145459e+03
1.358326708672827408e+03
1.358679608739306786e+03
1.359056867653583822e+03
1.359458485415658288e+03
1.359884462025529729e+03
1.360334797483198372e+03
1.360809491788664900e+03
1.361308544941928631e+03
1.361831956942989564e+03
1.362379727791847927e+03
1.362951857488503947e+03
1.363548346032956943e+03
1.364169193425207368e+03
1.364814399665255223e+03
1.365483964753100281e+03
1.366177888688742996e+03
1.366896171472182914e+03
1.367638813103420034e+03
1.368405813582454812e+03
1.369197172909286792e+03
1.370012891083916429e+03
1.370852968106343042e+03
1.371717403976567084e+03
1.372606198694588556e+03
1.373519352260407686e+03
1.374456864674023564e+03
1.375418735935437553e+03
1.376404966044648290e+03
1.377415555001656458e+03
1.378450502806462282e+03
1.379509809459065309e+03
1.380593474959465766e+03
1.381701499307663425e+03
1.382833882503658515e+03
1.383990624547450807e+03
1.385171725439040983e+03
1.386377185178428135e+03
1.387607003765612944e+03
1.388861181200594729e+03
1.390139717483374170e+03
1.391442612613950814e+03
1.392769866592324661e+03
1.394121479418496165e+03
1.395497451092464871e+03
1.396897781614231008e+03
1.398322470983794574e+03
1.399771519201155343e+03
1.401244926266313541e+03
1.402742692179269397e+03
1.404264816940022229e+03
1.405811300548572490e+03
1.407382143004920181e+03
1.408977344309065302e+03
1.410596904461007853e+03
1.412240823460747606e+03
1.413909101308284335e+03
1.415601738003619175e+03
1.417318733546750991e+03
1.419060087937680237e+03
