1.197668838500976562e+01 3.093954324722290039e+00
1.139065170288085938e+01 2.647085189819335938e+00
4.842018604278564453e+00 6.251535892486572266e+00
8.173125267028808594e+00 6.054747104644775391e+00
1.038341999053955078e+01 4.534952163696289062e+00
1.115794754028320312e+01 2.868880987167358398e+00
1.007953643798828125e+00 1.078706550598144531e+01
2.668756961822509766e+00 8.744304656982421875e+00
7.137160301208496094e+00 6.022482872009277344e+00
3.441120386123657227e+00 6.892387866973876953e+00
4.270446777343750000e+00 5.534901618957519531e+00
-2.295837998390197754e-01 9.302115440368652344e+00
3.057307243347167969e+00 6.820981979370117188e+00
2.572135925292968750e+00 8.721165657043457031e+00
9.971417784690856934e-01 6.860237598419189453e+00
1.150148773193359375e+01 3.903219223022460938e+00
1.158685398101806641e+01 3.783815860748291016e+00
1.117610836029052734e+01 4.129197597503662109e+00
8.360761642456054688e+00 5.772278308868408203e+00
1.235859155654907227e+00 7.686866283416748047e+00
3.154852390289306641e+00 7.320071697235107422e+00
4.579936981201171875e+00 5.078770637512207031e+00
9.718188643455505371e-01 6.589572906494140625e+00
2.319064140319824219e+00 9.038387298583984375e+00
1.130479812622070312e+01 1.443246841430664062e+00
4.705976009368896484e+00 6.363143444061279297e+00
1.060576057434082031e+01 2.494251012802124023e+00
1.030055332183837891e+01 2.571475744247436523e+00
1.299377560615539551e+00 6.358984947204589844e+00
8.471805572509765625e+00 4.983281135559082031e+00
1.147421932220458984e+01 2.262463808059692383e+00
2.038734912872314453e+00 7.181562423706054688e+00
5.381074905395507812e+00 5.949149131774902344e+00
7.733727931976318359e+00 6.628468513488769531e+00
7.096716880798339844e+00 4.860432624816894531e+00
7.607927322387695312e+00 6.490228652954101562e+00
2.655439637601375580e-02 9.138747215270996094e+00
1.119537639617919922e+01 2.931904554367065430e+00
6.488538265228271484e+00 5.728536605834960938e+00
2.681106328964233398e+00 8.441207885742187500e+00
9.703007340431213379e-02 9.511944770812988281e+00
1.050219249725341797e+01 4.607564449310302734e+00
1.190788936614990234e+01 3.083972215652465820e+00
1.988133192062377930e+00 9.282538414001464844e+00
1.130989456176757812e+01 1.462958216667175293e+00
1.144873619079589844e+01 1.325178146362304688e+00
6.339951753616333008e-01 8.289009094238281250e+00
7.651434421539306641e+00 4.627676963806152344e+00
7.526442408561706543e-01 9.577846527099609375e+00
1.045692634582519531e+01 4.518240451812744141e+00
7.028664588928222656e+00 6.087322235107421875e+00
8.156280517578125000e-01 7.859032154083251953e+00
8.496153831481933594e+00 6.186654567718505859e+00
1.025613498687744141e+01 2.883962869644165039e+00
1.951283335685729980e+00 9.333895683288574219e+00
6.973624229431152344e+00 4.754623413085937500e+00
1.153136253356933594e+01 3.873733997344970703e+00
5.959891796112060547e+00 4.482496261596679688e+00
1.109788990020751953e+01 3.271453619003295898e+00
3.037714481353759766e+00 7.955273151397705078e+00
1.139815235137939453e+01 3.418613672256469727e+00
1.106238460540771484e+01 1.899901747703552246e+00
7.834555625915527344e+00 4.794414520263671875e+00
1.067993640899658203e+01 3.368937253952026367e+00
7.549932479858398438e+00 6.390021324157714844e+00
4.655134677886962891e+00 5.290631771087646484e+00
9.893382899463176727e-03 8.925596237182617188e+00
1.016076803207397461e+00 9.362664222717285156e+00
7.967062473297119141e+00 6.646911621093750000e+00
1.110708355903625488e+00 6.735331058502197266e+00
7.099900245666503906e-01 7.733066082000732422e+00
2.748439788818359375e+00 8.190855979919433594e+00
1.027425003051757812e+01 2.222523212432861328e+00
7.806859970092773438e+00 5.307193279266357422e+00
3.337710618972778320e+00 6.956624507904052734e+00
7.195956230163574219e+00 4.523464679718017578e+00
1.043369197845458984e+01 2.108663558959960938e+00
4.756378650665283203e+00 5.324975013732910156e+00
3.228741407394409180e+00 7.437794208526611328e+00
4.696496486663818359e+00 6.237085819244384766e+00
7.468565940856933594e+00 5.210225105285644531e+00
1.161936283111572266e+00 1.093627071380615234e+01
7.825031280517578125e-01 7.477893352508544922e+00
8.091721534729003906e+00 4.335114955902099609e+00
3.039116859436035156e+00 7.763024330139160156e+00
7.024183273315429688e+00 4.494013786315917969e+00
1.414903402328491211e+00 9.502209663391113281e+00
8.260030746459960938e+00 5.708220005035400391e+00
5.439789772033691406e+00 5.741384506225585938e+00
7.527455329895019531e+00 4.820640087127685547e+00
1.131435012817382812e+01 1.863591432571411133e+00
1.941026926040649414e+00 9.362417221069335938e+00
1.058870887756347656e+01 4.704308032989501953e+00
4.979975700378417969e+00 4.540462017059326172e+00
5.304377555847167969e+00 4.582524299621582031e+00
1.193447828292846680e+00 6.441850185394287109e+00
-4.099975228309631348e-01 9.164911270141601562e+00
1.169259548187255859e+01 3.258499383926391602e+00
1.133082485198974609e+01 3.615525960922241211e+00
1.077935409545898438e+01 1.863520264625549316e+00
2.896791934967041016e+00 8.103720664978027344e+00
8.674544334411621094e+00 6.089181423187255859e+00
4.102228641510009766e+00 6.202507495880126953e+00
7.176473736763000488e-01 7.841756820678710938e+00
5.122413158416748047e+00 4.770731925964355469e+00
4.557461738586425781e+00 5.432623386383056641e+00
1.086493301391601562e+01 4.390328407287597656e+00
1.860855460166931152e+00 6.988608837127685547e+00
8.851254582405090332e-01 1.068302059173583984e+01
1.774210333824157715e+00 7.400027275085449219e+00
4.674739837646484375e-01 9.914007186889648438e+00
4.279005527496337891e+00 6.372416973114013672e+00
9.191819429397583008e-01 1.060938644409179688e+01
4.799158573150634766e+00 4.906079292297363281e+00
1.076079845428466797e+01 4.519367218017578125e+00
-2.534995079040527344e-01 9.325687408447265625e+00
2.251784563064575195e+00 9.079305648803710938e+00
4.306536674499511719e+00 5.908388614654541016e+00
4.849532604217529297e+00 4.716804981231689453e+00
2.009159088134765625e+00 6.866037368774414062e+00
1.099905967712402344e+01 3.136824846267700195e+00
9.683322906494140625e-01 1.073428535461425781e+01
7.045585632324218750e+00 5.553791999816894531e+00
6.460735797882080078e+00 4.548499107360839844e+00
-3.132183253765106201e-01 9.230770111083984375e+00
1.120905685424804688e+01 1.856509566307067871e+00
1.066495299339294434e+00 1.084042930603027344e+01
9.004338979721069336e-01 1.061645317077636719e+01
1.008584499359130859e+01 2.829173326492309570e+00
7.301902294158935547e+00 6.389357566833496094e+00
8.063794136047363281e+00 6.514948368072509766e+00
3.793295025825500488e-01 9.332665443420410156e+00
1.200635147094726562e+01 3.233540296554565430e+00
1.004229736328125000e+01 2.397965669631958008e+00
7.447818756103515625e+00 5.619567394256591797e+00
4.433825969696044922e+00 5.844871044158935547e+00
1.319698452949523926e+00 7.046385288238525391e+00
1.182877635955810547e+01 3.522838592529296875e+00
6.864737987518310547e+00 4.770261764526367188e+00
8.818477392196655273e-01 9.616254806518554688e+00
7.297521591186523438e+00 4.705481529235839844e+00
1.194964408874511719e+01 3.339282989501953125e+00
5.948637127876281738e-01 7.969451427459716797e+00
8.388611078262329102e-01 1.051552295684814453e+01
5.976386666297912598e-01 7.948547840118408203e+00
1.432819128036499023e+00 7.162254810333251953e+00
3.197836160659790039e+00 7.774613857269287109e+00
1.058716678619384766e+01 3.161438941955566406e+00
4.776926934719085693e-01 9.465627670288085938e+00
9.670300483703613281e-01 9.494599342346191406e+00
7.664539337158203125e+00 5.706866264343261719e+00
8.140163421630859375e+00 6.373877525329589844e+00
1.039207744598388672e+01 4.496586322784423828e+00
1.925318241119384766e+00 7.024025440216064453e+00
7.061088085174560547e+00 6.163859367370605469e+00
8.204777717590332031e+00 5.061060905456542969e+00
4.746549606323242188e+00 5.715053081512451172e+00
1.134236145019531250e+01 1.418692231178283691e+00
4.725646495819091797e+00 4.817925453186035156e+00
3.290086984634399414e+00 7.601030349731445312e+00
7.123733520507812500e+00 4.957176208496093750e+00
7.557925224304199219e+00 5.206064224243164062e+00
5.374742507934570312e+00 4.523117542266845703e+00
4.346991539001464844e+00 6.418476104736328125e+00
8.332667350769042969e+00 6.475635528564453125e+00
1.693517327308654785e+00 7.389403820037841797e+00
8.384838104248046875e+00 6.333899021148681641e+00
1.967836260795593262e+00 6.713662147521972656e+00
8.510587692260742188e+00 6.257798671722412109e+00
1.020700931549072266e+01 4.375825405120849609e+00
3.385338068008422852e+00 7.126984119415283203e+00
8.209776878356933594e+00 4.333066463470458984e+00
6.072009563446044922e+00 4.510265827178955078e+00
2.807031154632568359e+00 8.002232551574707031e+00
8.130407333374023438e+00 4.733720302581787109e+00
-2.479230463504791260e-01 9.334379196166992188e+00
7.575979232788085938e+00 4.498053073883056641e+00
2.120166778564453125e+00 6.722403526306152344e+00
1.140658020973205566e+00 6.466276645660400391e+00
1.018577957153320312e+01 2.928837299346923828e+00
1.111738300323486328e+01 2.103052377700805664e+00
1.135791540145874023e+00 6.483805656433105469e+00
1.095626544952392578e+01 1.894474625587463379e+00
6.870577335357666016e+00 5.560780525207519531e+00
6.875700354576110840e-01 7.521736621856689453e+00
6.915488839149475098e-01 1.008112907409667969e+01
1.158300971984863281e+01 3.394172668457031250e+00
1.131494903564453125e+01 1.523163437843322754e+00
3.359371662139892578e+00 7.452216625213623047e+00
1.048137855529785156e+01 2.029041051864624023e+00
1.072482776641845703e+01 1.949205279350280762e+00
3.362637758255004883e+00 7.002987861633300781e+00
2.471024990081787109e+00 8.860509872436523438e+00
1.180411815643310547e+01 3.285182714462280273e+00
-3.607899248600006104e-01 9.179096221923828125e+00
4.354935169219970703e+00 5.543695449829101562e+00
8.295586585998535156e+00 6.451905250549316406e+00
4.536737442016601562e+00 6.372910976409912109e+00
1.000618267059326172e+01 2.989093065261840820e+00
7.579400539398193359e-01 9.481277465820312500e+00
