1.990000000000000000e+04
1.982090928141581753e+04
1.974208075207613365e+04
1.966351441198094835e+04
1.958521026113025800e+04
1.950716829952406988e+04
1.942938852716237307e+04
1.935187094404518211e+04
1.927461555017248247e+04
1.919762234554428505e+04
1.912089133016058258e+04
1.904442250402137870e+04
1.896821586712667340e+04
1.889227141947646305e+04
1.881658916107075493e+04
1.874116909190954175e+04
1.866601121199282716e+04
1.859111552132061479e+04
1.851648201989289373e+04
1.844211070770967490e+04
1.836800158477094737e+04
1.829415465107672571e+04
1.822056990662699536e+04
1.814724735142176723e+04
1.807418698546103406e+04
1.800138880874479946e+04
1.792885282127306709e+04
1.785657902304582967e+04
1.778456741406308720e+04
1.771281799432484695e+04
1.764133076383110165e+04
1.757010572258185130e+04
1.749914287057710317e+04
1.742844220781685362e+04
1.735800373430109903e+04
1.728782745002984302e+04
1.721791335500308560e+04
1.714826144922082676e+04
1.707887173268306651e+04
1.700974420538980121e+04
1.694087886734103449e+04
1.687227571853676636e+04
1.680393475897699682e+04
1.673585598866172586e+04
1.666803940759094985e+04
1.660048501576466879e+04
1.653319281318288995e+04
1.646616279984560970e+04
1.639939497575282803e+04
1.633288934090454131e+04
1.626664589530075500e+04
1.620066463894146364e+04
1.613494557182667268e+04
1.606948869395638030e+04
1.600429400533058288e+04
1.593936150594928404e+04
1.587469119581248378e+04
1.581028307492017848e+04
1.574613714327237358e+04
1.568225340086906726e+04
1.561863184771025772e+04
1.555527248379594675e+04
1.549217530912613256e+04
1.542934032370081695e+04
1.536676752751999811e+04
1.530445692058367604e+04
1.524240850289185255e+04
1.518062227444452947e+04
1.511909823524170315e+04
1.505783638528337542e+04
1.499683672456954446e+04
1.493609925310021208e+04
1.487562397087537465e+04
1.481541087789503945e+04
1.475545997415919737e+04
1.469577125966785752e+04
1.463634473442101444e+04
1.457718039841866630e+04
1.451827825166081857e+04
1.445963829414746760e+04
1.440126052587861705e+04
1.434314494685425962e+04
1.428529155707440259e+04
1.422770035653904415e+04
1.417037134524818248e+04
1.411330452320182121e+04
1.405649989039995489e+04
1.399995744684258534e+04
1.394367719252971619e+04
1.388765912746134563e+04
1.383190325163747184e+04
1.377640956505809299e+04
1.372117806772321637e+04
1.366620875963283470e+04
1.361150164078695161e+04
1.355705671118556711e+04
1.350287397082868119e+04
1.344895341971629205e+04
1.339529505784840148e+04
1.334189888522500405e+04
1.328876490184611066e+04
1.323589310771171222e+04
1.318328350282181236e+04
1.313093608717641109e+04
1.307885086077550477e+04
1.302702782361910067e+04
1.297546697570718970e+04
1.292416831703978096e+04
1.287313184761686716e+04
1.282235756743845195e+04
1.277184547650453351e+04
1.272159557481511365e+04
1.267160786237019420e+04
1.262188233916976787e+04
1.257241900521384377e+04
1.252321786050241280e+04
1.247427890503548588e+04
1.242560213881305390e+04
1.237718756183511869e+04
1.232903517410168024e+04
1.228114497561274220e+04
1.223351696636830093e+04
1.218615114636835642e+04
1.213904751561291232e+04
1.209220607410196499e+04
1.204562682183551442e+04
1.199930975881356244e+04
1.195325488503610904e+04
1.190746220050315242e+04
1.186193170521469438e+04
1.181666339917073128e+04
1.177165728237127041e+04
1.172691335481630449e+04
1.168243161650583897e+04
1.163821206743987022e+04
1.159425470761839824e+04
1.155055953704142667e+04
1.150712655570894822e+04
1.146395576362097017e+04
1.142104716077749072e+04
1.137840074717850985e+04
1.133601652282402756e+04
1.129389448771404022e+04
1.125203464184855147e+04
1.121043698522755949e+04
1.116910151785106609e+04
1.112802823971907310e+04
1.108721715083157505e+04
1.104666825118857378e+04
1.100638154079007290e+04
1.096635701963607062e+04
1.092659468772656328e+04
1.088709454506155635e+04
1.084785659164104436e+04
1.080888082746503278e+04
1.077016725253351797e+04
1.073171586684650174e+04
1.069352667040398592e+04
1.065559966320596322e+04
1.061793484525243912e+04
1.058053221654341178e+04
1.054339177707888484e+04
1.050651352685885649e+04
1.046989746588332491e+04
1.043354359415229192e+04
1.039745191166575387e+04
1.036162241842371805e+04
1.032605511442617717e+04
1.029074999967313488e+04
1.025570707416458936e+04
1.022092633790054242e+04
1.018640779088099407e+04
1.015215143310594249e+04
1.011815726457538767e+04
1.008442528528933326e+04
1.005095549524777562e+04
1.001774789445071656e+04
9.984802482898154267e+03
9.952119260590090562e+03
9.919698227526523624e+03
9.887539383707455272e+03
9.855642729132883687e+03
9.824008263802810689e+03
9.792635987717236276e+03
9.761525900876158630e+03
9.730678003279579571e+03
9.700092294927499097e+03
9.669768775819915390e+03
9.639707445956830270e+03
9.609908305338241917e+03
9.580371353964150330e+03
9.551096591834559149e+03
9.522084018949464735e+03
9.493333635308868907e+03
9.464845440912769845e+03
9.436619435761167551e+03
9.408655619854063843e+03
9.380953993191460540e+03
9.353514555773354004e+03
9.326337307599744236e+03
