1.058326500000000000e+06
1.023063406711426447e+06
9.900705458076015348e+05
9.593479172885239823e+05
9.308955211541969329e+05
9.047133574046184076e+05
8.808014260397874750e+05
8.591597270597062306e+05
8.397882604643733939e+05
8.226870262537893141e+05
8.078560244279525941e+05
7.952952549868664937e+05
7.850047179305277532e+05
7.769844132589383516e+05
7.712343409720973577e+05
7.677545010700050043e+05
7.665448935526610585e+05
7.676055184200664517e+05
7.709363756722206017e+05
7.765374653091228101e+05
7.844087873307727277e+05
7.945503417371734977e+05
8.069621285283216275e+05
8.216441477042178158e+05
8.385963992648635758e+05
8.578188832102587912e+05
8.793115995404013665e+05
9.030745482552926987e+05
9.291077293549336027e+05
9.574111428393218666e+05
9.879847887084597023e+05
1.020828666962347110e+06
1.055942777600981295e+06
1.093327120624364819e+06
1.132981696032496868e+06
1.174906503825377673e+06
1.219101544003008632e+06
1.265566816565385088e+06
1.314302321512513794e+06
1.365308058844388928e+06
1.418584028561013052e+06
1.474130230662385235e+06
1.531946665148507571e+06
1.592033332019378431e+06
1.654390231274998281e+06
1.719017362915364793e+06
1.785914726940481458e+06
1.855082323350346647e+06
1.926520152144959662e+06
2.000228213324320503e+06
2.076206506888434058e+06
2.154455032837294042e+06
2.234973791170901153e+06
2.317762781889257487e+06
2.402822004992362577e+06
2.490151460480215959e+06
2.579751148352820892e+06
2.671621068610171787e+06
2.765761221252274700e+06
2.862171606279123109e+06
2.960852223690719344e+06
3.061803073487067595e+06
3.165024155668162741e+06
3.270515470234005712e+06
3.378277017184596509e+06
3.488308796519939322e+06
3.600610808240032289e+06
3.715183052344867494e+06
3.832025528834452853e+06
3.951138237708788831e+06
4.072521178967874032e+06
4.196174352611703798e+06
4.322097758640290238e+06
4.450291397053616121e+06
4.580755267851699144e+06
4.713489371034525335e+06
4.848493706602100283e+06
4.985768274554430507e+06
5.125313074891496450e+06
5.267128107613325119e+06
5.411213372719894163e+06
5.557568870211218484e+06
5.706194600087281317e+06
5.857090562348098494e+06
6.010256756993663497e+06
6.165693184023986571e+06
6.323399843439036980e+06
6.483376735238855705e+06
6.645623859423413873e+06
6.810141215992721729e+06
6.976928804946782067e+06
7.145986626285582781e+06
7.317314680009136908e+06
7.490912966117453761e+06
7.666781484610499814e+06
7.844920235488294624e+06
8.025329218750846572e+06
8.208008434398151003e+06
8.392957882430201396e+06
8.580177562846984714e+06
8.769667475648535416e+06
8.961427620834825560e+06
9.155457998405870050e+06
9.351758608361655846e+06
9.550329450702201575e+06
9.751170525427483022e+06
9.954281832537518814e+06
1.015966337203230336e+07
1.036731514391183853e+07
1.057723714817611873e+07
