2.116653000000000000e+06
2.037384262459200807e+06
1.965939528632326284e+06
1.902318798519372940e+06
1.846522072120346362e+06
1.798549349435246084e+06
1.758400630464069545e+06
1.726075915206817444e+06
1.701575203663487919e+06
1.684898495834084461e+06
1.676045791718605207e+06
1.675017091317048995e+06
1.681812394629418850e+06
1.696431701655711979e+06
1.718875012395929312e+06
1.749142326850072946e+06
1.787233645018139388e+06
1.833148966900132364e+06
1.886888292496045819e+06
1.948451621805887669e+06
2.017838954829652794e+06
2.095050291567342822e+06
2.180085632018954959e+06
2.272944976184494328e+06
2.373628324063955341e+06
2.482135675657341257e+06
2.598467030964654405e+06
2.722622389985889662e+06
2.854601752721050289e+06
2.994405119170133024e+06
3.142032489333146717e+06
3.297483863210075069e+06
3.460759240800936241e+06
3.631858622105720453e+06
3.810782007124423049e+06
3.997529395857055206e+06
4.192100788303614128e+06
4.394496184464089572e+06
4.604715584338493645e+06
4.822758987926824018e+06
5.048626395229080692e+06
5.282317806245254353e+06
5.523833220975358039e+06
5.773172639419384301e+06
6.030336061577341519e+06
6.295323487449212931e+06
6.568134917035011575e+06
6.848770350334732793e+06
7.137229787348387763e+06
7.433513228075962514e+06
7.737620672517456114e+06
8.049552120672883466e+06
8.369307572542229667e+06
8.696887028125500306e+06
9.032290487422697246e+06
9.375517950433813035e+06
9.726569417158856988e+06
1.008544488759782910e+07
1.045214436175071634e+07
1.082666783961753733e+07
1.120901532119828276e+07
1.159918680649293959e+07
1.199718229550153948e+07
1.240300178822404705e+07
1.281664528466048650e+07
1.323811278481085971e+07
1.366740428867514990e+07
1.410451979625335708e+07
1.454945930754549615e+07
1.500222282255155779e+07
1.546281034127154946e+07
1.593122186370545253e+07
1.640745738985329866e+07
1.689151691971504688e+07
1.738340045329073444e+07
1.788310799058035389e+07
1.839063953158388659e+07
1.890599507630132511e+07
1.942917462473271787e+07
1.996017817687802017e+07
2.049900573273725435e+07
2.104565729231041297e+07
2.160013285559750721e+07
2.216243242259847745e+07
2.273255599331342801e+07
2.331050356774228439e+07
2.389627514588505775e+07
2.448987072774175182e+07
2.509129031331237778e+07
2.570053390259692073e+07
2.631760149559542164e+07
2.694249309230779111e+07
2.757520869273412973e+07
2.821574829687437043e+07
2.886411190472852811e+07
2.952029951629666612e+07
3.018431113157865405e+07
3.085614675057463720e+07
3.153580637328449264e+07
3.222328999970829859e+07
3.291859762984600663e+07
3.362172926369762421e+07
3.433268490126321465e+07
3.505146454254271835e+07
3.577806818753609061e+07
3.651249583624348789e+07
3.725474748866470158e+07
3.800482314479992539e+07
3.876272280464904755e+07
3.952844646821206063e+07
4.030199413548906147e+07
4.108336580647992343e+07
4.187256148118475825e+07
4.266958115960348397e+07
4.347442484173615277e+07
4.428709252758275717e+07
4.510758421714321524e+07
4.593589991041764617e+07
4.677203960740600526e+07
4.761600330810829252e+07
4.846779101252453029e+07
4.932740272065465152e+07
5.019483843249872327e+07
5.107009814805671573e+07
5.195318186732864380e+07
5.284408959031443298e+07
5.374282131701415777e+07
5.464937704742788523e+07
5.556375678155548126e+07
5.648596051939694583e+07
5.741598826095246524e+07
5.835384000622181594e+07
5.929951575520512462e+07
6.025301550790233910e+07
6.121433926431353390e+07
6.218348702443856746e+07
6.316045878827752173e+07
6.414525455583052337e+07
6.513787432709737122e+07
6.613831810207811743e+07
6.714658588077287376e+07
6.816267766318145394e+07
6.918659344930398464e+07
7.021833323914048076e+07
7.125789703269091249e+07
7.230528482995519042e+07
7.336049663093344867e+07
7.442353243562559783e+07
7.549439224403166771e+07
7.657307605615168810e+07
7.765958387198565900e+07
7.875391569153355062e+07
7.985607151479527354e+07
8.096605134177102149e+07
8.208385517246061563e+07
8.320948300686421990e+07
8.434293484498170018e+07
8.548421068681307137e+07
8.663331053235845268e+07
8.779023438161766529e+07
8.895498223459093273e+07
9.012755409127792716e+07
9.130794995167896152e+07
9.249616981579397619e+07
9.369221368362288177e+07
9.489608155516572297e+07
9.610777343042246997e+07
9.732728930939303339e+07
9.855462919207763672e+07
9.978979307847607136e+07
1.010327809685885161e+08
1.022835928624149859e+08
1.035422287599552125e+08
1.048086886612093300e+08
1.060829725661775470e+08
1.073650804748596102e+08
1.086550123872555494e+08
1.099527683033654690e+08
1.112583482231893688e+08
1.125717521467270106e+08
1.138929800739787370e+08
1.152220320049443543e+08
1.165589079396238476e+08
1.179036078780172020e+08
1.192561318201246113e+08
1.206164797659460455e+08
1.219846517154811770e+08
1.233606476687303483e+08
1.247444676256934851e+08
1.261361115863704830e+08
1.275355795507613271e+08
1.289428715188661218e+08
1.303579874906848818e+08
1.317809274662175626e+08
1.332116914454642087e+08
1.346502794284248054e+08
1.360966914150993824e+08
1.375509274054876566e+08
1.390129873995900154e+08
1.404828713974061906e+08
