2.116653000000000000e+06
2.111588860490560066e+06
2.106870203541302122e+06
2.102497029152224306e+06
2.098469337323332205e+06
2.094787128054618835e+06
2.091450401346089318e+06
2.088459157197739696e+06
2.085813395609570434e+06
2.083513116581586422e+06
2.081558320113783004e+06
2.079949006206160644e+06
2.078685174858721672e+06
2.077766826071463991e+06
2.077193959844389698e+06
2.076966576177495532e+06
2.077084675070780795e+06
2.077548256524249213e+06
2.078357320537903113e+06
2.079511867111733882e+06
2.081011896245750831e+06
2.082857407939946046e+06
2.085048402194326743e+06
2.087584879008885240e+06
2.090466838383627357e+06
2.093694280318553792e+06
2.097267204813657794e+06
2.101185611868945416e+06
2.105449501484415960e+06
2.110058873660067096e+06
2.115013728395900689e+06
2.120314065691915341e+06
2.125959885548113845e+06
2.131951187964491546e+06
2.138287972941052169e+06
2.144970240477794316e+06
2.151997990574717987e+06
2.159371223231826443e+06
2.167089938449114561e+06
2.175154136226582807e+06
2.183563816564234439e+06
2.192318979462068528e+06
2.201419624920086004e+06
2.210865752938280813e+06
2.220657363516661339e+06
2.230794456655221991e+06
2.241277032353963237e+06
2.252105090612889733e+06
2.263278631431996357e+06
2.274797654811282642e+06
2.286662160750753246e+06
2.298872149250403978e+06
2.311427620310240425e+06
2.324328573930255603e+06
2.337575010110451840e+06
2.351166928850831464e+06
2.365104330151392613e+06
2.379387214012135752e+06
2.394015580433059949e+06
2.408989429414168000e+06
2.424308760955455247e+06
2.439973575056924485e+06
2.455983871718578972e+06
2.472339650940412190e+06
2.489040912722427864e+06
2.506087657064627390e+06
2.523479883967003319e+06
2.541217593429566361e+06
2.559300785452309530e+06
2.577729460035233293e+06
2.596503617178340442e+06
2.615623256881629117e+06
2.635088379145098850e+06
2.654898983968753368e+06
2.675055071352584288e+06
2.695556641296602320e+06
2.716403693800800480e+06
2.737596228865179233e+06
2.759134246489740442e+06
2.781017746674484573e+06
2.803246729419410694e+06
2.825821194724517874e+06
2.848741142589805182e+06
2.872006573015279137e+06
2.895617486000929028e+06
2.919573881546764169e+06
2.943875759652779438e+06
2.968523120318977162e+06
2.993515963545357343e+06
3.018854289331920445e+06
3.044538097678663675e+06
3.070567388585588429e+06
3.096942162052697036e+06
3.123662418079982977e+06
3.150728156667455565e+06
3.178139377815108281e+06
3.205896081522940192e+06
3.233998267790961545e+06
3.262445936619161628e+06
3.291239088007539511e+06
3.320377721956101246e+06
3.349861838464844041e+06
3.379691437533767894e+06
3.409866519162878394e+06
3.440387083352167625e+06
3.471253130101636518e+06
3.502464659411290195e+06
3.534021671281126793e+06
3.565924165711138397e+06
3.598172142701336648e+06
3.630765602251722012e+06
3.663704544362279586e+06
3.696988969033027068e+06
3.730618876263950486e+06
3.764594266055060551e+06
3.798915138406351674e+06
3.833581493317819666e+06
3.868593330789477099e+06
3.903950650821313728e+06
3.939653453413325362e+06
3.975701738565528765e+06
4.012095506277903914e+06
4.048834756550469901e+06
4.085919489383208100e+06
4.123349704776138999e+06
4.161125402729244437e+06
4.199246583242535591e+06
4.237713246316008270e+06
4.276525391949659213e+06
4.315683020143493079e+06
4.355186130897508003e+06
4.395034724211710505e+06
4.435228800086091273e+06
4.475768358520657755e+06
4.516653399515395053e+06
4.557883923070320860e+06
4.599459929185434245e+06
4.641381417860719375e+06
4.683648389096192084e+06
4.726260842891847715e+06
4.769218779247686267e+06
4.812522198163702153e+06
4.856171099639903754e+06
4.900165483676279895e+06
4.944505350272847340e+06
4.989190699429587461e+06
5.034221531146515161e+06
5.079597845423621126e+06
5.125319642260913737e+06
5.171386921658382751e+06
5.217799683616037481e+06
5.264557928133876063e+06
5.311661655211891048e+06
5.359110864850089885e+06
5.406905557048476301e+06
5.455045731807030737e+06
5.503531389125781134e+06
5.552362529004705139e+06
5.601539151443812996e+06
5.651061256443105638e+06
5.700928844002572820e+06
5.751141914122236893e+06
5.801700466802067123e+06
5.852604502042082138e+06
5.903854019842281938e+06
5.955449020202670246e+06
6.007389503123234026e+06
6.059675468603975140e+06
6.112306916644896381e+06
6.165283847246009856e+06
6.218606260407302529e+06
6.272274156128766946e+06
6.326287534410427324e+06
6.380646395252263173e+06
6.435350738654283807e+06
6.490400564616479911e+06
6.545795873138860799e+06
6.601536664221421815e+06
6.657622937864169478e+06
6.714054694067102857e+06
6.770831932830207050e+06
6.827954654153503478e+06
6.885422858036966063e+06
6.943236544480625540e+06
7.001395713484458625e+06
7.059900365048479289e+06
7.118750499172681943e+06
7.177946115857061930e+06
7.237487215101627633e+06
7.297373796906369738e+06
7.357605861271301284e+06
7.418183408196400851e+06
7.479106437681695446e+06
7.540374949727167375e+06
7.601988944332817569e+06
7.663948421498662792e+06
7.726253381224677898e+06
7.788903823510878719e+06
7.851899748357257806e+06
7.915241155763826333e+06
