1.058326500000000000e+06
1.033926560811438016e+06
1.017502859451727592e+06
1.009055395920872572e+06
1.008584170218870393e+06
1.016089182345723151e+06
1.031570432301428169e+06
1.055027920085987775e+06
1.086461645699400222e+06
1.125871609141666675e+06
1.173257810412786668e+06
1.228620249512759736e+06
1.291958926441586344e+06
1.363273841199266259e+06
1.442564993785799714e+06
1.529832384201188805e+06
1.625076012445430038e+06
1.728295878518524813e+06
1.839491982420474058e+06
1.958664324151275912e+06
2.085812903710932471e+06
2.220937721099441871e+06
2.364038776316804811e+06
2.515116069363022223e+06
2.674169600238092709e+06
2.841199368942018133e+06
3.016205375474791974e+06
3.199187619836423080e+06
3.390146102026909590e+06
3.589080822046248708e+06
3.795991779894435313e+06
4.010878975571486168e+06
4.233742409077382647e+06
4.464582080412137322e+06
4.703397989575739019e+06
4.950190136568199843e+06
5.204958521389518864e+06
5.467703144039683975e+06
5.738424004518703558e+06
6.017121102826575749e+06
6.303794438963295892e+06
6.598444012928881682e+06
6.901069824723314494e+06
7.211671874346606433e+06
7.530250161798752844e+06
7.856804687079740688e+06
8.191335450189594179e+06
8.533842451128304005e+06
8.884325689895855263e+06
9.242785166492279619e+06
9.609220880917526782e+06
9.983632833171647042e+06
1.036602102325461432e+07
1.075638545116644166e+07
1.115472611690711230e+07
1.156104302047664858e+07
1.197533616187503934e+07
1.239760554110228270e+07
1.282785115815837309e+07
1.326607301304332353e+07
1.371227110575712845e+07
1.416644543629978038e+07
1.462859600467127748e+07
1.509872281087163463e+07
1.557682585490085185e+07
1.606290513675892167e+07
1.655696065644584037e+07
1.705899241396161541e+07
1.756900040930625424e+07
1.808698464247973263e+07
1.861294511348208040e+07
1.914688182231328264e+07
1.968879476897328347e+07
2.023868395346218348e+07
2.079654937577994913e+07
2.136239103592653945e+07
2.193620893390202150e+07
2.251800306970630214e+07
2.310777344333947822e+07
2.370552005480149388e+07
2.431124290409237146e+07
2.492494199121209979e+07
2.554661731616068631e+07
2.617626887893809751e+07
2.681389667954437062e+07
2.745950071797952801e+07
2.811308099424351007e+07
2.877463750833639130e+07
2.944417026025806367e+07
3.012167925000865012e+07
3.080716447758805379e+07
3.150062594299628586e+07
3.220206364623344690e+07
3.291147758729937673e+07
3.362886776619420201e+07
3.435423418291787058e+07
3.508757683747038990e+07
3.582889572985181212e+07
3.657819086006204784e+07
3.733546222810112685e+07
3.810070983396907151e+07
3.887393367766588181e+07
3.965513375919151306e+07
4.044431007854600996e+07
4.124146263572937250e+07
4.204659143074157089e+07
4.285969646358262748e+07
4.368077773425260186e+07
4.450983524275129288e+07
4.534686898907895386e+07
