7.624500000000000000e+04
7.454812043659495248e+04
7.287416675242999918e+04
7.122313894750518375e+04
6.959503702182044799e+04
6.798986097537582100e+04
6.640761080817130278e+04
6.484828652020687878e+04
6.331188811148254899e+04
6.179841558199833526e+04
6.030786893175422301e+04
5.884024816075021954e+04
5.739555326898632484e+04
5.597378425646251708e+04
5.457494112317882536e+04
5.319902386913523515e+04
5.184603249433173914e+04
5.051596699876835919e+04
4.920882738244506618e+04
4.792461364536190376e+04
4.666332578751882102e+04
4.542496380891584704e+04
4.420952770955298911e+04
4.301701748943021812e+04
4.184743314854756318e+04
4.070077468690501701e+04
3.957704210450255050e+04
3.847623540134020732e+04
3.739835457741796563e+04
3.634339963273582543e+04
3.531137056729378673e+04
3.430226738109184953e+04
3.331609007413002109e+04
3.235283864640829415e+04
3.141251309792667598e+04
3.049511342868515203e+04
2.960063963868374049e+04
2.872909172792242680e+04
2.788046969640121461e+04
2.705477354412011482e+04
2.625200327107910925e+04
2.547215887727821610e+04
2.471524036271742079e+04
2.398124772739673426e+04
2.327018097131614923e+04
2.258204009447566568e+04
2.191682509687528727e+04
2.127453597851501036e+04
2.065517273939484221e+04
2.005873537951477192e+04
1.948522389887481404e+04
1.893463829747494674e+04
1.840697857531519185e+04
1.790224473239553845e+04
1.742043676871599018e+04
1.696155468427654341e+04
1.652559847907720541e+04
1.611256815311796527e+04
1.572246370639883571e+04
1.535528513891980037e+04
1.501103245068087017e+04
1.468970564168205237e+04
1.439130471192332880e+04
1.411582966140471399e+04
1.386328049012620249e+04
1.363365719808779249e+04
1.342695978528948581e+04
1.324318825173128607e+04
1.308234259741318965e+04
1.294442282233519654e+04
1.282942892649730311e+04
1.273736090989951845e+04
1.266821877254183346e+04
1.262200251442425360e+04
1.259871213554678252e+04
1.259834763590940747e+04
1.262090901551213938e+04
1.266639627435497277e+04
1.273480941243791131e+04
1.282614842976095497e+04
1.294041332632410376e+04
1.307760410212735405e+04
1.323772075717070948e+04
1.342076329145416639e+04
1.362673170497772298e+04
1.385562599774139380e+04
1.410744616974515702e+04
1.438219222098903083e+04
1.467986415147300431e+04
1.500046196119708475e+04
1.534398565016126850e+04
1.571043521836555374e+04
1.609981066580994593e+04
1.651211199249444326e+04
1.694733919841903480e+04
1.740549228358373875e+04
1.788657124798854056e+04
1.839057609163345114e+04
1.891750681451847049e+04
1.946736341664358042e+04
2.004014589800879548e+04
2.063585425861411932e+04
2.125448849845954828e+04
2.189604861754508238e+04
2.256053461587072161e+04
2.324794649343644778e+04
2.395828425024229364e+04
2.469154788628824099e+04
2.544773740157428983e+04
2.622685279610044745e+04
2.702889406986670656e+04
2.785386122287306353e+04
2.870175425511952562e+04
2.957257316660608922e+04
3.046631795733277249e+04
3.138298862729954999e+04
3.232258517650640715e+04
3.328510760495339491e+04
3.427055591264048417e+04
3.527893009956768219e+04
3.631023016573497443e+04
3.736445611114235362e+04
3.844160793578986340e+04
3.954168563967747468e+04
4.066468922280518746e+04
4.181061868517300172e+04
4.297947402678091021e+04
4.417125524762892019e+04
4.538596234771704621e+04
4.662359532704527373e+04
4.788415418561361730e+04
4.916763892342202598e+04
5.047404954047056526e+04
5.180338603675921331e+04
5.315564841228795558e+04
5.453083666705682845e+04
5.592895080106575188e+04
5.734999081431481318e+04
5.879395670680397598e+04
6.026084847853324027e+04
6.175066612950261333e+04
6.326340965971205151e+04
6.479907906916164211e+04
6.635767435785134148e+04
6.793919552578110597e+04
6.954364257295100833e+04
7.117101549936097581e+04
7.282131430501106661e+04
7.449453898990126618e+04
7.619068955403158907e+04
7.790976599740197707e+04
7.965176832001250295e+04
8.141669652186307940e+04
8.320455060295380827e+04
8.501533056328461680e+04
8.684903640285556321e+04
8.870566812166660384e+04
9.058522571971768048e+04
9.248770919700893865e+04
9.441311855354027648e+04
9.636145378931172309e+04
9.833271490432326391e+04
1.003269018985748844e+05
1.023440147720666573e+05
1.043840535247985099e+05
1.064470181567704858e+05
1.085329086679825414e+05
1.106417250584346621e+05
1.127734673281269497e+05
1.149281354770593316e+05
1.171057295052318223e+05
1.193062494126444217e+05
1.215296951992970426e+05
1.237760668651898450e+05
1.260453644103227707e+05
1.283375878346957761e+05
1.306527371383088903e+05
1.329908123211620259e+05
1.353518133832553576e+05
1.377357403245887544e+05
1.401425931451623037e+05
1.425723718449759181e+05
1.450250764240296267e+05
1.475007068823234586e+05
1.499992632198573847e+05
1.525207454366314050e+05
1.550651535326455778e+05
1.576324875078997575e+05
1.602227473623940896e+05
1.628359330961285450e+05
1.654720447091030946e+05
1.681310822013177967e+05
1.708130455727724766e+05
1.735179348234673671e+05
1.762457499534023518e+05
1.789964909625774308e+05
1.817701578509926039e+05
1.845667506186479004e+05
1.873862692655432329e+05
1.902287137916787178e+05
