6.782444836792438370e-01 4.142901791409270840e-01
4.731528099759007566e-01 5.339656497539554403e-01
4.677923663073261795e-01 4.822869781367657427e-01
4.286095796024546045e-01 5.392176178123778696e-01
8.371024193131753055e-01 6.912868944956559458e-01
8.820943667892777729e-01 8.183434390252493085e-01
1.057660521904834061e+00 5.278173554687172198e-01
1.084702762933805520e+00 5.444730841590391668e-01
9.348578261429878467e-01 3.687132493624512564e-01
5.742378410890627283e-01 6.640522556784335118e-01
4.931487667252602014e-01 6.996630436407773601e-01
5.799803765907913800e-01 6.732426849788525347e-01
5.787406374975377910e-01 9.708032945917736134e-01
-3.770904388601730717e-01 -1.132239981105075399e-01
3.920972030459696916e-02 2.013728024029661640e-02
3.324873718274232864e-02 2.673861500737298100e-02
2.533667050551452818e-02 -4.937696469040183528e-02
-4.575823811675643338e-01 -1.113416500542855486e-01
-4.355408137998210139e-01 -5.236767118072336302e-01
-2.800457604565993464e-01 -2.648499301720074750e-01
-3.933585064164661360e-01 -9.736810090963994579e-02
-3.227514361854491587e-01 -2.660997050893802451e-01
-4.458488010361771892e-01 7.876331713098783105e-02
1.498055684599883166e-03 4.290670771650215848e-02
7.658691732898920135e-01 6.872052805032333733e-01
6.225006732375543139e-01 6.304506876338800136e-01
9.063777700808428595e-01 2.583448221678155687e-01
9.248833808950649438e-01 6.207203099327781443e-02
-4.575823811672026231e-01 -1.113416500550410138e-01
-3.517568572153396134e-01 -1.442786875716486616e-01
-4.270573299717653204e-01 -6.148809376312849156e-02
4.018522281653015213e-03 1.964103431808792433e-01
1.727774915097110564e-01 4.348956922148326798e-02
1.851442780171824454e-01 4.384363583404310427e-02
1.777523216427204233e-01 1.074599699937466186e-02
1.545463062892502570e-01 3.555103633963919291e-02
6.838479982680577551e-01 4.868033627248735118e-01
8.025323995981746839e-01 5.492076573647075577e-01
6.716842830909202089e-01 4.060896470207772113e-01
6.169237267501822553e-01 3.977053905988266469e-01
9.132921004156228095e-01 4.795976078034966394e-01
8.658192237323741880e-01 4.853923727859395520e-01
9.253342040642947852e-01 5.296788951241400145e-01
1.222812976307823679e-01 1.706628333237041606e-01
-2.755011168496084850e-01 -3.559567488635183574e-01
1.712309486463990671e-01 6.734607750814537719e-02
1.282818379192913472e-01 8.401712892686556688e-02
-4.260232705738213888e-01 -7.805794820960533509e-02
-4.458235884022437867e-01 -7.231460284996178711e-02
-4.031684572732845417e-01 -4.198636233863505818e-01
-4.936077677139955044e-01 -1.445417410508769984e-01
-4.856172938413326201e-01 -4.200211484901325010e-01
-5.272175182762210977e-01 -3.760254047854008630e-01
-4.493641764363061619e-01 -4.134926845634367409e-01
-3.856008502164579022e-01 -4.745668764247509830e-01
-3.795373398960521505e-01 -1.434630458073625769e-01
-4.070248070618070479e-01 -2.649643527816183397e-01
-6.746710383029681513e-01 -3.581631271441401698e-01
-2.368060512271141504e-01 -3.616818862737813389e-01
-3.633019939934988285e-01 -2.135729958453297939e-01
6.984773653897183854e-01 4.801998058155992344e-01
7.932164153425622644e-01 5.327086099480511372e-01
6.317823229769394811e-01 3.711321735938287181e-01
6.610108543247078527e-01 4.294179846995810346e-01
5.070288269944911441e-01 4.835378932630802207e-01
9.451588884285392345e-01 6.207186335571733826e-01
7.480979400552811853e-01 3.751906553727357707e-01
7.435630005709714663e-01 3.929038193189351436e-01
8.297562416911220540e-01 5.458620210306629472e-01
-4.394846846268921081e-01 -4.653076937225120724e-01
5.568106571084330270e-01 4.266037495146003389e-01
5.948676919501129090e-01 3.080538877877401771e-01
6.826461957086200627e-01 1.915914817263062175e-01
6.255483547098024122e-01 3.563732183089631245e-01
-3.224216832108925401e-01 3.609426586111872531e-02
-3.007139833578568178e-01 -2.980961518462096893e-01
-3.903580173617184346e-01 1.985853787479802471e-02
-3.958424399394294690e-01 -3.289007484728910802e-01
-3.477730459930537532e-01 -1.813496330804865997e-01
-3.598409864897886834e-01 -2.479680283746355796e-01
-3.597674666769571372e-01 -7.377916989598755360e-02
-4.454136705546305475e-01 -1.586020188011078025e-01
-4.111644573699100857e-01 -2.290650075412727638e-01
7.089336910762480404e-01 4.494461470235546208e-01
5.070288123151224235e-01 4.835379129316610958e-01
6.180133895503918673e-01 4.314251846595095197e-01
5.949739924349239928e-01 2.983264393483339716e-01
5.513868276188244044e-01 4.426371815392526332e-01
9.895563158982847440e-01 5.589130889470221852e-01
7.409553876703588449e-01 5.341066417658832943e-01
7.148681536915478807e-01 4.216907500824427224e-01
6.689903040453780703e-01 3.133565351280884204e-01
1.021346125983790820e+00 5.886959353438662168e-01
1.118762379406603724e+00 5.696385178705278829e-01
7.351727800373226707e-01 4.442473719438834179e-01
1.376098687359094130e-01 1.392284525754530549e-03
2.193204496343437171e-01 -8.132080444315427370e-02
1.106327574787973472e-01 1.787149159068069162e-02
1.544121383752170285e-01 -4.439309035368171896e-02
5.810599250687373263e-02 -6.397634318079801347e-03
-4.036448925387526310e-01 -5.431258145363569989e-01
9.286612265482586670e-01 2.940783241038368856e-01
9.046037046250252622e-01 4.355347533839604712e-01
8.046927342212417678e-01 4.303969850091939886e-01
7.873757676621301327e-01 4.558357756193882615e-01
7.196100977572125745e-02 7.205449046942198621e-02
-3.252372933921974241e-01 -3.619616136201264101e-01
-2.668611663239878751e-01 -3.814486591209917399e-01
-3.445385704706618313e-01 -2.037864220731830378e-01
-6.514789401480228781e-01 -7.264136356470290989e-02
-3.083474488815556303e-01 -3.192229827886377547e-01
-1.043421130777610201e-01 1.505130053020674874e-01
-4.039763976277958024e-01 -1.625799062548007878e-01
6.366731570976942312e-01 4.232203947806554845e-01
7.931686641570310226e-01 8.248103299857872939e-01
-4.890449901309165681e-01 -4.694816015011880062e-01
-4.212886035514284422e-01 -1.845092557931872490e-01
-3.769032036256068086e-01 -5.488207441626338778e-02
-2.947808234628413460e-01 -2.811662320739825513e-02
6.456521220808392192e-01 2.615077577222827965e-01
-3.534902790455906607e-01 1.390313264670266745e-02
-4.865121565179370000e-02 1.918716009964022140e-01
7.793938502943266178e-01 3.359052021675420496e-01
9.422578748018775596e-02 -3.284016507611327296e-02
1.042263967972864303e-01 1.919968066726883762e-02
2.098481539119624040e-01 -3.027965509378487824e-02
-4.407830238391901578e-01 -4.021690809334157457e-01
-3.349965956757152696e-01 -2.157879009682370230e-01
-4.326201505716472107e-01 -5.250745013443469666e-01
-2.902767048962517915e-01 -2.441860828919398263e-01
2.868853770046250196e-01 -5.080427636502843347e-02
2.958114818198540052e-01 -6.889017334043864849e-02
2.207621710659754821e-01 -1.265948347256995628e-02
6.106397659793172394e-01 3.188317361421179608e-01
8.017876713422047441e-01 2.846674857343772791e-01
7.073669101480162258e-01 3.287521934464365803e-01
7.497039042277088283e-01 1.614885583447400463e-01
6.701032886150546375e-01 2.660279190776599911e-01
-3.978492616503362389e-01 -2.295279437341481155e-01
-5.121336704830595776e-01 -2.220421678783388586e-01
-4.420513152599004347e-01 -1.281993472551621605e-01
-5.739301707408751563e-01 -3.176823468596089439e-01
-4.362488154401771290e-01 -4.062295553088131062e-01
-4.828675580908272091e-01 -1.433757265782794055e-01
-4.608154966780937389e-01 -1.989990535838188079e-01
-4.468928872892479198e-01 -9.536516953006415886e-02
-3.493025135792514613e-01 -1.013631109120676221e-01
-3.693719995587669280e-01 -1.475404264910668284e-01
-4.947397448178772472e-01 -2.466171103947319421e-01
1.460170158340976798e-01 -2.120476684152207154e-03
2.169526613350770405e-01 2.729952478397346463e-02
-6.369491636208872432e-02 3.561419310148410400e-01
3.193656521487302224e-02 1.800907455257054757e-01
8.497796461215436636e-01 5.058698947042734595e-01
7.262903226604275897e-01 3.427322881200169924e-01
7.148238570088870647e-01 3.057354028529461476e-01
7.627667465714267347e-01 3.739832081683058806e-01
3.613487736279119011e-01 -2.461773686112285198e-01
3.344494902208154929e-01 -1.206872452127084189e-01
3.291200802050959218e-01 -1.246423564972285319e-01
2.824588701658832801e-01 -1.700255027352308157e-01
1.162153326849983265e-01 8.303224102112849447e-02
5.091773409449811272e-01 1.133379621418976746e-01
5.705007846597675014e-01 1.884218856516124974e-01
-4.304669249567660838e-01 -2.186036815542787559e-01
-2.674895040461713336e-01 -2.270287131940516567e-01
1.061210430472684790e-01 1.878094399431181824e-02
-2.496673536960969941e-01 -3.132284147555068898e-01
-3.466759182190066735e-01 -1.024897235883155330e-03
-4.259576703136134790e-01 -2.528366090680651546e-01
-2.886186828743766419e-01 -2.196465994110196884e-01
3.415545108215493290e-03 7.653710798023009854e-02
-5.338234937560601967e-01 -1.280761488247166291e-01
1.597337908648154836e-01 -5.828710236476922213e-02
-3.275306268119382858e-01 -9.649719500037970410e-02
-2.230950175796804769e-01 -2.470601952217238717e-01
-3.157219952109339700e-01 -1.577878585561288960e-02
-3.679791690983123531e-01 6.038295738372886912e-02
-5.077362307247214046e-01 -3.538777931726850290e-01
-3.661655171542432807e-01 -1.608334123275300398e-01
-3.706857184377136960e-01 -2.437821219758604663e-01
-3.170867300536405198e-01 -9.908160728680850959e-02
-3.724783355809466179e-01 -2.966550999875172123e-01
-4.243271857789288615e-01 -1.661903048356659363e-01
6.261713228432765899e-01 3.420626637983372187e-01
6.373677677186839752e-01 3.881938353632632954e-01
5.832518030664557429e-01 2.553503627296165868e-01
6.725372106597178323e-01 4.325276464317119318e-01
1.357092468863754786e-01 3.783047139635350997e-02
1.795439384453307863e-01 9.870080790932227177e-02
1.027761040684673638e-01 -1.308448673874743340e-01
1.536716000530601867e-01 -9.059560879096702213e-02
-3.771506507313981404e-01 -5.906655269696948762e-01
-3.321314886650764686e-01 -5.598644329581647927e-01
-5.291730531613426658e-01 -1.398553940456728206e-01
-5.100451490922357500e-01 -3.487461213365627977e-01
2.428913945904033755e-01 -8.666926160136652346e-02
-2.824987865872791160e-02 3.558996203465146224e-01
2.567379023769009172e-01 2.057659977205928900e-02
2.140234001796406382e-01 -8.737950427621074545e-02
-5.829930123777113948e-01 -1.773620913153045597e-02
-4.613156579338284491e-01 -2.914042154476325086e-01
-4.243191722454115467e-01 -2.393074033894703467e-01
-3.981734524186670843e-01 -2.651982503826216114e-02
-2.412773762406750788e-01 -5.712177986959290216e-02
5.900733220245848454e-01 3.995609822245291820e-01
-4.838417495590736084e-01 1.895995931158792613e-01
-7.695273978082096088e-03 6.597496117672677074e-02
1.102242847888830618e-01 1.765347381800816962e-01
7.490618050296442565e-01 4.967280579928628481e-01
6.229907873455764467e-01 4.648799618242008269e-01
5.712874953832237646e-01 2.611299706815704558e-01
5.587608672390418363e-01 3.904754368163391165e-01
-4.082159924176551602e-01 -3.615260162522379028e-01
-4.361894478552124088e-01 -1.419042686937496689e-01
-4.844047835643610078e-01 -4.025075334243020109e-01
-3.642114902379932073e-01 -1.364651020294507799e-01
-4.731254077707133243e-01 -2.836388164491617236e-01
5.490091281092333020e-01 4.188548968086964752e-01
2.782644348880396468e-01 5.421019325871070382e-01
6.284889255186697499e-01 3.531622870846543027e-01
6.464360890269473803e-01 2.399675222960396814e-01
2.376193279175052575e-01 1.717117285975396784e-02
1.996494604492815850e-01 -1.975389731285032147e-02
2.390081071209312902e-01 -8.508442193176907198e-02
2.718470662362450496e-01 -1.395946491164790637e-01
7.585240989833504921e-01 5.926540378603343262e-01
6.847115943155940299e-01 5.150725077639832783e-01
8.038525074992852737e-01 5.701274844899272276e-01
7.240704886617607139e-01 3.244689874506959115e-01
-5.025579618838932339e-01 -1.375467097779942138e-01
-2.532465081177432409e-01 -1.630312067677957000e-01
-3.686296792885660478e-01 -3.271703773717112851e-01
-2.694372185458914215e-01 -1.517706619060592010e-01
-4.469573044527868633e-01 -2.945461478842196779e-01
-4.354188553371797776e-01 -2.043314304146149896e-01
-4.659928885197404669e-01 -2.597894173323586076e-01
-4.695415751606273891e-01 -1.110091618109508987e-01
-6.129643068508344034e-02 9.185073302936079542e-02
-3.903749650050885589e-01 6.804226848502197000e-02
-2.376775847427992361e-01 -5.201150047988554181e-01
-3.968879314716841078e-01 -5.630201268920941304e-01
-5.492806608295703885e-01 -1.525275667464122409e-01
-4.544369228439904540e-01 -4.473535827630060191e-01
-4.151507741336132318e-01 -3.692015361282522945e-01
-5.186008654165593645e-01 -2.830106872362154191e-01
3.318703213222887194e-01 3.755979194973833035e-01
5.382287566371171117e-01 3.983674149606170611e-01
4.851266153414754423e-01 4.174323463241685905e-01
2.604346942415839972e-01 -1.458947425158553246e-01
1.366883696645238844e-01 -1.217691478397495697e-01
6.381107524861910629e-02 -2.645263107439812036e-02
-2.852144710477622636e-01 -1.316352884009966140e-01
1.934579398693282715e-01 -4.697594737498958506e-02
1.626653533228653026e-01 -6.756801643499904531e-02
1.756956055729326227e-01 3.158227545747464143e-02
9.327309945130528301e-02 -7.051945786622995649e-02
2.661700940703824458e-01 -1.203993675706905436e-01
2.203620359530670814e-01 1.066066082061404158e-01
4.685489309278078607e-01 4.338933664423976766e-01
3.772493935840111057e-01 4.429900377415800505e-02
3.915511322836087160e-01 5.275440283581381840e-01
6.082794988162172345e-01 3.515192567077167762e-01
-4.325610130311340340e-01 -2.560163239372604815e-01
-3.446533024410237678e-01 -5.414083201287964164e-02
-3.879333152621230463e-01 -8.995529065592884621e-02
-4.477338031228753623e-01 -1.332901129847134103e-01
-3.343495178239058729e-01 -9.000979611688722515e-02
-2.028415322409252708e-01 -1.870619513062759254e-01
-2.009530088914356916e-01 -2.592476957858398379e-01
-3.657513245160343707e-01 -9.930614816708233095e-02
-1.431009948517365238e-01 -7.927214402143460681e-02
1.438156252939718112e-02 1.949111590993037602e-01
-2.768356387306966093e-01 -6.460566101388569293e-02
6.838333288140867328e-02 1.779052843279002039e-01
-5.027500550529604428e-01 -1.777951994449541995e-01
-4.335045908151745064e-01 -2.618325552194717409e-01
1.564953900375440077e-01 7.631533820706679072e-02
1.119991203877390845e-01 -1.499423139094811230e-01
-2.114180591577841939e-01 -2.433782741201552802e-01
1.884440687618326171e-01 -1.189274363122507921e-01
1.826135243944838060e-01 1.716838377021313086e-03
5.757545746943031340e-01 2.460400123069922118e-01
5.092804640912471648e-01 3.611566721819421955e-01
5.994729894988606311e-01 4.254566302020443280e-01
5.917284097950396005e-01 2.705829527200796503e-01
7.453129676010715743e-01 3.067600747317771326e-01
6.429506591238859370e-01 3.698196618392865509e-01
4.525363163306734271e-01 3.042918969085835479e-01
6.242889093205953310e-01 4.562014609552481059e-01
-5.352381578787066552e-01 -1.273287046809870593e-01
-5.125322994453175296e-01 -2.049745136833292236e-01
-5.062291783374162080e-01 -1.262713564539107991e-01
-3.334975373174913216e-01 -1.309069688119354757e-01
-1.921560587055329561e-01 1.960487874786061568e-01
4.521511842215665822e-01 5.158603458178844248e-01
-4.059373352380069716e-02 -6.621211947294272093e-01
6.059684205305694293e-01 -2.942194471699509650e-01
-4.969033024561524403e-01 -6.227154671676416592e-02
-4.598341806996391057e-01 -1.651962733680815698e-01
-4.203160265612232438e-01 -4.082663238809818296e-01
-4.869492991876042676e-01 -1.635762090802848623e-01
-2.624023366736379925e-01 -1.598731415577390735e-01
-1.026627904230160981e-01 2.865289658054351873e-01
-5.171291302463412037e-02 1.998088954892534574e-01
-3.618768383085867457e-01 7.886209536828458350e-03
-4.627177127757808317e-01 -1.492744879999068630e-01
-4.407952981626414579e-01 -3.962468149106982418e-01
-4.577914172475647248e-01 -2.024749790209895428e-01
-4.769309102065580341e-01 -2.665175348785798204e-01
-2.501038858033706735e-01 -1.867455217328715944e-01
-1.988578178943248842e-01 -2.847278108318266887e-01
-1.216172726046620273e-01 -3.874740530486404100e-01
2.052384029507116070e-01 -1.468612703308379841e-01
-4.271210085186449290e-01 -2.032131895087344042e-01
-2.902878522571795128e-01 -1.350857451753114946e-01
-3.072593438528295473e-01 -2.753543456958624791e-01
-3.623905383777953348e-01 -1.166107064053042569e-01
-4.206438312877611163e-01 -1.687819160102034810e-01
-4.297065528333920414e-01 -3.387782425466028813e-01
-2.840646397427533665e-01 -3.292247104480336591e-03
-4.048682702333180616e-01 -4.047036923996381597e-01
-3.771447549251777387e-01 -5.690838945438522201e-01
-7.396822659323399884e-01 -2.464022287044815296e-01
-3.076487916494552999e-01 9.623888436109714895e-02
-7.797187540260522298e-02 -5.204091731635837048e-01
-5.578427959355937160e-01 -1.199922417970551713e-01
-4.050290092231245698e-01 -3.333663398368428843e-01
-5.352208565930598461e-01 -2.175628124764366067e-01
-4.172687746125737507e-02 3.106768585265220484e-01
-3.052137646751708622e-01 -5.419890777330187426e-01
-3.493884815685447953e-01 -1.273065500994366439e-01
-3.812972018790258821e-01 -2.659427582338034224e-01
-3.242188895824045791e-01 -1.625833516909523935e-01
-2.646425193589834746e-01 -1.920194926238413258e-01
-3.078620476406208617e-01 -5.484172781958864679e-02
-5.755624343851139385e-02 2.034717252047864300e-01
-4.205057158026748731e-01 -4.784372890026395743e-03
-5.314364312340803531e-01 -3.203336753072074106e-01
-5.028518359891723799e-01 -2.748099353638674969e-01
-5.430245365020736070e-01 -2.732762080664988824e-01
-4.222542686731260986e-01 -3.268741463825737270e-01
-4.240210517345877062e-01 -4.208869172304218198e-01
-4.536326861627634210e-01 -3.148676585524023963e-01
-4.802382179186424072e-01 -2.400110501578635869e-01
-4.676502727062922804e-01 -1.691994562569664184e-01
-4.630960869647834932e-01 -2.496390541440741961e-01
-3.137865387315468824e-01 -4.681505009901258396e-01
-4.639763883168432357e-01 -1.192935262800651486e-01
-4.510652779553765979e-01 -1.275654871034391791e-01
-3.700502991985344936e-01 -2.484534167243891423e-01
-3.374959780550578214e-01 -7.405717239606368629e-02
-2.766807173862259051e-01 -3.179360774927114663e-01
-9.850905404588285175e-02 -4.331762499576305991e-01
-1.365155397721202479e-01 1.819484410002935038e-01
-3.375086089900088820e-02 2.132273603221903346e-01
-4.450562004607296757e-02 1.773076887224856735e-01
1.866903268161928808e-01 4.092849755365474823e-02
7.004961422365716395e-01 -4.895345026411392769e-02
9.914429075574816841e-02 -8.058309023619494860e-02
1.857187954894380932e-01 -6.673555770861999692e-02
-2.440280808376696087e-01 -3.746664772827750234e-01
-2.592565042926478491e-01 -3.204720044092982389e-01
-3.134520475000301953e-01 -2.904170380380091121e-01
-3.267396037410654208e-01 -1.944793342365373490e-01
-3.124771399547029427e-01 -1.765643625542197004e-01
-2.074712047923927549e-01 -2.703556273759288309e-01
-2.316745762579720536e-01 -1.860479880227000615e-01
-4.720035099356862385e-01 -1.870897692014084068e-01
-4.264493434577932285e-01 -3.504361691983824412e-01
-4.476744755609327053e-01 -3.232318429841693486e-01
-4.867084539310636560e-01 -1.612603041421337702e-01
-4.165547553031737071e-01 -2.939574687200585124e-01
-4.234597536409427931e-01 -1.019535720468104784e-01
-4.492867324123657191e-01 -1.333195537811112386e-01
-3.925002270264898452e-01 -2.657397126121008868e-01
-5.093897801333043818e-01 -1.890891575107426226e-01
-4.923589586406819651e-01 -2.267905587224889330e-01
-4.758089991557680198e-01 -2.515106521612504031e-01
5.213746810820835825e-02 1.531059654853828694e-02
1.879058236908764945e-01 -9.712761661088960274e-02
-3.093694585875069736e-01 -6.254315579351449328e-02
8.420342730492876016e-02 1.091358674222865366e-01
-3.284328644660545193e-01 -2.182291477844514049e-02
-4.198376221334380598e-01 -1.099943698750658998e-02
-1.838960283069008550e-01 -2.433912798621142570e-01
-2.706509846062765123e-01 -1.458067783839102627e-01
-7.953904501171064068e-01 -1.484540062790735138e-01
-4.656527170685642592e-01 6.448596693331223872e-02
-2.672262675851146407e-01 -3.239816590251593520e-01
-2.304376451629786271e-01 -3.643674701919301095e-01
