1.622108849578134393e-01 2.941964282177627066e-01
6.124166840515100629e-01 2.223657614671022964e-01
1.716593547639535533e-01 3.290309038932426322e-02
3.685022897703544853e-01 4.457871409600736579e-01
7.955821495743208294e-01 4.939954857724988546e-01
7.910501486398247017e-01 5.187513407144480615e-01
3.519479254987657457e-01 1.012414210356650246e-01
3.221432277389769672e-01 3.581466912225307331e-01
8.933125907291323831e-01 3.915794444229592219e-01
5.267343261856037850e-01 3.583924679045461525e-01
9.151891243282730404e-01 4.176665351428132666e-01
4.822421025511322012e-01 2.249963549297769871e-01
3.251560864986133836e-01 7.314536712184108724e-01
8.726398937487392926e-01 1.356149179172931873e-01
8.945884140609549062e-01 7.221137258599094055e-01
4.786173873068256812e-01 3.131087876230532752e-01
3.098539462173438563e-01 3.599840902693179912e-01
4.610938687861070306e-01 7.215039409239184520e-01
5.316768359120925824e-01 5.589934354688834706e-01
7.511457045109528607e-01 1.043585759119919354e-01
5.959424425967674299e-01 4.139145201704156340e-01
1.254850909853193475e-01 7.267813678571916070e-01
4.407875085303303297e-02 7.240756235239944605e-01
8.181058856392030565e-01 5.501704099082783683e-01
5.978495961095769973e-01 1.615622780846917017e-01
8.610685168332056216e-01 3.817870655184515405e-01
6.565734626753696457e-01 5.047941525206145474e-02
5.815425237417789495e-01 3.640030663040670911e-01
8.934428963917304678e-01 7.408781645756317147e-01
3.700954163094583027e-02 6.089857273398840976e-01
2.977861086958963899e-01 7.712185887692917241e-01
5.410878102549887547e-02 9.530682853846090818e-01
4.146633514331061754e-01 6.870098984780345086e-01
4.697403125075588770e-01 6.458905475351085501e-01
7.438049243162224711e-01 2.355646644476386831e-01
3.117108060290326721e-01 1.193905320111017243e-01
2.285729798308833161e-02 3.572572204556284658e-01
1.680968946898827587e-01 9.995205921509849878e-01
8.187382351934030522e-01 3.050407002401950285e-01
5.250648360054869235e-01 5.248308612549741348e-01
4.923169554817669047e-01 8.489477175387278862e-01
5.613286676869666536e-02 2.536333738153451201e-02
6.864751200209189275e-01 1.892223787318524364e-01
7.804973287838438134e-01 4.362098280605004597e-01
4.041302851230044180e-02 7.503110935891267319e-01
6.620621447225406575e-01 1.212053459636833752e-01
7.519573231115462830e-01 9.281075674220032878e-01
7.820466607471463494e-01 6.397274081201170803e-01
2.763560441023827918e-01 6.671325036342208303e-01
2.950513188503374185e-01 9.521522873854677549e-01
8.619826387679014879e-01 3.682220552887593978e-02
2.061351907278681228e-01 9.757943047749791932e-01
9.646026573497501477e-01 5.863719090365491216e-01
5.782096480673691863e-01 5.433830394797386498e-01
8.683784569647761131e-01 7.335426805077680523e-01
5.658237193394511921e-01 8.992968321461979331e-01
5.751121820611402313e-01 4.070112174093731827e-02
1.121574194055486862e-01 8.807511377189639612e-01
6.406727053803207284e-01 3.727517034734351142e-02
4.310301887747464145e-01 8.683565149437560970e-01
9.845720466411844729e-02 4.716446099740150277e-01
3.896569181464504261e-01 9.383984980783409702e-01
2.436953153320791099e-01 8.196149432869104245e-02
2.356220361186007750e-01 5.035441929760643420e-01
6.278798430056953261e-02 2.977927158489473980e-01
2.259059736238906435e-01 8.043745381538565109e-01
1.035723826274107529e-01 9.164486692430924286e-01
5.732692723879290186e-01 4.826947270105291787e-01
1.176722120290437656e-01 4.459619911035679340e-01
5.060423925138444190e-01 1.160097198337923796e-01
3.146646235001682168e-01 3.389204966575392053e-01
6.805825164141630079e-01 7.467314943685585682e-01
9.808737757381043032e-01 7.441417222634078010e-01
5.482480944900391950e-01 7.034189074456007607e-01
4.290034199837755580e-02 6.409467772306964850e-01
7.599263400675096980e-01 5.257654185001683356e-01
6.045704549081700740e-01 6.975669335731253806e-01
9.054591768309073752e-01 5.077956085325471269e-01
6.368603010101053785e-01 6.912714505241659424e-01
8.479912849480744086e-01 2.437707559290586135e-01
4.066106333875967316e-01 4.253929173437503986e-01
6.652839594848188876e-01 4.557069598920343578e-01
5.881423438388361236e-01 3.113382555922413752e-01
6.260281009020640663e-01 9.861168152432636669e-01
9.471524494072538491e-01 1.336420020971083034e-01
3.089233532941332294e-01 9.275606263161518816e-01
9.707431529478561805e-01 2.875433126873694345e-01
4.441973706529702692e-01 4.405555630891122565e-01
2.152433932873780709e-01 9.077545339854949935e-01
4.658377027959946792e-01 2.492808732944622463e-01
9.544593217613703828e-01 4.056305114182773286e-01
9.129518728869078226e-01 9.192877137645986130e-01
1.769664372992209023e-01 7.979548350632076348e-01
6.494161264191508076e-01 7.119612705023827814e-01
8.089523270514474840e-01 3.698966336250399944e-01
5.058487533438786876e-01 6.465091595827943127e-02
7.957972625336640071e-02 3.318191405867757515e-01
3.001075074387863362e-01 4.446150077292865266e-01
8.583242328529741005e-01 9.378694866322330181e-01
8.768883126791860994e-01 7.964235987629038060e-01
1.915090212735274244e-01 6.928947350566801999e-01
4.677774161422227905e-01 9.648371972761929927e-01
4.617317170654797742e-01 8.473871404502073545e-01
2.404457360405950483e-01 5.801159020051330772e-01
4.775834071011474391e-01 9.469009091929505573e-01
4.648421341902138071e-01 8.199375491270305405e-01
5.338102057159010982e-03 3.991517895780334335e-01
2.417053027441709023e-01 6.908985546199394312e-01
4.637009696770743039e-01 6.944593294406780082e-01
2.276858942192194757e-02 6.484460362437830527e-01
1.025942109505536548e-01 5.596822701200282468e-01
7.431818753819179335e-01 5.485700013049218393e-01
9.033604957193971385e-01 3.510063113543219204e-01
6.001219755650999410e-01 6.496492597796021951e-01
6.440614681983932721e-01 4.957594857799486610e-01
3.610066882983846703e-01 5.527280313967549707e-01
4.785682349090035759e-01 4.087898496280114591e-01
4.088842303542566947e-01 3.207535446543952062e-03
5.772891233147463552e-01 1.816563165210782760e-02
9.153332347205646036e-01 1.758213298392737878e-01
4.946883830990658204e-01 1.810776322603713240e-02
9.587487902634357351e-01 6.725860882400941376e-01
8.217547739331757528e-01 9.456655961431748025e-04
5.751409927386252896e-02 3.263780079443467930e-01
6.668540195075236543e-01 1.700288646482955857e-01
3.012770933693560416e-01 1.907927308460602989e-01
8.154059560425284126e-01 2.480878090456484220e-02
8.901289898087620944e-01 8.566086371904213514e-02
1.453043012715188320e-01 6.135636322654218766e-01
6.402831972726430454e-02 9.002340955575307557e-01
3.267081730881274959e-01 9.991642576053483271e-02
4.390929334956191754e-01 4.574828108621928902e-01
6.479327484845786023e-01 4.525585799230699147e-01
5.024317678580662028e-01 7.432907297218740439e-01
3.075971851065484319e-02 7.918823438375177659e-02
4.969118687802535073e-01 9.703128164530930855e-01
7.344198250671828410e-01 7.273104402609904540e-01
7.965002937757946766e-01 1.512147633393323698e-02
4.760595580320419185e-01 1.810663529934015692e-01
8.874414165402363386e-01 2.652439716377741341e-03
3.348554559680649856e-01 2.189400187523392605e-01
1.327153144462854817e-01 9.012409812188967306e-01
9.701073410726765989e-01 8.689105396354590560e-03
9.656611020464531681e-01 9.677930358446527048e-01
2.776170928970966845e-02 6.603179037716592203e-01
4.006869876632263017e-01 4.777819408247874211e-02
8.125303695984272823e-01 7.183293753799500081e-01
2.543278201418985862e-02 3.574676291340594947e-01
1.348321392116242912e-01 7.864124537507080070e-01
6.309426159828375180e-01 8.105899556755025159e-02
8.074609554348919360e-01 1.293634082765687809e-01
8.207008777198576688e-02 4.967288641638768487e-01
3.883311551392291117e-01 8.407691810911421815e-01
5.877374006935326411e-01 1.323659278016151575e-01
9.036791861922436331e-01 1.206691471103538138e-02
1.835178573844226113e-01 1.996799664276793784e-01
3.588905081848658973e-02 9.380342289801046896e-02
6.588222372128071935e-01 7.715401201346271387e-01
7.672803065153935842e-01 7.004832636403377499e-01
2.812666769393322719e-01 2.161270689845450343e-01
9.835210947850501206e-01 8.463458906185609143e-01
4.932217860446912461e-01 4.301115771527993514e-01
9.089291859125249173e-01 2.493547900477592894e-01
3.392569243875693807e-01 1.638912067176102605e-01
4.366949314370819346e-01 2.278115178366956206e-01
8.181603365567587938e-01 7.289279597536365563e-01
8.976335613752991494e-01 8.985780838615873289e-01
3.643927259422441445e-01 7.789494588307667167e-01
5.546363232526374532e-01 5.387680156339695881e-01
7.523602697888615021e-01 9.063117102858477825e-01
1.053151377743811734e-01 8.745721348722251820e-01
9.507588722669354508e-01 5.881929138990833472e-01
6.997558697008758877e-01 9.625665317255048814e-01
3.018333989204030621e-01 8.759944484999201419e-01
4.852667233546481551e-02 7.410866295935403247e-02
1.873970898310499678e-01 6.266886087301128949e-01
5.268216467954914828e-01 7.549963429877115662e-01
5.384648938237286409e-01 7.666558821145901259e-01
7.484210244221651820e-01 4.593407654005723373e-01
3.091501750411881355e-01 2.586004960438582634e-01
3.363933037087325495e-01 9.343248600047059371e-01
6.937249563963353571e-01 6.397857275471637850e-01
8.675182252301779640e-01 3.967814246580053661e-01
9.243805712691287590e-01 6.354872846037026290e-01
5.123353246968138652e-01 6.928061116640806816e-01
6.397586712137368625e-01 1.442348883447575059e-02
7.957991578826462131e-01 4.494307878411833990e-01
7.150750684019115955e-01 4.018594984005218196e-01
7.563819017134565392e-02 5.032795519484466462e-01
2.310102783217575784e-01 6.468130212744345187e-01
2.554023180162269258e-01 1.841075098555965406e-01
8.199374200437496985e-01 7.582719597428824176e-01
3.993882790601517296e-01 1.951563586632713010e-01
2.792515104931496683e-01 8.531776017508437837e-01
8.748289686954224820e-02 5.143672422993965654e-01
5.843058505616187670e-01 8.594007383866741900e-01
6.344082630149869839e-01 5.683056441226034261e-01
8.235394035302566751e-01 9.942390748889032848e-01
3.462225060391066478e-01 1.741322538129951303e-01
2.613394483525388612e-01 9.409448954324088898e-01
1.742514024100395575e-01 9.835316420565369810e-01
8.299646416631377699e-01 6.896903099260160985e-01
6.082775881354678393e-01 7.970779426830921777e-01
1.359583918551802162e-01 5.785857789847492771e-02
7.846858292481987407e-01 7.271923482054284404e-01
9.672237686723333949e-01 1.203143530818335805e-01
7.389448768653972266e-02 7.776358786845625204e-01
3.612753225238816146e-01 6.441642860620164779e-01
5.601644167993348189e-01 4.486248903299571156e-01
9.063098587345183033e-01 1.999600962327178211e-01
6.567037548273635394e-02 5.934399196469618554e-01
1.349864995553574643e-01 6.727298525506946181e-01
2.819065592530226594e-01 8.100472178534703360e-01
5.178992143081475596e-01 4.774801743606649218e-02
6.129532692590989873e-01 5.602266259716163210e-01
8.302853659869154912e-01 5.702953913638808547e-02
4.893889440643017785e-01 4.104637318898718412e-02
1.417546739347228524e-01 4.322093868576226683e-02
1.413411872371833633e-01 1.737171470118176186e-01
2.469963916744070120e-01 4.621216768164528865e-01
2.431115523076627927e-01 8.320058742256380979e-01
7.062162469651993568e-01 1.512157637157260925e-01
7.003695881492465469e-01 6.014696844545699417e-01
8.723987179447783014e-01 2.008710296244554661e-01
9.856460337546781858e-01 5.440981013945954681e-01
7.175217011840113734e-01 3.456415005239588112e-02
5.925119497942402669e-01 7.580870593838298088e-01
2.758188261592355861e-01 3.197322424762438775e-02
1.397002060300995829e-01 6.529141684606744045e-01
3.689365684897782938e-02 1.271780599701011205e-02
5.484672819355876916e-01 9.011619033612239260e-01
8.953437997774402746e-01 1.023986897236347504e-01
5.413774396913360043e-01 8.646453517077694606e-01
4.055786830791738851e-01 9.013350587431808725e-01
9.154720494675707698e-01 6.332541307429658817e-01
2.098216809490596191e-01 9.466773234989108721e-01
9.606939098556825929e-01 7.793768300306394003e-01
9.406343623755992756e-01 1.336738170720248586e-01
9.150307405178667031e-01 6.607095906377032923e-01
2.073819137449203209e-01 1.612637655509971957e-01
8.426577773614842837e-01 1.897664711900099999e-01
9.130088810553055323e-01 6.245660100991936581e-01
1.285547184060604753e-01 9.963767641418445065e-01
3.683089693899311845e-01 7.056029996259230996e-01
2.007468830142496996e-01 5.991879612979996717e-01
7.548163440002625402e-01 2.569097570253288110e-01
4.801648672186723532e-01 4.095865070421107479e-01
8.158790557529790322e-01 1.599916520561929234e-01
8.344267787377934731e-02 1.123869121175994357e-01
9.952291195342186647e-01 3.562020730019693771e-01
9.803300186615343526e-01 6.222243872947934573e-01
8.471436362906547002e-01 8.705199569150385841e-01
9.078263280666214463e-01 8.792804194584969979e-01
6.776058740890038568e-01 2.229059878200593259e-01
1.700782265538164362e-01 3.192492681565622936e-01
2.321746030769733515e-02 4.179311346307945652e-01
6.959230558495673735e-01 1.184430846298014650e-01
8.527755433820097819e-01 9.227697978391405931e-01
9.012432784487420800e-01 6.831491178398459985e-01
2.597921468373792786e-01 7.895805034528429189e-01
9.332499607413978771e-01 5.494745833183636297e-01
3.157833258318707426e-01 3.828382823359233189e-01
8.576662014351846830e-01 2.224353875137919934e-01
5.908221657535616123e-01 6.482294107644472891e-01
8.662258212650583156e-01 6.300331723505266934e-01
8.074026705684940186e-01 9.852668568966376217e-01
5.177226398651177952e-01 8.281049376885035729e-01
6.433699821151582787e-01 2.224506234965138995e-01
8.840906057909154736e-01 1.327533704690907479e-01
1.365492318348273670e-01 8.984710568300646738e-01
2.245994105189701440e-01 9.008829685383084040e-01
3.877976000372848064e-01 3.808275874409760009e-01
8.934305900373747944e-01 4.443766503937558454e-01
5.368016034359045507e-01 2.053678804152699877e-01
7.265675197354158898e-01 4.220961622105775524e-01
2.217867082584386029e-01 3.784172559331853147e-01
9.267270744268046867e-01 5.869366431136158191e-02
4.771963520121806912e-01 9.335120283934975616e-01
8.080705586008188890e-01 9.136584410233261622e-02
6.414759129031455398e-01 8.065915801393302997e-01
7.278046618587186156e-01 2.412714887231937055e-01
5.671599373574763847e-01 6.686697375640655583e-01
3.879789239984632321e-01 8.922622690787018751e-01
7.769916618562693333e-01 9.800792843528249865e-02
3.165798131228581003e-02 3.927118765806940637e-01
2.702287588452613187e-01 8.058073930122824358e-01
8.509425693882756159e-01 2.877002589131827381e-01
6.130047945896908157e-01 2.473223773079086252e-01
3.331050325872654261e-01 9.350095961668563049e-01
1.231323212800452538e-01 9.153472656881421754e-01
6.305392806884340118e-01 8.448911322171145377e-01
1.388914739368865003e-01 1.725092373046736016e-01
2.442412785962876365e-01 8.402022912679443234e-01
6.704090685124843851e-01 4.155897633453196072e-01
2.715556403926010498e-01 3.283990366719359288e-01
8.867341454579706905e-01 2.680509183925161576e-01
1.926315384710441947e-03 8.754588721385586636e-01
8.103902537968565856e-02 6.912900663998813311e-01
7.982773504521807340e-01 1.783946048971742915e-01
1.117189514403236217e-01 9.740334912903025888e-02
3.043603143535434929e-01 9.402774287033076606e-01
6.041099555261519871e-02 9.216514151766936891e-01
4.817671031446312258e-01 4.579897731585680365e-01
3.699962158190903683e-01 9.734130559751287270e-01
9.638577979120256378e-01 3.674873667365829988e-02
5.792526006402032301e-01 6.276403541395647601e-01
7.159592203671228949e-01 2.922598092740644748e-01
9.696008228863839395e-02 1.517444036470518842e-01
1.714460217151514421e-02 7.724532205783474215e-01
9.722062301077150082e-01 2.246542658315480168e-01
8.606127375759854425e-01 9.103958342668770909e-01
9.761671899377734052e-01 5.950297137647466705e-01
7.028545799134356953e-01 4.819318685162391480e-01
4.097799263612067477e-01 7.325283758364763420e-01
2.961325458186919724e-01 6.342023369539668831e-01
5.774689487986508496e-01 7.140439579004578263e-01
2.890427900583218968e-01 3.085236869845642271e-02
7.630583533641455141e-01 1.861578172309363843e-01
3.816918152124822994e-01 3.598886411373745098e-01
2.571770389039598204e-01 3.672783533264611933e-02
8.323568453045893101e-02 1.499408402520044925e-01
4.541548895196201308e-03 1.156831895513121822e-01
9.994913568929583159e-01 9.487794028773162136e-01
9.217790418225828564e-01 9.526707173265150930e-01
4.063664224508302114e-01 2.803147611713959764e-01
9.762447585515314774e-01 1.275772065926915610e-01
7.207353265283515942e-01 2.737839881308146150e-02
4.470998767779010841e-02 6.086113803225551289e-01
5.410529110799660035e-01 4.927554924352947063e-01
3.064977799547685677e-02 2.582087163711239697e-01
4.250130083492675848e-02 1.028572618247262094e-01
8.036225469127289411e-01 3.239636844188490405e-01
7.242932720213955955e-01 7.282443952966765055e-01
2.031098846432133342e-01 4.940245918182963880e-01
6.418433471382195554e-01 6.132402838831457759e-01
3.668391787348307398e-01 4.053068759516436081e-01
6.720990822902714878e-01 3.552591395703003085e-01
6.621452634402416049e-01 8.835922244848959384e-01
6.443652350874838897e-01 7.661278200095039681e-01
9.183977668588234611e-01 5.988369490838817422e-01
7.448983257323085194e-01 7.266533261005519995e-01
9.171611083961295208e-01 9.430684438809840975e-01
2.814963412399525966e-01 2.997518059962945847e-01
6.975827010039121756e-01 8.428964776596349351e-01
9.203092416909579576e-01 7.909350161472098462e-01
9.757801359767299676e-01 1.545776024826118755e-01
6.589723482612108718e-02 7.128479619132213063e-01
3.880160780681524146e-01 9.075601576449453534e-01
1.947180662720464639e-01 4.182636687081162652e-01
7.096301967200769889e-01 5.291703508848205617e-01
7.986816369806254423e-01 4.576669501191046319e-01
8.832979470181266946e-01 6.842752336586321871e-01
9.413782511942192510e-01 1.698451525299815579e-02
6.037472360143547601e-01 7.041772267465584711e-02
6.894725771869462116e-01 7.477930249507536153e-02
2.312957111584162950e-01 5.636388973724340001e-01
7.395220805614270976e-01 9.099190596214838944e-01
6.677582652653529793e-01 2.019024335024589556e-01
3.346001872215050854e-01 3.392004784704184539e-01
4.326255230470050783e-01 6.870286060984387433e-02
3.766975017099349898e-02 1.374520314093401474e-01
5.371553154673431862e-01 2.487160792549263366e-01
2.141682997609671846e-01 9.076049390590666954e-01
1.798459445814654112e-01 3.167000484888552458e-01
7.784496533286500153e-03 6.328890533220232761e-01
5.229705493639196234e-01 6.370327170057288324e-01
9.755211273468157307e-01 1.920105780673698748e-01
8.357727222767383779e-01 7.466948124996286573e-01
4.505966915364734149e-02 2.916239278515080358e-01
8.377460667077153422e-01 5.965754908254727873e-02
6.176687813061128018e-01 6.802322099329416449e-02
4.669327759498747010e-01 7.689115467365051915e-01
2.775773006942725551e-01 4.776238608222672655e-01
4.944365417371755500e-01 2.869300757475585772e-01
1.449413988278543952e-01 9.648803357833058980e-01
3.655768215575447844e-01 8.175458663398358361e-01
1.875769160939818603e-01 6.400861059782115836e-01
4.211028448873099794e-02 3.251216692086279503e-01
1.837879792508967380e-01 4.213634876595884204e-01
9.312556430986393963e-01 2.826076394652186075e-01
3.578867065436571737e-01 7.261577553231035598e-02
3.002045851524189901e-01 9.249939783578566832e-01
9.379530769990588324e-01 5.197127242693729832e-01
2.763743447219024763e-02 6.589247090174282784e-01
1.203343765951310207e-01 1.145826642215910240e-01
5.768632220559561929e-01 7.704728985263422647e-01
2.791130266380489333e-01 6.682076191859128711e-01
9.490721490188476217e-01 9.708726788807332531e-01
7.706831922884185282e-01 6.083013194055975070e-01
5.302237834217037316e-01 6.418756647654906278e-01
1.125494242439122328e-01 4.233428701205090849e-01
