3.812250000000000000e+04
3.682767281545254809e+04
3.592589499065063137e+04
3.541716652559425711e+04
3.530148742028343258e+04
3.557885767471815052e+04
3.624927728889840364e+04
3.731274626282421377e+04
3.876926459649555909e+04
4.061883228991243959e+04
4.286144934307486255e+04
4.549711575598284253e+04
4.852583152863635769e+04
5.194759666103541531e+04
5.576241115318001539e+04
5.997027500507015066e+04
6.457118821670585749e+04
6.956515078808706312e+04
7.495216271921382577e+04
8.073222401008613815e+04
8.690533466070400027e+04
9.347149467106742668e+04
1.004307040411763592e+05
1.077829627710308559e+05
1.155282708606308443e+05
1.236666283099764405e+05
1.321980351190675574e+05
1.411224912879042095e+05
1.504399968164864113e+05
1.601505517048141628e+05
1.702541559528874641e+05
1.807508095607063151e+05
1.916405125282706285e+05
2.029232648555804626e+05
2.145990665426359919e+05
2.266679175894370419e+05
2.391298179959835252e+05
2.519847677622756455e+05
2.652327668883132283e+05
2.788738153740965063e+05
2.929079132196251303e+05
3.073350604248995078e+05
3.221552569899191731e+05
3.373685029146846500e+05
3.529747981991954730e+05
3.689741428434518748e+05
3.853665368474538554e+05
4.021519802112012985e+05
4.193304729346943204e+05
4.369020150179329794e+05
4.548666064609172172e+05
4.732242472636468592e+05
4.919749374261221383e+05
5.111186769483428798e+05
5.306554658303094329e+05
5.505853040720211575e+05
5.709081916734785773e+05
5.916241286346814595e+05
6.127331149556299206e+05
6.342351506363238441e+05
6.561302356767634628e+05
6.784183700769485440e+05
7.010995538368793204e+05
7.241737869565553265e+05
7.476410694359770278e+05
7.715014012751441915e+05
7.957547824740571668e+05
8.204012130327152554e+05
8.454406929511196213e+05
8.708732222292687511e+05
8.966988008671636926e+05
9.229174288648045622e+05
9.495291062221906614e+05
9.765338329393223394e+05
1.003931609016199131e+06
1.031722434452821850e+06
1.059906309249190381e+06
1.088483233405304374e+06
1.117453206921163248e+06
1.146816229796768166e+06
1.176572302032118430e+06
1.206721423627214739e+06
1.237263594582056627e+06
1.268198814896643627e+06
1.299527084570976207e+06
1.331248403605054598e+06
1.363362771998878103e+06
1.395870189752446953e+06
1.428770656865761848e+06
1.462064173338822322e+06
1.495750739171627909e+06
1.529830354364179075e+06
1.564303018916476285e+06
1.599168732828518376e+06
1.634427496100306744e+06
1.670079308731840458e+06
1.706124170723119285e+06
1.742562082074143924e+06
1.779393042784914374e+06
1.816617052855429705e+06
1.854234112285691779e+06
1.892244221075698035e+06
1.930647379225450801e+06
1.969443586734947981e+06
2.008632843604192138e+06
2.048215149833180010e+06
2.088190505421916023e+06
2.128558910370395053e+06
2.169320364678620826e+06
2.210474868346591946e+06
2.252022421374309808e+06
2.293963023761770688e+06
2.336296675508979708e+06
2.379023376615932211e+06
2.422143127082630992e+06
2.465655926909075584e+06
2.509561776095265523e+06
2.553860674641200341e+06
2.598552622546882369e+06
2.643637619812308345e+06
2.689115666437481530e+06
2.734986762422397733e+06
2.781250907767061610e+06
2.827908102471469902e+06
2.874958346535624471e+06
2.922401639959524386e+06
2.970237982743169647e+06
3.018467374886560254e+06
3.067089816389697138e+06
3.116105307252580300e+06
3.165513847475206945e+06
3.215315437057580333e+06
3.265510075999699067e+06
3.316097764301562216e+06
3.367078501963171642e+06
3.418452288984528743e+06
3.470219125365628395e+06
3.522379011106476188e+06
3.574931946207066532e+06
3.627877930667405017e+06
3.681216964487486985e+06
3.734949047667316161e+06
3.789074180206889287e+06
3.843592362106209621e+06
3.898503593365273904e+06
3.953807873984085396e+06
4.009505203962640837e+06
4.065595583300942089e+06
4.122079011998990551e+06
4.178955490056784358e+06
4.236225017474322580e+06
4.293887594251605682e+06
4.351943220388635062e+06
4.410391895885410719e+06
4.469233620741930790e+06
4.528468394958197139e+06
4.588096218534209765e+06
4.648117091469966806e+06
4.708531013765468262e+06
4.769337985420717858e+06
4.830538006435711868e+06
4.892131076810450293e+06
4.954117196544934064e+06
5.016496365639164113e+06
5.079268584093142301e+06
5.142433851906863041e+06
5.205992169080330059e+06
5.269943535613542423e+06
5.334287951506502926e+06
5.399025416759205051e+06
5.464155931371655315e+06
5.529679495343849063e+06
5.595596108675791882e+06
5.661905771367475390e+06
5.728608483418907039e+06
5.795704244830085896e+06
5.863193055601005442e+06
5.931074915731674060e+06
5.999349825222088024e+06
6.068017784072247334e+06
6.137078792282152921e+06
6.206532849851801060e+06
6.276379956781197339e+06
6.346620113070339896e+06
6.417253318719225004e+06
6.488279573727857322e+06
6.559698878096235916e+06
6.631511231824358925e+06
6.703716634912228212e+06
6.776315087359842844e+06
6.849306589167202823e+06
6.922691140334308147e+06
6.996468740861160681e+06
7.070639390747758560e+06
7.145203089994098991e+06
7.220159838600188494e+06
7.295509636566021480e+06
7.371252483891598880e+06
7.447388380576924421e+06
7.523917326621997170e+06
7.600839322026810609e+06
7.678154366791372187e+06
7.755862460915678181e+06
7.833963604399727657e+06
7.912457797243528999e+06
7.991345039447071962e+06
8.070625331010358408e+06
8.150298671933392994e+06
8.230365062216172926e+06
8.310824501858697273e+06
8.391676990860970691e+06
8.472922529222985730e+06
8.554561116944750771e+06
8.636592754026256502e+06
8.719017440467506647e+06
8.801835176268506795e+06
8.885045961429258808e+06
8.968649795949742198e+06
9.052646679829977453e+06
9.137036613069957122e+06
9.221819595669686794e+06
9.306995627629159018e+06
9.392564708948379382e+06
9.478526839627334848e+06
9.564882019666051492e+06
9.651630249064501375e+06
9.738771527822703123e+06
9.826305855940649286e+06
9.914233233418334275e+06
1.000255366025577113e+07
1.009126713645295426e+07
1.018037366200988367e+07
1.026987323692655563e+07
1.035976586120297015e+07
1.045005153483913466e+07
1.054073025783504546e+07
1.063180203019070439e+07
1.072326685190610029e+07
1.081512472298124619e+07
1.090737564341614768e+07
1.100001961321077682e+07
1.109305663236516155e+07
1.118648670087928697e+07
1.128030981875316799e+07
1.137452598598678224e+07
1.146913520258014835e+07
1.156413746853325516e+07
1.165953278384611569e+07
1.175532114851871319e+07
1.185150256255106069e+07
1.194807702594315074e+07
1.204504453869499452e+07
1.214240510080657713e+07
1.224015871227790788e+07
1.233830537310898118e+07
1.243684508329980075e+07
1.253577784285036847e+07
1.263510365176067874e+07
1.273482251003073901e+07
1.283493441766054183e+07
1.293543937465008721e+07
1.303633738099937886e+07
1.313762843670842238e+07
1.323931254177720658e+07
1.334138969620573521e+07
1.344385989999401197e+07
1.354672315314203314e+07
1.364997945564980060e+07
1.375362880751730874e+07
1.385767120874457061e+07
1.396210665933158249e+07
1.406693515927832387e+07
1.417215670858481526e+07
1.427777130725105479e+07
1.438377895527704619e+07
1.449017965266277455e+07
1.459697339940825291e+07
1.470416019551347382e+07
1.481174004097844660e+07
1.491971293580315635e+07
1.502807887998761609e+07
1.513683787353181839e+07
1.524598991643577069e+07
1.535553500869946927e+07
1.546547315032290481e+07
1.557580434130609035e+07
1.568652858164902404e+07
1.579764587135170400e+07
1.590915621041412652e+07
1.602105959883629531e+07
1.613335603661821224e+07
1.624604552375987545e+07
