2.766153526306152344e+01 -4.154030323028564453e+00
2.734506607055664062e+01 -1.733617901802062988e+00
2.663789939880371094e+01 -1.272011995315551758e+00
2.724821472167968750e+01 -1.134901642799377441e+00
2.839885902404785156e+01 -8.155554771423339844e+00
2.903292083740234375e+01 -8.673341751098632812e+00
2.904761695861816406e+01 -8.368633270263671875e+00
2.890902900695800781e+01 -8.915662765502929688e+00
2.885835647583007812e+01 -6.271903038024902344e+00
2.858622932434082031e+01 -4.709640979766845703e+00
2.859939956665039062e+01 -3.528723716735839844e+00
2.880578231811523438e+01 -4.442333221435546875e+00
2.961434745788574219e+01 -7.258405685424804688e+00
-1.043008899688720703e+01 -4.253310203552246094e+00
3.402037382125854492e+00 2.404336166381835938e+01
3.392467021942138672e+00 2.419753456115722656e+01
2.656538724899291992e+00 2.363012695312500000e+01
-1.246812057495117188e+01 -7.093511104583740234e+00
-2.301292610168457031e+01 -9.466072916984558105e-02
-1.278805160522460938e+01 1.077062249183654785e+00
-9.852512359619140625e+00 -4.676864624023437500e+00
-1.415430641174316406e+01 -8.414423465728759766e-01
-6.319714069366455078e+00 -4.941708087921142578e+00
2.812716007232666016e+00 2.427592086791992188e+01
2.481397628784179688e+01 -9.292859077453613281e+00
2.386632728576660156e+01 -8.952630996704101562e+00
2.427857780456542969e+01 -9.128234863281250000e+00
2.297733306884765625e+01 -8.391501426696777344e+00
-1.246812248229980469e+01 -7.093508720397949219e+00
-1.158860111236572266e+01 -3.512059211730957031e+00
-1.068558597564697266e+01 -6.143656253814697266e+00
4.524470329284667969e+00 2.569085693359375000e+01
7.290020465850830078e+00 2.324900245666503906e+01
6.742022991180419922e+00 2.335659790039062500e+01
6.106868267059326172e+00 2.295047569274902344e+01
6.360879421234130859e+00 2.331581687927246094e+01
2.623119163513183594e+01 -5.783571243286132812e+00
2.689670944213867188e+01 -7.812351703643798828e+00
2.478084182739257812e+01 -4.873460292816162109e+00
2.467973327636718750e+01 -3.377247810363769531e+00
2.650491714477539062e+01 -8.875503540039062500e+00
2.626683044433593750e+01 -8.311377525329589844e+00
2.632411384582519531e+01 -9.100823402404785156e+00
5.737976074218750000e+00 2.529972457885742188e+01
-1.494049644470214844e+01 1.937318444252014160e+00
6.569401264190673828e+00 2.388637161254882812e+01
5.957027435302734375e+00 2.427890014648437500e+01
-1.113604068756103516e+01 -6.839501380920410156e+00
-1.138246917724609375e+01 -6.888930797576904297e+00
-2.103776168823242188e+01 -4.955289065837860107e-01
-1.509614849090576172e+01 -8.809965133666992188e+00
-2.219868659973144531e+01 -2.018526554107666016e+00
-2.204910469055175781e+01 -3.288721799850463867e+00
-2.198054122924804688e+01 -1.706565499305725098e+00
-2.167530441284179688e+01 2.907307259738445282e-02
-1.138208580017089844e+01 -4.290646553039550781e+00
-1.637050247192382812e+01 -3.239906072616577148e+00
-2.256645774841308594e+01 1.790501713752746582e+00
-1.477174377441406250e+01 2.348835468292236328e+00
-1.410307598114013672e+01 -2.730439186096191406e+00
2.606032180786132812e+01 -6.036249160766601562e+00
2.691189575195312500e+01 -7.598639011383056641e+00
2.416438102722167969e+01 -3.655591964721679688e+00
2.528434562683105469e+01 -4.816287040710449219e+00
2.666185569763183594e+01 -1.924061179161071777e+00
2.811008071899414062e+01 -8.849560737609863281e+00
2.427895927429199219e+01 -6.113244056701660156e+00
2.460641860961914062e+01 -6.221204757690429688e+00
2.725454139709472656e+01 -8.078215599060058594e+00
-9.240402221679687500e+00 -9.483710289001464844e+00
2.557878494262695312e+01 -2.416158676147460938e+00
2.335992813110351562e+01 -2.224822759628295898e+00
2.201185035705566406e+01 -3.201622724533081055e+00
2.379089927673339844e+01 -3.504992485046386719e+00
-6.539090156555175781e+00 -1.741829991340637207e+00
-1.395070934295654297e+01 1.191252112388610840e+00
-1.292849731445312500e+01 3.368855476379394531e+00
-1.904105949401855469e+01 -1.756521463394165039e+00
-1.171576881408691406e+01 -2.280622482299804688e+00
-1.433972072601318359e+01 -1.794713139533996582e+00
-9.063802719116210938e+00 -3.860034704208374023e+00
-1.406449890136718750e+01 -6.983218193054199219e+00
-1.506412410736083984e+01 -3.691377401351928711e+00
2.641683959960937500e+01 -5.962760925292968750e+00
2.666185569763183594e+01 -1.924061179161071777e+00
2.540676689147949219e+01 -3.900429010391235352e+00
2.314649200439453125e+01 -2.318433523178100586e+00
2.594162178039550781e+01 -2.377294063568115234e+00
2.749441528320312500e+01 -9.215539932250976562e+00
2.558082580566406250e+01 -7.610369205474853516e+00
2.501448440551757812e+01 -5.887649536132812500e+00
2.314164161682128906e+01 -4.027939319610595703e+00
2.828986740112304688e+01 -9.129363059997558594e+00
2.842239379882812500e+01 -9.457563400268554688e+00
2.792660903930664062e+01 -5.089401721954345703e+00
5.335374832153320312e+00 2.300868797302246094e+01
6.239618778228759766e+00 2.064972305297851562e+01
4.745785713195800781e+00 2.354885482788085938e+01
4.924761295318603516e+00 2.230481719970703125e+01
3.527669429779052734e+00 2.357356452941894531e+01
-2.295755386352539062e+01 3.783808350563049316e-01
2.462184524536132812e+01 -7.781287670135498047e+00
2.591419219970703125e+01 -8.516252517700195312e+00
2.538131141662597656e+01 -7.255346775054931641e+00
2.610552406311035156e+01 -7.088392257690429688e+00
4.487155437469482422e+00 2.447223281860351562e+01
-1.591888046264648438e+01 5.775562524795532227e-01
-1.510572624206542969e+01 2.110742092132568359e+00
-1.305708694458007812e+01 -2.051070928573608398e+00
-9.371607780456542969e+00 -9.552610397338867188e+00
-1.509676837921142578e+01 9.167199134826660156e-01
2.541599750518798828e+00 2.631636047363281250e+01
-1.241467189788818359e+01 -4.754414081573486328e+00
2.514821052551269531e+01 -4.249210834503173828e+00
2.914782524108886719e+01 -8.429203033447265625e+00
-2.275047683715820312e+01 -1.068658590316772461e+00
-1.494653797149658203e+01 -6.325850009918212891e+00
-8.607262611389160156e+00 -4.229472637176513672e+00
-6.725472927093505859e+00 -1.078952670097351074e+00
2.736968421936035156e+01 -1.622567772865295410e+00
-6.557063102722167969e+00 -3.153999805450439453e+00
3.392671585083007812e+00 2.672201538085937500e+01
2.805095100402832031e+01 -4.791639328002929688e+00
3.906787395477294922e+00 2.269568252563476562e+01
4.595883369445800781e+00 2.364550590515136719e+01
6.553389072418212891e+00 2.165884208679199219e+01
-2.129407501220703125e+01 -1.434438586235046387e+00
-1.217975997924804688e+01 -1.200516700744628906e+00
-2.224040985107421875e+01 6.243861839175224304e-02
-1.212676906585693359e+01 4.478023946285247803e-01
8.301550865173339844e+00 2.106908798217773438e+01
8.192335128784179688e+00 2.044853782653808594e+01
7.829707145690917969e+00 2.179357337951660156e+01
2.327620315551757812e+01 -2.867674827575683594e+00
2.333605384826660156e+01 -6.320263385772705078e+00
2.334457015991210938e+01 -4.831813812255859375e+00
2.179923820495605469e+01 -4.188983440399169922e+00
2.238187026977539062e+01 -3.707798242568969727e+00
-1.543117141723632812e+01 -3.439509630203247070e+00
-1.818712615966796875e+01 -7.152815818786621094e+00
-1.331596755981445312e+01 -7.817497253417968750e+00
-2.113141250610351562e+01 -5.543009757995605469e+00
-2.148056793212890625e+01 -1.337681055068969727e+00
-1.477727031707763672e+01 -8.540117263793945312e+00
-1.609638977050781250e+01 -6.338380813598632812e+00
-1.298946475982666016e+01 -8.479739189147949219e+00
-9.579101562500000000e+00 -3.555116415023803711e+00
-1.097862529754638672e+01 -3.681005954742431641e+00
-1.873249626159667969e+01 -6.321581840515136719e+00
5.877863883972167969e+00 2.269437026977539062e+01
7.537334442138671875e+00 2.272812080383300781e+01
5.775089740753173828e+00 1.865825271606445312e+01
5.230562686920166016e+00 1.922952270507812500e+01
2.647041702270507812e+01 -8.202388763427734375e+00
2.375404930114746094e+01 -5.543230056762695312e+00
2.274861145019531250e+01 -4.909840583801269531e+00
2.383500289916992188e+01 -6.424584865570068359e+00
7.736898899078369141e+00 1.875481796264648438e+01
8.294298171997070312e+00 1.982890701293945312e+01
8.080704689025878906e+00 1.959741020202636719e+01
7.411491870880126953e+00 1.936932945251464844e+01
5.457339286804199219e+00 2.450425148010253906e+01
2.444961166381835938e+01 3.034971654415130615e-01
2.642941856384277344e+01 -3.366145789623260498e-01
-1.627021789550781250e+01 -5.093513011932373047e+00
-1.133732414245605469e+01 6.440666913986206055e-01
4.633551120758056641e+00 2.362175559997558594e+01
-1.386323833465576172e+01 1.914754748344421387e+00
-7.391271591186523438e+00 -3.801345825195312500e+00
-1.726337432861328125e+01 -4.027990341186523438e+00
-1.276792716979980469e+01 -5.745105743408203125e-01
2.920465707778930664e+00 2.528898429870605469e+01
-1.621675109863281250e+01 -9.540934562683105469e+00
5.391110420227050781e+00 2.166102790832519531e+01
-8.678145408630371094e+00 -2.233460903167724609e+00
-1.036183071136474609e+01 1.758277416229248047e+00
-7.313519954681396484e+00 -1.620161056518554688e+00
-6.271110534667968750e+00 -3.446889400482177734e+00
-2.131601142883300781e+01 -4.246676445007324219e+00
-1.102775001525878906e+01 -2.871810913085937500e+00
-1.541315555572509766e+01 -2.483519554138183594e+00
-8.840626716613769531e+00 -2.521855115890502930e+00
-1.713348007202148438e+01 -1.480340957641601562e+00
-1.377060890197753906e+01 -6.116662979125976562e+00
2.389726066589355469e+01 -2.983565330505371094e+00
2.439034461975097656e+01 -3.857776641845703125e+00
2.362619781494140625e+01 -1.365424036979675293e+00
2.519421577453613281e+01 -5.114303588867187500e+00
5.966290950775146484e+00 2.353951454162597656e+01
7.062395095825195312e+00 2.423837661743164062e+01
3.587246656417846680e+00 2.138388442993164062e+01
4.842311859130859375e+00 2.119706916809082031e+01
-2.269042015075683594e+01 1.113044619560241699e+00
-2.218897056579589844e+01 1.258722066879272461e+00
-1.635304832458496094e+01 -9.236175537109375000e+00
-2.126189422607421875e+01 -4.391074180603027344e+00
7.530597686767578125e+00 2.067140579223632812e+01
6.112621784210205078e+00 1.862960815429687500e+01
8.226061820983886719e+00 2.221544456481933594e+01
5.758742809295654297e+00 2.081527709960937500e+01
-1.578503322601318359e+01 -1.070769119262695312e+01
-1.929625892639160156e+01 -4.248860359191894531e+00
-1.670076942443847656e+01 -4.300305366516113281e+00
-7.881466865539550781e+00 -5.804935455322265625e+00
-7.368536472320556641e+00 -4.248463213443756104e-01
2.493793296813964844e+01 -2.843259811401367188e+00
-1.349903964996337891e+01 4.515597343444824219e+00
3.042627334594726562e+00 2.544931030273437500e+01
9.341236114501953125e+00 2.243170738220214844e+01
2.644941139221191406e+01 -6.822220802307128906e+00
2.597312736511230469e+01 -4.141472816467285156e+00
2.316456604003906250e+01 -1.360125660896301270e+00
2.473161697387695312e+01 -2.066564559936523438e+00
-2.024413871765136719e+01 -1.577871918678283691e+00
-1.357060337066650391e+01 -7.157846927642822266e+00
-2.189303398132324219e+01 -2.291251182556152344e+00
-1.110767269134521484e+01 -4.045561313629150391e+00
-1.935112571716308594e+01 -4.740676403045654297e+00
2.543340492248535156e+01 -2.222896814346313477e+00
2.130298805236816406e+01 -1.773015558719635010e-01
2.380485153198242188e+01 -3.458175897598266602e+00
2.239320373535156250e+01 -2.721239089965820312e+00
7.885590076446533203e+00 2.233196067810058594e+01
7.149478435516357422e+00 2.181548309326171875e+01
7.450749397277832031e+00 2.068681144714355469e+01
6.880239009857177734e+00 1.969467926025390625e+01
2.759315109252929688e+01 -7.280797004699707031e+00
2.689687538146972656e+01 -5.908900737762451172e+00
2.743706703186035156e+01 -7.826593875885009766e+00
2.370356369018554688e+01 -5.261646270751953125e+00
-1.545656490325927734e+01 -9.299450874328613281e+00
-9.622628211975097656e+00 9.757208824157714844e-02
-1.813933944702148438e+01 -1.177946686744689941e+00
-9.345661163330078125e+00 -3.164632022380828857e-01
-1.907017517089843750e+01 -3.854389905929565430e+00
-1.521389007568359375e+01 -4.900622367858886719e+00
-1.865348243713378906e+01 -5.171947479248046875e+00
-1.362869453430175781e+01 -8.564401626586914062e+00
2.630226612091064453e+00 2.572430229187011719e+01
-6.382330894470214844e+00 -4.058925151824951172e+00
-8.941463470458984375e+00 -9.308423995971679688e+00
-2.283041191101074219e+01 6.896520256996154785e-01
-1.714734649658203125e+01 -9.374864578247070312e+00
-2.235247802734375000e+01 -9.790986776351928711e-01
-2.034521675109863281e+01 -1.332858443260192871e+00
-2.025301551818847656e+01 -5.673088550567626953e+00
2.374638175964355469e+01 2.401731610298156738e-01
2.509070968627929688e+01 -1.718192934989929199e+00
2.567467117309570312e+01 -1.130424261093139648e+00
7.184320449829101562e+00 1.965461540222167969e+01
4.269266605377197266e+00 2.069841384887695312e+01
3.327632904052734375e+00 2.310067939758300781e+01
-9.173712730407714844e+00 -9.622660875320434570e-01
6.864744186401367188e+00 2.134784889221191406e+01
5.347713947296142578e+00 2.141188812255859375e+01
6.957763195037841797e+00 2.294276618957519531e+01
3.626237869262695312e+00 2.220152091979980469e+01
7.651727199554443359e+00 1.995815277099609375e+01
7.815768718719482422e+00 2.411466789245605469e+01
2.589020347595214844e+01 -9.300773739814758301e-01
6.898996353149414062e+00 2.636585426330566406e+01
2.696866416931152344e+01 -7.163985371589660645e-01
2.397346496582031250e+01 -2.836251974105834961e+00
-1.776382827758789062e+01 -4.304334640502929688e+00
-8.223486900329589844e+00 -3.649231195449829102e+00
-1.044528102874755859e+01 -4.872929573059082031e+00
-1.390485191345214844e+01 -7.900255680084228516e+00
-9.006992340087890625e+00 -3.188158035278320312e+00
-9.032842636108398438e+00 1.053475856781005859e+00
-1.118335437774658203e+01 1.908445000648498535e+00
-9.943327903747558594e+00 -4.068622112274169922e+00
-7.278069019317626953e+00 6.337496638298034668e-01
4.070557117462158203e+00 2.692119598388671875e+01
-6.616053104400634766e+00 -1.063084840774536133e+00
5.681832313537597656e+00 2.676706886291503906e+01
-1.665361404418945312e+01 -8.303471565246582031e+00
-1.798521041870117188e+01 -4.171618461608886719e+00
6.909809589385986328e+00 2.420276069641113281e+01
3.718473196029663086e+00 2.097941207885742188e+01
-1.081604480743408203e+01 1.672583580017089844e+00
5.470656394958496094e+00 2.043735885620117188e+01
7.096759319305419922e+00 2.234656143188476562e+01
2.286110687255859375e+01 -1.247429847717285156e+00
2.450252914428710938e+01 -1.098887920379638672e+00
2.535433006286621094e+01 -3.564487457275390625e+00
2.295310020446777344e+01 -1.582129597663879395e+00
2.330961990356445312e+01 -5.568190574645996094e+00
2.417918395996093750e+01 -4.282330989837646484e+00
2.365290641784667969e+01 -2.529112994670867920e-01
2.576908493041992188e+01 -4.215815067291259766e+00
-1.617238807678222656e+01 -9.614065170288085938e+00
-1.769344711303710938e+01 -7.683283329010009766e+00
-1.528487014770507812e+01 -9.573789596557617188e+00
-9.665259361267089844e+00 -1.827494144439697266e+00
4.044629573822021484e+00 1.823620986938476562e+01
2.167753410339355469e+01 -1.119333386421203613e+00
-1.401771259307861328e+01 4.953670501708984375e+00
2.081581306457519531e+01 3.029476702213287354e-01
-1.354207324981689453e+01 -9.495976448059082031e+00
-1.514649677276611328e+01 -7.571148872375488281e+00
-2.121496963500976562e+01 -9.972680211067199707e-01
-1.557005500793457031e+01 -8.207280158996582031e+00
-9.758932113647460938e+00 -1.097255498170852661e-01
2.944189310073852539e+00 2.736022186279296875e+01
3.040477037429809570e+00 2.678844642639160156e+01
-7.678183078765869141e+00 -4.854538440704345703e+00
-1.454898262023925781e+01 -7.888692378997802734e+00
-2.134567070007324219e+01 -1.762532591819763184e+00
-1.640779495239257812e+01 -6.614659786224365234e+00
-1.891778373718261719e+01 -5.317346572875976562e+00
-1.012261390686035156e+01 4.508732557296752930e-01
-1.170668697357177734e+01 2.319313287734985352e+00
-1.298775100708007812e+01 3.783178091049194336e+00
5.933238506317138672e+00 1.992402648925781250e+01
-1.555805969238281250e+01 -5.385599613189697266e+00
-9.177217483520507812e+00 -1.066808819770812988e+00
-1.349550151824951172e+01 8.566880226135253906e-01
-1.010799598693847656e+01 -3.669480800628662109e+00
-1.444724082946777344e+01 -6.776609897613525391e+00
-1.987910079956054688e+01 -2.309119701385498047e+00
-7.029522895812988281e+00 -2.404081344604492188e+00
-2.086883735656738281e+01 -7.831129431724548340e-01
-2.271084594726562500e+01 9.433971047401428223e-01
-2.264248466491699219e+01 1.885450839996337891e+00
-1.221367168426513672e+01 4.424513816833496094e+00
-1.353870964050292969e+01 4.647590637207031250e+00
-1.660693168640136719e+01 -9.916180610656738281e+00
-1.939113235473632812e+01 -1.921313524246215820e+00
-1.851784515380859375e+01 -7.703319549560546875e+00
3.553072929382324219e+00 2.748196411132812500e+01
-9.167148590087890625e+00 -9.442752838134765625e+00
-1.002802658081054688e+01 -2.903293848037719727e+00
-1.691047286987304688e+01 -2.520603418350219727e+00
-1.064254283905029297e+01 -1.614481091499328613e+00
-1.048620033264160156e+01 1.370417326688766479e-01
-7.843719482421875000e+00 -2.865134000778198242e+00
2.948849439620971680e+00 2.681701087951660156e+01
-8.260491371154785156e+00 -6.181445121765136719e+00
-2.090917968750000000e+01 -5.088229656219482422e+00
-1.961497116088867188e+01 -5.695319175720214844e+00
-2.027523994445800781e+01 -6.146033287048339844e+00
-1.957014465332031250e+01 -2.492583274841308594e+00
-2.157644081115722656e+01 -8.981381654739379883e-01
-1.967393875122070312e+01 -3.501285791397094727e+00
-1.825799179077148438e+01 -6.077642917633056641e+00
-1.556785678863525391e+01 -7.578470230102539062e+00
-1.817527008056640625e+01 -5.361626148223876953e+00
-2.121216392517089844e+01 1.058519244194030762e+00
-1.392961978912353516e+01 -8.543851852416992188e+00
-1.380210304260253906e+01 -8.104747772216796875e+00
-1.619365501403808594e+01 -2.290515899658203125e+00
-8.660924911499023438e+00 -3.124970674514770508e+00
-1.367549419403076172e+01 1.644556641578674316e+00
-1.316616249084472656e+01 4.248928546905517578e+00
3.343075513839721680e+00 1.990222167968750000e+01
3.418674468994140625e+00 2.699280738830566406e+01
3.516901493072509766e+00 2.657919120788574219e+01
7.488865852355957031e+00 2.314935684204101562e+01
2.141421318054199219e+01 -6.394076943397521973e-01
3.758082628250122070e+00 2.192024421691894531e+01
6.124577999114990234e+00 2.164573478698730469e+01
-1.406384086608886719e+01 2.716699361801147461e+00
-1.337407588958740234e+01 2.128898859024047852e+00
-1.464603137969970703e+01 3.060484826564788818e-01
-1.153277015686035156e+01 -1.421418547630310059e+00
-1.077137851715087891e+01 -1.101667642593383789e+00
-1.166436386108398438e+01 2.004407167434692383e+00
-9.661980628967285156e+00 8.739385008811950684e-01
-1.648878288269042969e+01 -7.321327686309814453e+00
-2.031571006774902344e+01 -2.079447031021118164e+00
-1.997573280334472656e+01 -3.088217258453369141e+00
-1.583982276916503906e+01 -7.933815479278564453e+00
-1.852047538757324219e+01 -2.934781789779663086e+00
-1.158999443054199219e+01 -6.547745227813720703e+00
-1.398239326477050781e+01 -7.902849674224853516e+00
-1.726693153381347656e+01 -2.908637046813964844e+00
-1.720770454406738281e+01 -8.099370002746582031e+00
-1.807605934143066406e+01 -6.681368350982666016e+00
-1.856332778930664062e+01 -5.696316242218017578e+00
3.440240859985351562e+00 2.467408370971679688e+01
4.897624492645263672e+00 2.178308296203613281e+01
-7.949048519134521484e+00 -2.815396785736083984e+00
4.902273654937744141e+00 2.495409774780273438e+01
-7.564832210540771484e+00 -3.438441276550292969e+00
-8.310188293457031250e+00 -6.183584690093994141e+00
-1.057304859161376953e+01 1.854453444480895996e+00
-9.216766357421875000e+00 -4.511412382125854492e-01
-2.272071647644042969e+01 1.959708094596862793e+00
-8.261103630065917969e+00 -6.684492111206054688e+00
-1.373527812957763672e+01 1.950246572494506836e+00
-1.360600185394287109e+01 2.768389940261840820e+00
