3.812200000000000000e+04
3.809576517875718127e+04
3.806954356563808687e+04
3.804333516064271680e+04
3.801713996377107105e+04
3.799095797502313508e+04
3.796478919439892343e+04
3.793863362189845066e+04
3.791249125752167311e+04
3.788636210126863443e+04
3.786024615313930553e+04
3.783414341313370824e+04
3.780805388125182799e+04
3.778197755749367934e+04
3.775591444185923319e+04
3.772986453434852592e+04
3.770382783496152842e+04
3.767780434369825525e+04
3.765179406055870641e+04
3.762579698554287461e+04
3.759981311865075986e+04
3.757384245988238399e+04
3.754788500923771062e+04
3.752194076671676885e+04
3.749600973231954413e+04
3.747009190604604373e+04
3.744418728789626766e+04
3.741829587787020864e+04
3.739241767596786667e+04
3.736655268218926358e+04
3.734070089653437026e+04
3.731486231900318671e+04
3.728903694959574204e+04
3.726322478831201443e+04
3.723742583515199658e+04
3.721164009011571761e+04
3.718586755320314842e+04
3.716010822441430355e+04
3.713436210374918301e+04
3.710862919120777951e+04
3.708290948679009307e+04
3.705720299049613823e+04
3.703150970232590771e+04
3.700582962227938697e+04
3.698016275035659783e+04
3.695450908655751846e+04
3.692886863088217069e+04
3.690324138333053997e+04
3.687762734390262631e+04
3.685202651259845152e+04
3.682643888941797923e+04
3.680086447436123126e+04
3.677530326742821489e+04
3.674975526861890830e+04
3.672422047793332604e+04
3.669869889537147537e+04
3.667319052093333448e+04
3.664769535461891064e+04
3.662221339642822568e+04
3.659674464636124321e+04
3.657128910441799962e+04
3.654584677059846581e+04
3.652041764490265632e+04
3.649500172733057116e+04
3.646959901788220304e+04
3.644420951655755925e+04
3.641883322335663252e+04
3.639347013827943738e+04
3.636812026132595929e+04
3.634278359249619825e+04
3.631746013179015426e+04
3.629214987920783460e+04
3.626685283474924654e+04
3.624156899841436825e+04
3.621629837020322157e+04
3.619104095011579193e+04
3.616579673815208662e+04
3.614056573431209836e+04
3.611534793859582715e+04
3.609014335100328026e+04
3.606495197153446497e+04
3.603977380018935946e+04
3.601460883696797828e+04
3.598945708187032142e+04
3.596431853489638888e+04
3.593919319604616612e+04
3.591408106531966769e+04
3.588898214271690085e+04
3.586389642823784379e+04
3.583882392188251106e+04
3.581376462365090265e+04
3.578871853354301857e+04
3.576368565155885153e+04
3.573866597769840155e+04
3.571365951196167589e+04
3.568866625434868183e+04
3.566368620485940482e+04
3.563871936349384487e+04
3.561376573025200196e+04
3.558882530513389065e+04
3.556389808813948912e+04
3.553898407926882646e+04
3.551408327852186630e+04
3.548919568589863047e+04
3.546432130139912624e+04
3.543946012502333906e+04
3.541461215677127620e+04
3.538977739664293040e+04
3.536495584463830164e+04
3.534014750075739721e+04
3.531535236500021711e+04
3.529057043736675405e+04
3.526580171785701532e+04
3.524104620647100819e+04
3.521630390320871084e+04
3.519157480807013053e+04
3.516685892105528183e+04
3.514215624216415017e+04
3.511746677139674284e+04
3.509279050875305984e+04
3.506812745423308661e+04
3.504347760783684498e+04
3.501884096956432040e+04
3.499421753941551287e+04
3.496960731739043695e+04
3.494501030348907079e+04
3.492042649771143624e+04
3.489585590005751874e+04
3.487129851052732556e+04
3.484675432912084943e+04
3.482222335583809763e+04
3.479770559067906288e+04
3.477320103364375245e+04
3.474870968473217363e+04
3.472423154394429730e+04
3.469976661128015257e+04
3.467531488673973217e+04
3.465087637032302882e+04
3.462645106203004252e+04
3.460203896186078782e+04
3.457764006981525017e+04
3.455325438589342957e+04
3.452888191009533330e+04
3.450452264242096135e+04
3.448017658287030645e+04
3.445584373144337587e+04
3.443152408814016235e+04
3.440721765296068043e+04
3.438292442590490828e+04
3.435864440697286045e+04
3.433437759616453695e+04
3.431012399347993778e+04
3.428588359891906293e+04
3.426165641248189786e+04
3.423744243416845711e+04
3.421324166397874797e+04
3.418905410191274859e+04
3.416487974797047355e+04
3.414071860215192282e+04
3.411657066445708915e+04
3.409243593488597980e+04
3.406831441343858751e+04
3.404420610011491954e+04
3.402011099491497589e+04
3.399602909783874929e+04
3.397196040888624702e+04
3.394790492805746908e+04
3.392386265535240818e+04
3.389983359077106434e+04
3.387581773431344482e+04
3.385181508597954962e+04
3.382782564576937875e+04
3.380384941368292493e+04
3.377988638972019544e+04
3.375593657388118299e+04
3.373199996616589488e+04
3.370807656657433108e+04
3.368416637510647706e+04
3.366026939176236192e+04
3.363638561654194928e+04
3.361251504944526823e+04
3.358865769047230424e+04
3.356481353962307185e+04
3.354098259689754923e+04
3.351716486229575821e+04
3.349336033581768424e+04
3.346956901746332733e+04
3.344579090723269474e+04
3.342202600512578647e+04
3.339827431114259525e+04
3.337453582528313564e+04
3.335081054754737852e+04
3.332709847793536028e+04
3.330339961644705181e+04
3.327971396308246767e+04
3.325604151784161513e+04
3.323238228072446509e+04
3.320873625173105393e+04
3.318510343086135981e+04
3.316148381811538275e+04
3.313787741349313001e+04
3.311428421699460159e+04
3.309070422861979023e+04
3.306713744836869591e+04
3.304358387624133320e+04
3.302004351223768754e+04
3.299651635635775892e+04
3.297300240860155463e+04
3.294950166896907467e+04
3.292601413746031903e+04
3.290253981407527317e+04
3.287907869881395163e+04
3.285563079167635442e+04
3.283219609266248153e+04
3.280877460177232570e+04
3.278536631900590146e+04
3.276197124436318700e+04
3.273858937784419686e+04
3.271522071944892741e+04
3.269186526917738229e+04
3.266852302702955421e+04
3.264519399300545047e+04
3.262187816710506740e+04
3.259857554932840503e+04
3.257528613967547062e+04
3.255200993814625326e+04
3.252874694474075295e+04
3.250549715945897697e+04
3.248226058230092531e+04
3.245903721326659070e+04
3.243582705235598405e+04
3.241263009956908718e+04
3.238944635490592555e+04
3.236627581836647369e+04
3.234311848995074615e+04
3.231997436965874658e+04
3.229684345749046406e+04
3.227372575344590587e+04
3.225062125752506108e+04
3.222752996972794062e+04
3.220445189005454813e+04
3.218138701850486541e+04
3.215833535507891793e+04
3.213529689977668750e+04
3.211227165259817411e+04
3.208925961354338142e+04
3.206626078261231305e+04
3.204327515980496537e+04
3.202030274512134201e+04
3.199734353856143571e+04
3.197439754012525736e+04
3.195146474981279243e+04
3.192854516762405183e+04
3.190563879355903191e+04
3.188274562761774359e+04
3.185986566980016141e+04
3.183699892010629992e+04
3.181414537853617730e+04
3.179130504508976446e+04
3.176847791976707231e+04
3.174566400256810448e+04
3.172286329349286098e+04
3.170007579254133816e+04
3.167730149971352876e+04
3.165454041500943640e+04
3.163179253842907929e+04
3.160905786997244286e+04
3.158633640963952348e+04
3.156362815743032115e+04
3.154093311334484679e+04
3.151825127738308947e+04
3.149558264954506376e+04
3.147292722983074782e+04
3.145028501824015984e+04
3.142765601477328892e+04
3.140504021943014595e+04
3.138243763221072004e+04
3.135984825311501481e+04
3.133727208214302664e+04
3.131470911929476279e+04
3.129215936457022326e+04
3.126962281796940078e+04
3.124709947949230991e+04
3.122458934913893245e+04
3.120209242690928659e+04
3.117960871280335050e+04
3.115713820682113510e+04
3.113468090896264766e+04
3.111223681922787728e+04
3.108980593761683122e+04
3.106738826412949857e+04
3.104498379876589752e+04
