1.746741485595703125e+01 -1.571423560380935669e-01
1.632453536987304688e+01 7.324314117431640625e-01
1.632274246215820312e+01 8.145422935485839844e-01
1.629814720153808594e+01 6.418201327323913574e-01
1.855393218994140625e+01 -8.211389780044555664e-01
1.854057121276855469e+01 -9.578673839569091797e-01
1.844547843933105469e+01 -9.338854551315307617e-01
1.850994873046875000e+01 -9.169512391090393066e-01
1.788174438476562500e+01 -6.141375899314880371e-01
1.749027061462402344e+01 -4.097370505332946777e-01
1.729544258117675781e+01 -2.093069553375244141e-01
1.749571228027343750e+01 -2.823692262172698975e-01
1.816981697082519531e+01 -8.400005102157592773e-01
-3.031223535537719727e+00 7.642635107040405273e-01
5.221519470214843750e+00 1.278188705444335938e+01
5.146942138671875000e+00 1.282264328002929688e+01
5.272706508636474609e+00 1.279162788391113281e+01
-4.282653331756591797e+00 1.686383783817291260e-01
-1.991926670074462891e+00 -4.240228176116943359e+00
-1.268668413162231445e+00 3.314163386821746826e-01
-3.177916288375854492e+00 9.148026704788208008e-01
-1.814513206481933594e+00 -1.820205748081207275e-01
-3.765323400497436523e+00 1.396547436714172363e+00
5.184452533721923828e+00 1.280809974670410156e+01
1.844670677185058594e+01 1.537612974643707275e-01
1.837458801269531250e+01 4.597469270229339600e-01
1.838803291320800781e+01 3.016793429851531982e-01
1.834010696411132812e+01 7.656619548797607422e-01
-4.330400466918945312e+00 6.316322833299636841e-04
-2.708506345748901367e+00 6.384122967720031738e-01
-4.090887069702148438e+00 5.872745513916015625e-01
5.603343963623046875e+00 1.338232421875000000e+01
6.642274856567382812e+00 1.337215518951416016e+01
6.470732212066650391e+00 1.356719303131103516e+01
6.226524829864501953e+00 1.356973838806152344e+01
6.353540897369384766e+00 1.341991329193115234e+01
1.793349456787109375e+01 2.354212850332260132e-01
1.867545127868652344e+01 -2.185233086347579956e-01
1.785926055908203125e+01 9.919602274894714355e-01
1.714045524597167969e+01 1.308318138122558594e+00
1.889777565002441406e+01 -1.757534593343734741e-01
1.882772445678710938e+01 -1.356851160526275635e-01
1.892748832702636719e+01 -8.884909003973007202e-02
5.796688556671142578e+00 1.354853153228759766e+01
-8.166321516036987305e-01 6.834711879491806030e-02
6.300508022308349609e+00 1.361251926422119141e+01
6.177642822265625000e+00 1.362313652038574219e+01
-4.299568176269531250e+00 4.735043644905090332e-01
-4.191991329193115234e+00 5.489481091499328613e-01
-1.819460511207580566e+00 -3.628883123397827148e+00
-4.898257732391357422e+00 -8.987173438072204590e-01
-2.403606653213500977e+00 -3.468070745468139648e+00
-2.662780284881591797e+00 -3.278436422348022461e+00
-2.204861164093017578e+00 -3.569537639617919922e+00
-1.884996294975280762e+00 -3.811013936996459961e+00
-2.886029005050659180e+00 5.257236361503601074e-01
-2.749804973602294922e+00 -1.151338815689086914e+00
-1.830478072166442871e+00 -4.486650466918945312e+00
-8.859095573425292969e-01 -1.043698191642761230e-01
-2.501586675643920898e+00 -4.672773182392120361e-01
1.808786010742187500e+01 3.714409172534942627e-01
1.847078323364257812e+01 -2.276802361011505127e-01
1.734149169921875000e+01 1.501321077346801758e+00
1.775555610656738281e+01 8.343341350555419922e-01
1.642457962036132812e+01 7.889617085456848145e-01
1.863570785522460938e+01 -7.501873970031738281e-01
1.832517433166503906e+01 1.101164579391479492e+00
1.826833915710449219e+01 8.984043598175048828e-01
1.853808021545410156e+01 -4.187286198139190674e-01
-3.972637891769409180e+00 6.702709197998046875e-01
1.660613822937011719e+01 1.086626768112182617e+00
1.684917068481445312e+01 2.033127546310424805e+00
1.734457969665527344e+01 2.022657871246337891e+00
1.735664558410644531e+01 1.636876344680786133e+00
-2.947684764862060547e+00 1.948741555213928223e+00
-1.019672870635986328e+00 2.173572629690170288e-01
-6.771132349967956543e-01 5.399805903434753418e-01
-2.248516082763671875e+00 -2.316472291946411133e+00
-2.257741451263427734e+00 5.694416165351867676e-01
-2.209865808486938477e+00 -3.433638215065002441e-01
-3.184054374694824219e+00 1.370231151580810547e+00
-4.365812301635742188e+00 -2.601856291294097900e-01
-2.903354406356811523e+00 -7.208578586578369141e-01
1.808471488952636719e+01 2.465019971132278442e-01
1.640634155273437500e+01 8.104255199432373047e-01
1.748210334777832031e+01 9.121048450469970703e-01
1.694009399414062500e+01 2.070775985717773438e+00
1.658830070495605469e+01 1.115009784698486328e+00
1.876261520385742188e+01 -5.716388225555419922e-01
1.874098968505859375e+01 -4.827002435922622681e-02
1.820878410339355469e+01 8.056991696357727051e-01
1.756091117858886719e+01 1.672441720962524414e+00
1.863662910461425781e+01 -8.660082817077636719e-01
1.867346763610839844e+01 -8.018999695777893066e-01
1.762282371520996094e+01 -2.132111340761184692e-01
5.844656467437744141e+00 1.305437183380126953e+01
6.608229637145996094e+00 1.228937625885009766e+01
5.694757461547851562e+00 1.320193576812744141e+01
6.124899387359619141e+00 1.259950351715087891e+01
5.367954254150390625e+00 1.257439613342285156e+01
-1.863273382186889648e+00 -4.345998764038085938e+00
1.883437728881835938e+01 2.289291322231292725e-01
1.889568901062011719e+01 -3.057731129229068756e-02
1.854137802124023438e+01 3.134212791919708252e-01
1.839432907104492188e+01 1.199298501014709473e-01
5.635099411010742188e+00 1.325008296966552734e+01
-1.349555969238281250e+00 -3.551832437515258789e-01
-8.397489786148071289e-01 2.133750915527343750e-02
-2.193663120269775391e+00 -3.060031309723854065e-02
-4.146764278411865234e+00 4.895925521850585938e-01
-1.201894283294677734e+00 -2.233198285102844238e-01
4.318024635314941406e+00 1.304399108886718750e+01
-3.075975656509399414e+00 2.376716136932373047e-01
1.752915382385253906e+01 9.437672495841979980e-01
1.846159934997558594e+01 -9.171766042709350586e-01
-2.153296470642089844e+00 -3.811453104019165039e+00
-4.244750022888183594e+00 -6.267055869102478027e-01
-3.403872489929199219e+00 1.393894910812377930e+00
-2.687297344207763672e+00 1.912537574768066406e+00
1.638225173950195312e+01 6.770692467689514160e-01
-3.290638923645019531e+00 1.798666715621948242e+00
4.410255432128906250e+00 1.295660018920898438e+01
1.761888122558593750e+01 -1.935278922319412231e-01
5.495647907257080078e+00 1.240875720977783203e+01
5.713700294494628906e+00 1.313475894927978516e+01
6.765911579132080078e+00 1.262681293487548828e+01
-2.116409540176391602e+00 -3.443275213241577148e+00
-1.991250514984130859e+00 4.849706590175628662e-01
-1.944759726524353027e+00 -4.130413532257080078e+00
-1.554312705993652344e+00 7.540536522865295410e-01
7.234169483184814453e+00 1.280108261108398438e+01
7.341894626617431641e+00 1.250370025634765625e+01
6.998253345489501953e+00 1.298631668090820312e+01
1.710703277587890625e+01 1.890636205673217773e+00
1.832312011718750000e+01 1.198374986648559570e+00
1.794148063659667969e+01 1.524256587028503418e+00
1.763750839233398438e+01 1.954498887062072754e+00
1.750936889648437500e+01 1.862199187278747559e+00
-2.771898984909057617e+00 -8.847338557243347168e-01
-4.056117534637451172e+00 -1.924208164215087891e+00
-4.754036426544189453e+00 -2.880344390869140625e-01
-3.469127655029296875e+00 -2.806467056274414062e+00
-2.197632789611816406e+00 -3.667946100234985352e+00
-4.964645385742187500e+00 -6.492310166358947754e-01
-3.888558149337768555e+00 -9.781903028488159180e-01
-4.916898250579833984e+00 -1.729259938001632690e-01
-3.056478738784790039e+00 1.092813611030578613e+00
-2.812380313873291016e+00 6.232897639274597168e-01
-3.671647787094116211e+00 -2.111678600311279297e+00
6.197915554046630859e+00 1.319550991058349609e+01
6.806974411010742188e+00 1.334086799621582031e+01
6.895401477813720703e+00 1.203728103637695312e+01
6.657266616821289062e+00 1.208255672454833984e+01
1.880474090576171875e+01 -1.956730186939239502e-01
1.827993774414062500e+01 1.251512885093688965e+00
1.792946624755859375e+01 1.583549261093139648e+00
1.835457038879394531e+01 1.127122044563293457e+00
7.370450496673583984e+00 1.225899696350097656e+01
7.330222129821777344e+00 1.237632274627685547e+01
7.325408935546875000e+00 1.232151031494140625e+01
7.270280361175537109e+00 1.222080326080322266e+01
5.945365905761718750e+00 1.347988319396972656e+01
1.633437347412109375e+01 1.671008825302124023e+00
1.624312210083007812e+01 9.196895956993103027e-01
-3.376196622848510742e+00 -1.084916830062866211e+00
-1.628285646438598633e+00 1.168368697166442871e+00
5.755774497985839844e+00 1.315762615203857422e+01
-8.884867429733276367e-01 2.155002057552337646e-01
-3.577112197875976562e+00 1.776848316192626953e+00
-2.982175111770629883e+00 -1.387702703475952148e+00
-1.906138420104980469e+00 6.208765506744384766e-02
4.708373546600341797e+00 1.289285373687744141e+01
-4.887931346893310547e+00 -1.377455592155456543e+00
6.226890563964843750e+00 1.249454021453857422e+01
-2.875439167022705078e+00 1.615684986114501953e+00
-1.346400618553161621e+00 1.447205305099487305e+00
-2.847318649291992188e+00 1.909846901893615723e+00
-3.262234449386596680e+00 1.818874835968017578e+00
-3.270486116409301758e+00 -2.924821138381958008e+00
-2.549905300140380859e+00 6.438317894935607910e-01
-2.546031475067138672e+00 -9.461562633514404297e-01
-3.127288579940795898e+00 1.504221320152282715e+00
-2.332075595855712891e+00 -1.287992835044860840e+00
-3.969577074050903320e+00 -3.706821501255035400e-01
1.718190383911132812e+01 1.702233314514160156e+00
1.723249053955078125e+01 1.467817902565002441e+00
1.664865493774414062e+01 1.885899424552917480e+00
1.781439208984375000e+01 7.955186963081359863e-01
6.233461856842041016e+00 1.341027450561523438e+01
6.403932571411132812e+00 1.362238025665283203e+01
5.781060695648193359e+00 1.216053390502929688e+01
6.241384506225585938e+00 1.225109863281250000e+01
-1.775095462799072266e+00 -4.401504516601562500e+00
-1.758293747901916504e+00 -4.396739959716796875e+00
-4.767833232879638672e+00 -1.437462925910949707e+00
-3.278820991516113281e+00 -2.865331411361694336e+00
7.137616634368896484e+00 1.257605934143066406e+01
7.026589393615722656e+00 1.207562160491943359e+01
6.967273235321044922e+00 1.321610069274902344e+01
6.537359237670898438e+00 1.232218647003173828e+01
-4.929819107055664062e+00 -1.354381561279296875e+00
-2.970459699630737305e+00 -2.353602647781372070e+00
-2.970574617385864258e+00 -1.253240704536437988e+00
-3.988598823547363281e+00 1.469722270965576172e+00
-2.635078191757202148e+00 1.966827154159545898e+00
1.692197799682617188e+01 1.271612644195556641e+00
-4.678629636764526367e-01 5.796527862548828125e-01
4.754241943359375000e+00 1.278972816467285156e+01
6.812389373779296875e+00 1.295393753051757812e+01
1.832560157775878906e+01 8.619321882724761963e-02
1.764407920837402344e+01 8.245179057121276855e-01
1.662835884094238281e+01 2.040986061096191406e+00
1.667706680297851562e+01 1.365410089492797852e+00
-2.191898584365844727e+00 -2.897691249847412109e+00
-4.481138706207275391e+00 -2.443279772996902466e-01
-2.327512979507446289e+00 -3.540114641189575195e+00
-2.869479417800903320e+00 5.213578939437866211e-01
-3.234674453735351562e+00 -2.357871055603027344e+00
1.658741950988769531e+01 1.194832444190979004e+00
1.647465896606445312e+01 2.334767103195190430e+00
1.725871849060058594e+01 1.610241651535034180e+00
1.705522727966308594e+01 2.030075550079345703e+00
6.896312713623046875e+00 1.317690086364746094e+01
6.886006355285644531e+00 1.289876270294189453e+01
7.098940849304199219e+00 1.261193370819091797e+01
7.113934040069580078e+00 1.223881816864013672e+01
1.837695312500000000e+01 -4.355639517307281494e-01
1.795288276672363281e+01 1.422865390777587891e-01
1.852334403991699219e+01 -3.993799388408660889e-01
1.817292594909667969e+01 1.341512441635131836e+00
-4.905057430267333984e+00 -1.187598228454589844e+00
-1.797238469123840332e+00 1.574111580848693848e+00
-2.144161939620971680e+00 -1.833962082862854004e+00
-1.865194797515869141e+00 1.673882365226745605e+00
-2.901444196701049805e+00 -2.268504142761230469e+00
-3.315785169601440430e+00 -8.499802350997924805e-01
-3.408061504364013672e+00 -2.153826951980590820e+00
-4.819143295288085938e+00 -3.450898826122283936e-01
4.552046775817871094e+00 1.293729019165039062e+01
-3.440661668777465820e+00 1.708070635795593262e+00
-3.847923994064331055e+00 8.437175750732421875e-01
-1.846282362937927246e+00 -4.286798000335693359e+00
-4.729202747344970703e+00 -1.453349709510803223e+00
-2.112554311752319336e+00 -3.763162612915039062e+00
-2.141501188278198242e+00 -3.147050142288208008e+00
-3.499042987823486328e+00 -2.658249378204345703e+00
1.645428848266601562e+01 1.967550754547119141e+00
1.643129158020019531e+01 1.386294245719909668e+00
1.632548141479492188e+01 1.174011230468750000e+00
7.228944778442382812e+00 1.225476264953613281e+01
6.002794742584228516e+00 1.211765098571777344e+01
5.373023509979248047e+00 1.253678321838378906e+01
-2.155717849731445312e+00 1.614205956459045410e+00
6.800953388214111328e+00 1.272295379638671875e+01
6.246093273162841797e+00 1.247227668762207031e+01
6.577820301055908203e+00 1.328469848632812500e+01
5.629138469696044922e+00 1.234642791748046875e+01
7.223520755767822266e+00 1.237265014648437500e+01
6.694660663604736328e+00 1.343970870971679688e+01
1.631320190429687500e+01 1.068415284156799316e+00
6.552505493164062500e+00 1.330109310150146484e+01
1.626434135437011719e+01 7.436444163322448730e-01
1.710382843017578125e+01 1.762980103492736816e+00
-3.011720657348632812e+00 -1.721224546432495117e+00
-3.410816431045532227e+00 1.561400294303894043e+00
-3.234844207763671875e+00 7.721839547157287598e-01
-4.808165073394775391e+00 -3.299891650676727295e-01
-3.153088092803955078e+00 1.408241987228393555e+00
-1.739614248275756836e+00 1.647814035415649414e+00
-1.185249090194702148e+00 1.353149056434631348e+00
-3.080481052398681641e+00 8.993439674377441406e-01
-2.301238775253295898e+00 1.866972565650939941e+00
4.464263916015625000e+00 1.295769500732421875e+01
-2.714392662048339844e+00 1.920878887176513672e+00
6.637051582336425781e+00 1.300957965850830078e+01
-4.431157588958740234e+00 -1.347942471504211426e+00
-2.948652744293212891e+00 -1.776997208595275879e+00
6.520892143249511719e+00 1.349025058746337891e+01
5.864327430725097656e+00 1.205693149566650391e+01
-1.195758342742919922e+00 1.342449665069580078e+00
6.444683074951171875e+00 1.219541740417480469e+01
6.683144569396972656e+00 1.310712337493896484e+01
1.670610809326171875e+01 2.105095386505126953e+00
1.643059539794921875e+01 1.590106248855590820e+00
1.751808929443359375e+01 9.781035184860229492e-01
1.665057373046875000e+01 2.091614723205566406e+00
1.813374710083007812e+01 1.278106689453125000e+00
1.760881423950195312e+01 1.068206906318664551e+00
1.645620727539062500e+01 2.002597808837890625e+00
1.760685348510742188e+01 7.758787870407104492e-01
-4.846241950988769531e+00 -1.364209890365600586e+00
-4.154484272003173828e+00 -1.836632132530212402e+00
-4.788625240325927734e+00 -1.194539189338684082e+00
-2.436282634735107422e+00 1.260396003723144531e+00
-2.465850114822387695e-01 7.334147095680236816e-01
1.666847610473632812e+01 2.225799322128295898e+00
-2.771633267402648926e-01 5.236641168594360352e-01
1.633993721008300781e+01 2.429722309112548828e+00
-4.978946685791015625e+00 -2.719984352588653564e-01
-4.638416767120361328e+00 -6.557413935661315918e-01
-2.169614791870117188e+00 -3.536131858825683594e+00
-4.760605812072753906e+00 -9.012417793273925781e-01
-1.868184328079223633e+00 1.571487307548522949e+00
4.276052951812744141e+00 1.308463478088378906e+01
4.267365932464599609e+00 1.308894920349121094e+01
-3.790120840072631836e+00 1.676690340042114258e+00
-4.753615856170654297e+00 -4.938651919364929199e-01
-2.272067546844482422e+00 -3.581055402755737305e+00
-3.996479034423828125e+00 -1.070182442665100098e+00
-3.440191984176635742e+00 -2.183789014816284180e+00
-1.756978154182434082e+00 1.567993879318237305e+00
-1.092890501022338867e+00 1.248623251914978027e+00
-5.521355271339416504e-01 6.739809513092041016e-01
6.682991981506347656e+00 1.215828037261962891e+01
-3.596929311752319336e+00 -8.771762251853942871e-01
-2.198400735855102539e+00 1.556725382804870605e+00
-1.140136599540710449e+00 2.192043364048004150e-01
-2.974714994430541992e+00 8.890702128410339355e-01
-4.382476806640625000e+00 -5.331842899322509766e-01
-2.294901847839355469e+00 -2.487395763397216797e+00
-3.313979387283325195e+00 1.881264805793762207e+00
-2.093663692474365234e+00 -3.460630655288696289e+00
-1.740828752517700195e+00 -4.362417221069335938e+00
-1.876891613006591797e+00 -4.491885662078857422e+00
-3.678899407386779785e-01 6.060387492179870605e-01
-3.669018149375915527e-01 5.714841485023498535e-01
-4.827624797821044922e+00 -1.421849846839904785e+00
-2.288138866424560547e+00 -2.397032022476196289e+00
-4.086393356323242188e+00 -1.961159467697143555e+00
4.238877296447753906e+00 1.312047004699707031e+01
-3.937462329864501953e+00 7.398334145545959473e-01
-2.800555944442749023e+00 1.038345932960510254e+00
-2.566500186920166016e+00 -1.378903031349182129e+00
-2.186515331268310547e+00 9.611962437629699707e-01
-1.730783462524414062e+00 1.414986252784729004e+00
-3.424159526824951172e+00 1.794417381286621094e+00
4.300468444824218750e+00 1.305472469329833984e+01
-4.088964462280273438e+00 1.325935840606689453e+00
-3.396939992904663086e+00 -2.792537450790405273e+00
-3.503002882003784180e+00 -2.455492496490478516e+00
-3.566380739212036133e+00 -2.540783882141113281e+00
-2.457030057907104492e+00 -2.450623273849487305e+00
-2.090731620788574219e+00 -3.625565290451049805e+00
-2.670943021774291992e+00 -2.397268056869506836e+00
-3.590415477752685547e+00 -2.089767932891845703e+00
-4.564039707183837891e+00 -8.357982039451599121e-01
-3.445327997207641602e+00 -2.022983312606811523e+00
-1.738381385803222656e+00 -4.082846164703369141e+00
-4.861466407775878906e+00 -4.148471355438232422e-01
-4.779228687286376953e+00 -3.579683899879455566e-01
-2.571842432022094727e+00 -1.210995197296142578e+00
-2.970228910446166992e+00 1.571207284927368164e+00
-8.731146454811096191e-01 2.439248561859130859e-01
-4.914444386959075928e-01 6.717435717582702637e-01
5.936541557312011719e+00 1.199131298065185547e+01
4.308483123779296875e+00 1.304492950439453125e+01
4.353929042816162109e+00 1.301884269714355469e+01
6.777301788330078125e+00 1.332829189300537109e+01
1.651762771606445312e+01 2.301517724990844727e+00
5.712208747863769531e+00 1.229512214660644531e+01
6.394950866699218750e+00 1.273137283325195312e+01
-7.968562245368957520e-01 1.486241072416305542e-01
-8.738219738006591797e-01 1.794367134571075439e-01
-1.337809205055236816e+00 -1.703568249940872192e-01
-2.080640316009521484e+00 6.349394917488098145e-01
-2.032553672790527344e+00 9.898110032081604004e-01
-1.128738760948181152e+00 1.270648717880249023e+00
-1.765765905380249023e+00 1.647801637649536133e+00
-4.209599971771240234e+00 -1.179855942726135254e+00
-2.281592607498168945e+00 -2.777542829513549805e+00
-2.620476484298706055e+00 -2.494334459304809570e+00
-4.680581092834472656e+00 -8.163098692893981934e-01
-2.588987112045288086e+00 -2.072983264923095703e+00
-4.299273014068603516e+00 3.419793844223022461e-01
-4.789954185485839844e+00 -4.214373826980590820e-01
-2.656360626220703125e+00 -1.448666810989379883e+00
-4.365372657775878906e+00 -1.563477754592895508e+00
-3.841969490051269531e+00 -2.006815910339355469e+00
-3.537015676498413086e+00 -2.139235258102416992e+00
5.036608695983886719e+00 1.266052913665771484e+01
6.247344493865966797e+00 1.254625701904296875e+01
-3.276958465576171875e+00 1.743265748023986816e+00
5.690940380096435547e+00 1.336828994750976562e+01
-3.477182149887084961e+00 1.808181881904602051e+00
-4.126229286193847656e+00 1.373087286949157715e+00
-1.319950938224792480e+00 1.450145244598388672e+00
-1.930241227149963379e+00 1.646055459976196289e+00
-1.866041660308837891e+00 -4.443128585815429688e+00
-4.121263504028320312e+00 1.367522835731506348e+00
-7.871651053428649902e-01 2.124420255422592163e-01
-6.027833819389343262e-01 3.969874978065490723e-01
