3.812250000000000000e+04
3.805250178717270319e+04
3.798275283889164712e+04
3.791325315515680995e+04
3.784400273596820625e+04
3.777500158132582146e+04
3.770624969122967013e+04
3.763774706567973772e+04
3.756949370467603876e+04
3.750148960821856599e+04
3.743373477630731941e+04
3.736622920894229173e+04
3.729897290612349752e+04
3.723196586785092950e+04
3.716520809412458766e+04
3.709869958494447201e+04
3.703244034031058254e+04
3.696643036022291926e+04
3.690066964468148944e+04
3.683515819368627126e+04
3.676989600723730109e+04
3.670488308533454256e+04
3.664011942797801021e+04
3.657560503516771132e+04
3.651133990690363862e+04
3.644732404318578483e+04
3.638355744401416450e+04
3.632004010938877036e+04
3.625677203930960241e+04
3.619375323377666064e+04
3.613098369278994505e+04
3.606846341634945566e+04
3.600619240445519245e+04
3.594417065710716270e+04
3.588239817430535186e+04
3.582087495604976721e+04
3.575960100234040874e+04
3.569857631317728374e+04
3.563780088856038492e+04
3.557727472848971229e+04
3.551699783296526584e+04
3.545697020198704558e+04
3.539719183555505151e+04
3.533766273366928363e+04
3.527838289632974193e+04
3.521935232353641914e+04
3.516057101528933708e+04
3.510203897158847394e+04
3.504375619243383699e+04
3.498572267782543349e+04
3.492793842776324891e+04
3.487040344224729779e+04
3.481311772127755830e+04
3.475608126485406683e+04
3.469929407297679427e+04
3.464275614564574789e+04
3.458646748286092770e+04
3.453042808462232642e+04
3.447463795092995861e+04
3.441909708178381698e+04
3.436380547718390881e+04
3.430876313713021955e+04
3.425397006162275648e+04
3.419942625066151959e+04
3.414513170424650889e+04
3.409108642237773165e+04
3.403729040505518060e+04
3.398374365227885573e+04
3.393044616404874978e+04
3.387739794036487729e+04
3.382459898122722370e+04
3.377204928663581086e+04
3.371974885659060965e+04
3.366769769109164918e+04
3.361589579013890034e+04
3.356434315373239224e+04
3.351303978187210305e+04
3.346198567455804732e+04
3.341118083179021050e+04
3.336062525356859987e+04
3.331031893989322270e+04
3.326026189076407172e+04
3.321045410618113965e+04
3.316089558614444104e+04
3.311158633065396862e+04
3.306252633970970783e+04
3.301371561331168778e+04
3.296515415145990119e+04
3.291684195415433351e+04
3.286877902139499201e+04
3.282096535318187671e+04
3.277340094951499486e+04
3.272608581039433193e+04
3.267901993581990246e+04
3.263220332579169190e+04
3.258563598030971116e+04
3.253931789937395297e+04
3.249324908298442824e+04
3.244742953114112606e+04
3.240185924384405735e+04
3.235653822109320390e+04
3.231146646288858756e+04
3.226664396923019376e+04
3.222207074011802251e+04
3.217774677555208473e+04
3.213367207553237313e+04
3.208984664005887680e+04
3.204627046913162485e+04
3.200294356275058817e+04
3.195986592091578132e+04
3.191703754362720065e+04
3.187445843088484617e+04
3.183212858268872151e+04
3.179004799903882304e+04
3.174821667993514711e+04
3.170663462537770465e+04
3.166530183536648110e+04
3.162421830990148737e+04
3.158338404898271983e+04
3.154279905261017848e+04
3.150246332078386695e+04
3.146237685350377797e+04
3.142253965076991881e+04
3.138295171258228220e+04
3.134361303894088269e+04
3.130452362984569845e+04
3.126568348529674768e+04
3.122709260529401945e+04
3.118875098983752105e+04
3.115065863892724155e+04
3.111281555256320644e+04
3.107522173074537568e+04
3.103787717347378566e+04
3.100078188074842183e+04
3.096393585256928054e+04
3.092733908893636544e+04
3.089099158984967653e+04
3.085489335530922108e+04
3.081904438531499181e+04
3.078344467986698146e+04
3.074809423896520093e+04
3.071299306260964659e+04
3.067814115080031843e+04
3.064353850353721646e+04
3.060918512082034795e+04
3.057508100264969835e+04
3.054122614902528221e+04
3.050762055994708498e+04
3.047426423541512486e+04
3.044115717542938364e+04
3.040829937998986861e+04
3.037569084909657977e+04
3.034333158274952075e+04
3.031122158094869155e+04
3.027936084369408491e+04
3.024774937098570445e+04
3.021638716282354653e+04
3.018527421920762572e+04
3.015441054013792746e+04
3.012379612561445174e+04
3.009343097563720585e+04
3.006331509020618978e+04
3.003344846932138898e+04
3.000383111298282529e+04
2.997446302119048778e+04
2.994534419394437646e+04
2.991647463124448768e+04
2.988785433309083237e+04
2.985948329948339233e+04
2.983136153042218575e+04
2.980348902590721264e+04
2.977586578593845843e+04
2.974849181051593041e+04
2.972136709963963585e+04
2.969449165330956021e+04
2.966786547152571438e+04
2.964148855428809475e+04
2.961536090159670857e+04
2.958948251345153767e+04
2.956385338985260023e+04
2.953847353079988898e+04
2.951334293629340027e+04
2.948846160633314139e+04
2.946382954091910142e+04
2.943944674005130219e+04
2.941531320372971823e+04
2.939142893195436773e+04
2.936779392472524341e+04
2.934440818204234165e+04
2.932127170390566971e+04
2.929838449031522759e+04
2.927574654127100439e+04
2.925335785677301828e+04
2.923121843682124381e+04
2.920932828141571008e+04
2.918768739055639890e+04
2.916629576424331754e+04
2.914515340247645145e+04
2.912426030525582610e+04
2.910361647258141602e+04
2.908322190445323213e+04
2.906307660087128170e+04
2.904318056183556109e+04
2.902353378734605576e+04
2.900413627740278753e+04
2.898498803200574184e+04
2.896608905115492234e+04
2.894743933485032903e+04
2.892903888309196554e+04
2.891088769587982824e+04
2.889298577321391713e+04
2.887533311509422492e+04
2.885792972152076254e+04
2.884077559249353362e+04
2.882387072801253089e+04
2.880721512807775434e+04
2.879080879268920398e+04
2.877465172184687981e+04
2.875874391555077455e+04
2.874308537380090638e+04
2.872767609659726440e+04
2.871251608393984498e+04
2.869760533582864809e+04
2.868294385226368104e+04
2.866853163324494381e+04
2.865436867877243640e+04
2.864045498884615154e+04
2.862679056346608922e+04
2.861337540263225674e+04
2.860020950634465407e+04
2.858729287460327760e+04
2.857462550740812367e+04
2.856220740475919592e+04
2.855003856665649801e+04
2.853811899310002991e+04
2.852644868408978073e+04
2.851502763962576137e+04
2.850385585970797183e+04
2.849293334433640484e+04
2.848226009351106768e+04
2.847183610723196398e+04
2.846166138549907191e+04
2.845173592831241331e+04
2.844205973567198089e+04
2.843263280757777466e+04
2.842345514402980189e+04
2.841452674502804439e+04
2.840584761057252763e+04
2.839741774066321886e+04
2.838923713530015084e+04
2.838130579448330900e+04
2.837362371821268971e+04
2.836619090648829660e+04
2.835900735931013332e+04
2.835207307667818895e+04
2.834538805859248532e+04
2.833895230505299696e+04
2.833276581605974206e+04
2.832682859161271335e+04
2.832114063171190719e+04
2.831570193635732358e+04
2.831051250554897706e+04
2.830557233928684946e+04
2.830088143757095168e+04
2.829643980040128008e+04
2.829224742777783467e+04
2.828830431970062637e+04
2.828461047616962605e+04
2.828116589718486648e+04
2.827797058274632582e+04
2.827502453285401498e+04
2.827232774750793033e+04
2.826988022670807186e+04
2.826768197045444322e+04
2.826573297874703712e+04
2.826403325158585358e+04
2.826258278897090713e+04
2.826138159090218323e+04
2.826042965737968188e+04
2.825972698840341400e+04
2.825927358397336866e+04
2.825906944408955314e+04
2.825911456875196018e+04
2.825940895796059704e+04
2.825995261171545644e+04
2.826074553001654567e+04
2.826178771286386109e+04
2.826307916025740633e+04
2.826461987219717412e+04
2.826640984868317173e+04
2.826844908971539189e+04
2.827073759529384552e+04
