1.990000000000000000e+04
1.941089764399878550e+04
1.893160096026823157e+04
1.846210994880833823e+04
1.800242460961909819e+04
1.755254494270052601e+04
1.711247094805260713e+04
1.668220262567535246e+04
1.626173997556875474e+04
1.585108299773281396e+04
1.545023169216753558e+04
1.505918605887291415e+04
1.467794609784895692e+04
1.430651180909565301e+04
1.394488319261301149e+04
1.359306024840103055e+04
1.325104297645971019e+04
1.291883137678904677e+04
1.259642544938904030e+04
1.228382519425969804e+04
1.198103061140101272e+04
1.168804170081298798e+04
1.140485846249562201e+04
1.113148089644891297e+04
1.086790900267286816e+04
1.061414278116748028e+04
1.037018223193275117e+04
1.013602735496868263e+04
9.911678150275272856e+03
9.697134617852520023e+03
9.492396757700429589e+03
9.297464569818999735e+03
9.112338054208226822e+03
8.937017210868116308e+03
8.771502039798662736e+03
8.615792540999867924e+03
8.469888714471733692e+03
8.333790560214258221e+03
8.207498078227441511e+03
8.091011268511285380e+03
7.984330131065789828e+03
7.887454665890953038e+03
7.800384872986775008e+03
7.723120752353255739e+03
7.655662303990397959e+03
7.598009527898197121e+03
7.550162424076656862e+03
7.512120992525776273e+03
7.483885233245555355e+03
7.465455146235992288e+03
7.456830731497089801e+03
7.458011989028846983e+03
7.468998918831262927e+03
7.489791520904338540e+03
7.520389795248072915e+03
7.560793741862467868e+03
7.611003360747521583e+03
7.671018651903236787e+03
7.740839615329607113e+03
7.820466251026640748e+03
7.909898558994333143e+03
8.009136539232683390e+03
8.118180191741693307e+03
8.237029516521362893e+03
8.365684513571692150e+03
8.504145182892680168e+03
8.652411524484326947e+03
8.810483538346636124e+03
8.978361224479602242e+03
9.156044582883228941e+03
9.343533613557514400e+03
9.540828316502458620e+03
9.747928691718063419e+03
9.964834739204325160e+03
1.019154645896124930e+04
1.042806385098883402e+04
1.067438691528707568e+04
1.093051565185597792e+04
1.119645006069554074e+04
1.147219014180575687e+04
1.175773589518663903e+04
1.205308732083817813e+04
1.235824441876037781e+04
1.267320718895323444e+04
1.299797563141674982e+04
1.333254974615092942e+04
1.367692953315576597e+04
1.403111499243125945e+04
1.439510612397741716e+04
1.476890292779422998e+04
1.515250540388170521e+04
1.554591355223983555e+04
1.594912737286863012e+04
1.636214686576808526e+04
1.678497203093819189e+04
1.721760286837896274e+04
1.766003937809039053e+04
1.811228156007248617e+04
1.857432941432523512e+04
1.904618294084864101e+04
1.952784213964270384e+04
2.001930701070743453e+04
2.052057755404282216e+04
2.103165376964887400e+04
2.155253565752557915e+04
2.208322321767293397e+04
2.262371645009096392e+04
2.317401535477965081e+04
2.373411993173899100e+04
2.430403018096899905e+04
2.488374610246966404e+04
2.547326769624097506e+04
2.607259496228296484e+04
2.668172790059560066e+04
2.730066651117890433e+04
2.792941079403286494e+04
2.856796074915747522e+04
2.921631637655275699e+04
2.987447767621869571e+04
3.054244464815529500e+04
3.122021729236255487e+04
3.190779560884045713e+04
3.260517959758903453e+04
3.331236925860827614e+04
3.402936459189817106e+04
3.475616559745872655e+04
3.549277227528992807e+04
3.623918462539180473e+04
3.699540264776433469e+04
3.776142634240753250e+04
3.853725570932138362e+04
3.932289074850588804e+04
4.011833145996104577e+04
4.092357784368687862e+04
4.173862989968337934e+04
4.256348762795052608e+04
4.339815102848831157e+04
4.424262010129678674e+04
4.509689484637591522e+04
4.596097526372571156e+04
4.683486135334616120e+04
4.771855311523724231e+04
4.861205054939901311e+04
4.951535365583143721e+04
5.042846243453452189e+04
5.135137688550825987e+04
5.228409700875265116e+04
5.322662280426772486e+04
5.417895427205343731e+04
5.514109141210982489e+04
5.611303422443686577e+04
5.709478270903456723e+04
5.808633686590290745e+04
5.908769669504193007e+04
6.009886219645161327e+04
6.111983337013195705e+04
6.215061021608295414e+04
6.319119273430458270e+04
6.424158092479690094e+04
6.530177478755988705e+04
6.637177432259352645e+04
6.745157952989781916e+04
6.854119040947275062e+04
6.964060696131836448e+04
7.074982918543464621e+04
7.186885708182156668e+04
7.299769065047916956e+04
7.413632989140739664e+04
7.528477480460630613e+04
7.644302539007588348e+04
7.761108164781611413e+04
7.878894357782699808e+04
7.997661118010853534e+04
8.117408445466074045e+04
8.238136340148361342e+04
8.359844802057713969e+04
8.482533831194133381e+04
8.606203427557613759e+04
8.730853591148165287e+04
8.856484321965783602e+04
8.983095620010465791e+04
9.110687485282213311e+04
9.239259917781024706e+04
9.368812917506905796e+04
9.499346484459852218e+04
9.630860618639863969e+04
9.763355320046943962e+04
9.896830588681084919e+04
1.003128642454229412e+05
1.016672282763057010e+05
1.030313979794591141e+05
1.044053733548832242e+05
1.057891544025779149e+05
1.071827411225433170e+05
1.085861335147793725e+05
1.099993315792860813e+05
1.114223353160634579e+05
1.128551447251115169e+05
1.142977598064301710e+05
1.157501805600195366e+05
