-2.391841375922771074e-01 -4.708561175457674497e-01
-3.108048197365209098e-01 -4.407550614032182401e-01
2.465047935315735073e-01 -2.075044607060452517e-01
-1.817846556088424659e-01 4.053395675187532188e-01
3.922451332128997770e-01 3.184798626146551244e-03
-5.383708263540204486e-01 2.061296179913934754e-02
-7.028672413451270140e-02 -4.241615351403127954e-01
2.445311079295680451e-02 -3.902299564195860770e-01
2.173612180002567618e-01 -2.586500768979344000e-01
3.020748816289471964e-02 -5.694087268294721893e-01
3.397811189966835066e-01 1.180042002421263780e-01
4.993820157014849381e-01 1.950925792469448417e-01
-3.143664951582282874e-01 -4.439856336254897617e-01
5.701091525963058321e-02 2.999165231326878511e-01
2.977833532146036133e-02 4.903721646328240702e-01
4.663032940313586172e-01 5.335362071062624834e-01
2.334533424145985026e-01 -2.180939165855236561e-01
2.662519347992207130e-01 -1.171866709628258396e-01
-5.507943947798843443e-01 1.301334127514345851e-01
1.024671172514680061e-02 5.008307459960345542e-02
4.011074903016658144e-01 -4.285343949981293421e-01
-5.967290207419464476e-01 2.515654917551003456e-01
-3.821416395654474440e-01 -1.194417661172627806e-02
-4.672802963281935673e-01 -3.909676360758916891e-01
2.252672417632309576e-01 -2.309032615786363596e-01
-4.343867286491616686e-01 -2.790714092049388917e-01
-9.335819620197717550e-02 5.776917959782681411e-01
-3.001193163512301809e-01 -4.793015069126134731e-01
5.837296251563496297e-01 -3.630937818521775551e-01
-5.474886866341079905e-01 1.281052868921432331e-01
2.049920914703625141e-01 -4.955069729323027805e-01
5.909366794687034297e-01 -2.065896130816239351e-01
2.060992023244454796e-01 -4.656352465852466038e-02
-3.489853256558502204e-01 -3.706200657097351581e-01
-4.623995954092688376e-01 4.019781772298313127e-01
-1.765283458666746796e-01 -6.881115291994999161e-01
4.851844778768067412e-01 3.016807241278767204e-01
-4.919456567729429963e-01 1.910425378701646471e-01
2.680822810319000715e-01 -6.559813703740619006e-01
-5.209415526397525031e-01 7.957693704500892751e-02
5.890682104046209705e-02 -5.202182942476993865e-01
4.769003990407300053e-02 1.290536446490378186e-01
-5.172482448970485702e-01 -2.036160472865092275e-02
-3.773157457939148585e-01 -4.194353782269752418e-01
1.335422893620819007e-01 4.170980552158639054e-01
3.989795446031875747e-01 4.934164214696362127e-01
4.925846892554957557e-01 -2.749005759659023385e-01
1.275834088367370500e-01 2.889641564376622673e-01
2.689957685596386372e-01 -3.828222934345476003e-01
-5.780928272314213995e-02 -1.784821168402803693e-01
2.244670900589234019e-01 -5.727785576378454507e-02
2.019838259242917045e-01 2.772413454609414241e-01
5.168412577670155050e-01 4.794999849528774200e-02
-1.665615050096208860e-01 6.077930586161289089e-02
-1.470822168334923463e-01 2.528235812316566022e-01
-4.113596134166458418e-01 -6.075536721252610128e-01
1.593589047623770183e-01 2.492905725577962972e-01
-4.049576865086765842e-01 4.051333975377050534e-01
-3.364520122171009153e-01 4.071833725713953078e-01
-4.215856881062058914e-01 5.215043109519335029e-01
-1.062747533115028647e-01 1.291716190756024563e-01
-8.781107126499231030e-02 1.190180316903191177e-01
4.245486279686931930e-01 -3.065183116905867977e-01
-4.597255653486305160e-01 -4.276560854665527600e-01
5.941320978210086201e-01 -2.271071817874179555e-01
4.875104886965078710e-01 3.798419929496635872e-01
2.019634240492061139e-01 2.105341427011064026e-01
4.881944237869584313e-01 1.796687087762300350e-01
5.351480933877286184e-01 1.272574429971597143e-01
1.341534861456760430e-01 7.680813220937175723e-02
-4.661425434457715511e-01 -4.660151505694546947e-01
2.370406412436227295e-01 1.218088855734942959e-02
2.973082398082199096e-01 -3.108610920067773065e-01
1.170473753049854071e-01 -4.642757489140324906e-02
-6.146137365163746313e-01 3.462463760905932775e-01
-3.500375593533201490e-01 -5.853859145451868473e-01
-5.521578424886851577e-01 3.664705511999997167e-01
-1.579236707679187168e-01 -3.981673479736262400e-01
-1.134938081434365004e-01 3.960377719613517034e-01
4.425754773241776241e-01 -1.732136572069758185e-01
6.093885261489579985e-01 -2.767247459383611052e-01
-4.855009228147417755e-01 2.810357734526818807e-01
-4.580393246604904101e-01 2.226889128743632928e-01
1.695159101576489691e-01 6.102748060359739490e-01
4.056997776659008181e-01 5.721637846358285096e-01
-1.763017799711978899e-03 -2.904845824166149559e-01
4.710859835725923483e-01 5.413514684119872244e-01
3.971237547888392672e-02 -4.968323835045392323e-01
4.888669768945928529e-01 4.493145686339626299e-01
-2.570320205322143559e-01 4.596729204778954858e-01
-6.063903219591202376e-01 2.743444063153486767e-01
-3.572657799275023860e-02 5.370240167699524836e-01
1.748152101538667513e-01 3.957768124099778628e-01
-8.114276698606069649e-02 1.271934054006151060e-01
5.737901945398515835e-01 -3.072766136140940296e-01
3.420344597464912151e-01 -4.983302413378891127e-01
-5.475624362408764156e-01 1.391080951327211546e-01
-2.431114463902555312e-01 1.650284686144590229e-01
-4.264859754864964159e-01 -1.561099143910293641e-01
-5.379321245165618048e-01 9.337812576945847542e-02
2.714491973389623891e-01 -2.364341820152471019e-01
-3.495793931174196595e-02 4.783400657668956946e-01
1.907111006790992713e-01 2.038374777611684785e-01
-2.631468092922603086e-01 -9.388865446179789354e-02
-4.268523959362752890e-02 -6.288889756988584878e-01
-5.368051295754061591e-01 5.188181893615784190e-02
-5.070460638946088228e-01 2.612767930012154655e-02
2.178102796996931600e-01 5.782313441829953771e-01
-4.535831402785213684e-01 3.422276473120736129e-01
-4.241895449548418462e-01 -4.343827802875482313e-01
7.887759673727728904e-02 9.965338972371802495e-02
-3.095943752916180403e-01 -2.529368505981913207e-01
-4.611283686029937767e-01 -3.772709919397438522e-02
4.187255486495520818e-01 -2.593443011829920652e-01
4.752928478010310376e-01 2.363427648540841752e-01
-2.533419335526347349e-01 -2.224611630416647723e-01
3.096773066706356992e-01 5.331127196387752676e-01
-4.569367887683194462e-01 9.831444736699990194e-02
2.524692263543785731e-01 -2.594832978994648931e-01
-5.350720430889615020e-01 2.825138281874108315e-01
-5.654577571264401969e-01 2.767623989608893886e-01
-7.506084240832429366e-02 3.364846820577555020e-01
8.848482377877048277e-02 1.763821517443553144e-01
-5.773911940137249621e-01 3.023609100216950174e-01
-1.811492364920923304e-01 -2.493583096716364689e-01
1.093536670801556615e-01 -5.414314911867882385e-01
5.313308087936927659e-01 -1.230908524555040656e-01
-2.911485688683976836e-01 1.308097008871992040e-01
1.666788586682499684e-01 -1.634913940106463015e-01
7.423327998785804460e-02 2.298287740822168301e-01
-5.382954904372277971e-01 2.102717080640623820e-02
1.424714228801692573e-01 1.257093191020156875e-01
5.613037650549238672e-02 3.794956304607200598e-02
-5.514807773763540366e-01 1.896039616688753870e-01
4.995574420549966366e-01 1.197661301967667125e-01
3.071573454756792443e-01 -3.413694890169988727e-01
-2.812798159397799092e-01 5.313159338424193745e-01
-4.982855765675001658e-01 -1.055055279526360412e-01
2.967355393717690526e-01 -5.182176439949054414e-01
2.327377743048297254e-01 -2.091873208246871618e-01
-2.286512827637507128e-01 4.833826238850927326e-01
4.916826157850692214e-01 3.222309447751792733e-01
-1.749659760590874247e-01 -1.635181279393027876e-01
6.987303448433380970e-02 -6.554528613561705352e-01
-4.401185158860433932e-01 -5.739987253806635437e-01
-3.871042598616196151e-01 -3.259618807050566058e-01
5.254518918334143418e-01 -2.314360382510321709e-02
-2.935867225150540563e-02 -1.204899160946844849e-01
5.680878895349065205e-01 -8.241460474336398390e-02
-3.916859226400787319e-01 -3.748083218115850768e-01
-6.885037598577248286e-02 -3.773559573408529211e-01
-1.010252612907754644e-01 2.954954651124621079e-01
-2.178870816815881364e-02 3.177866473327328189e-01
2.080270142427584901e-01 -3.210149398756706723e-04
4.501928746834664707e-01 3.436903463011518056e-01
1.400684014122620946e-01 -1.529883995364476335e-01
-3.098643995650277386e-02 1.674361198281449636e-01
3.883640394592193235e-01 3.632960065277310857e-01
2.039144359143663376e-01 1.145484438146763262e-01
4.308923127932516861e-01 6.813355265946682837e-02
-4.648886064708391275e-01 -3.869020630545028094e-01
5.768421487216122134e-01 -5.190859281641850842e-01
-4.429830274793317146e-01 -3.334431906062858553e-01
1.780228058642748246e-01 4.668885936040140239e-01
3.216804564647129383e-01 5.800374826560419361e-01
2.008460913659215474e-01 -1.730879788552999177e-01
-3.495102593043596384e-01 -3.508636159149170486e-01
-1.823403579957978346e-02 4.692128783323763486e-01
5.400419202367244820e-01 9.858126192981828129e-02
-4.258534807220065166e-01 -1.805090523609292619e-01
2.270511581191196893e-01 1.197364855856632299e-01
1.820362985742295658e-01 -3.760010025856283522e-01
-5.287048858029581577e-01 1.716949862351234979e-01
-1.581865853900819296e-01 -6.480408391244610877e-01
1.142245257244330348e-01 5.391186488611235950e-01
5.025661196500752492e-01 -2.365752989008024568e-02
4.915255593738597772e-01 4.093715389854319375e-01
-7.482015460648888672e-02 -5.476630862794379384e-01
-4.222832517649648398e-01 -1.659368175608485207e-01
-2.720557436897836912e-01 5.853987793195500888e-01
4.983808050292361236e-02 3.388248865441551572e-01
4.088705071579588624e-01 5.558459016278969322e-01
1.780780855140009222e-01 5.578978754229819287e-02
1.585251174525017515e-01 -1.930290451689986239e-02
-1.631309707245724022e-02 2.638746127297995070e-01
2.319414570527223163e-01 4.650346731097543262e-02
5.698502182804618954e-01 -5.106856071814640241e-02
1.594576747872997191e-02 -5.160062748481268891e-01
-4.498777288976870681e-01 4.647526768680482201e-01
1.569898840481900038e-01 -3.666133900427723802e-01
-8.326161385436718632e-02 -5.988251010854954703e-01
2.257415210588593069e-01 -2.048185429765053966e-01
3.588517213112716320e-01 -2.792009417636820978e-01
-5.814244070305387702e-01 1.855218299169024976e-01
1.577458263140869010e-01 5.090202630643096970e-01
2.546191181305109130e-01 -5.175813257912821319e-01
2.617328901651771456e-01 -1.158358653418333772e-01
-1.202958985097182104e-01 4.335790467894186651e-01
1.119703924450702638e-02 -3.265473318991258395e-02
3.633535203047404405e-01 4.326524960920606899e-01
