9.950000000000000000e+03
9.577815444648376797e+03
9.234648751168349918e+03
8.920499919559915725e+03
8.635368949823076036e+03
8.379255841957830853e+03
8.152160595964181084e+03
7.954083211842125820e+03
7.785023689591665061e+03
7.644982029212796988e+03
7.533958230705526148e+03
7.451952294069847994e+03
7.398964219305765255e+03
7.374994006413277020e+03
7.380041655392383291e+03
7.414107166243084066e+03
7.477190538965378437e+03
7.569291773559269132e+03
7.690410870024753422e+03
7.840547828361832217e+03
8.019702648570504607e+03
8.227875330650771502e+03
8.465065874602634722e+03
8.731274280426092446e+03
9.026500548121144675e+03
9.350744677687787771e+03
9.704006669126029010e+03
1.008628652243586475e+04
1.049758423761729682e+04
1.093789981467031612e+04
1.140723325359494083e+04
1.190558455439115096e+04
1.243295371705895741e+04
1.298934074159836018e+04
1.357474562800935746e+04
1.418916837629195106e+04
1.483260898644613553e+04
1.550506745847191269e+04
1.620654379236928980e+04
1.693703798813826143e+04
1.769655004577882573e+04
1.848507996529098091e+04
1.930262774667473423e+04
2.014919338993008205e+04
2.102477689505702801e+04
2.192937826205556485e+04
2.286299749092569255e+04
2.382563458166742203e+04
2.481728953428073510e+04
2.583796234876564995e+04
2.688765302512215567e+04
2.796636156335026317e+04
2.907408796344995790e+04
3.021083222542126168e+04
3.137659434926415270e+04
3.257137433497862730e+04
3.379517218256470369e+04
3.504798789202237094e+04
3.632982146335163998e+04
3.764067289655249624e+04
3.898054219162496156e+04
4.034942934856901411e+04
4.174733436738465389e+04
4.317425724807188089e+04
4.463019799063071696e+04
4.611515659506114025e+04
4.762913306136316533e+04
4.917212738953677763e+04
5.074413957958199171e+04
5.234516963149881485e+04
5.397521754528720339e+04
5.563428332094720099e+04
5.732236695847877854e+04
5.903946845788196515e+04
6.078558781915673171e+04
6.256072504230311461e+04
6.436488012732109928e+04
6.619805307421064936e+04
6.806024388297180121e+04
6.995145255360455485e+04
7.187167908610889572e+04
7.382092348048483836e+04
7.579918573673236824e+04
7.780646585485149990e+04
7.984276383484221878e+04
8.190807967670455400e+04
8.400241338043846190e+04
8.612576494604397158e+04
8.827813437352105393e+04
9.045952166286975262e+04
9.266992681409003853e+04
9.490934982718194078e+04
9.717779070214543026e+04
9.947524943898049241e+04
1.018017260376871709e+05
1.041572204982654366e+05
1.065417328207152605e+05
1.089552630050367297e+05
1.113978110512297717e+05
1.138693769592944009e+05
1.163699607292306464e+05
1.188995623610384937e+05
1.214581818547178846e+05
1.240458192102689354e+05
1.266624744276915008e+05
1.293081475069857552e+05
1.319828384481515677e+05
1.346865472511889529e+05
1.374192739160979690e+05
1.401810184428785287e+05
1.429717808315307193e+05
1.457915610820544534e+05
1.486403591944498476e+05
1.515181751687168435e+05
1.544250090048553830e+05
1.573608607028655533e+05
1.603257302627472673e+05
1.633196176845006412e+05
1.663425229681255296e+05
1.693944461136221071e+05
1.724753871209902572e+05
1.755853459902299219e+05
1.787243227213412756e+05
1.818923173143241438e+05
1.850893297691787011e+05
1.883153600859047729e+05
1.915704082645024755e+05
1.948544743049717217e+05
1.981675582073126570e+05
2.015096599715251650e+05
2.048807795976091875e+05
2.082809170855648699e+05
2.117100724353921250e+05
2.151682456470910111e+05
2.186554367206614115e+05
2.221716456561034720e+05
2.257168724534170760e+05
2.292911171126023401e+05
2.328943796336592059e+05
2.365266600165875861e+05
2.401879582613876555e+05
2.438782743680591811e+05
2.475976083366024250e+05
2.513459601670172124e+05
2.551233298593036016e+05
2.589297174134616216e+05
2.627651228294911562e+05
2.666295461073924089e+05
2.705229872471651179e+05
2.744454462488095742e+05
2.783969231123254867e+05
2.823774178377130302e+05
2.863869304249722045e+05
2.904254608741029515e+05
2.944930091851053294e+05
2.985895753579792217e+05
3.027151593927247450e+05
3.068697612893418409e+05
3.110533810478305677e+05
3.152660186681909254e+05
3.195076741504227975e+05
3.237783474945263588e+05
3.280780387005013763e+05
3.324067477683480829e+05
3.367644746980663622e+05
3.411512194896563306e+05
3.455669821431176970e+05
3.500117626584508107e+05
3.544855610356554389e+05
3.589883772747316980e+05
3.635202113756797044e+05
3.680810633384989924e+05
3.726709331631900277e+05
3.772898208497526939e+05
3.819377263981869910e+05
3.866146498084926861e+05
3.913205910806701286e+05
3.960555502147192019e+05
4.008195272106397315e+05
4.056125220684320666e+05
4.104345347880957415e+05
4.152855653696311638e+05
4.201656138130382169e+05
4.250746801183167845e+05
4.300127642854670412e+05
4.349798663144886959e+05
4.399759862053821562e+05
4.450011239581470145e+05
4.500552795727836783e+05
4.551384530492916820e+05
4.602506443876714911e+05
4.653918535879226984e+05
4.705620806500457693e+05
4.757613255740402965e+05
4.809895883599063964e+05
4.862468690076441271e+05
4.915331675172533724e+05
4.968484838887343649e+05
5.021928181220868137e+05
5.075661702173109516e+05
5.129685401744066039e+05
5.183999279933739454e+05
5.238603336742129177e+05
5.293497572169231717e+05
5.348681986215051729e+05
5.404156578879591543e+05
5.459921350162843009e+05
5.515976300064809620e+05
5.572321428585493704e+05
5.628956735724896425e+05
5.685882221483011963e+05
5.743097885859843809e+05
5.800603728855394293e+05
5.858399750469657592e+05
5.916485950702637201e+05
5.974862329554331955e+05
6.033528887024745345e+05
6.092485623113872716e+05
6.151732537821716396e+05
6.211269631148277549e+05
6.271096903093552683e+05
6.331214353657544125e+05
6.391621982840250712e+05
6.452319790641675936e+05
6.513307777061813977e+05
6.574585942100669490e+05
6.636154285758242477e+05
6.698012808034530608e+05
6.760161508929532720e+05
6.822600388443251140e+05
6.885329446575689362e+05
6.948348683326838072e+05
7.011658098696705420e+05
7.075257692685290240e+05
7.139147465292587876e+05
7.203327416518601822e+05
7.267797546363333240e+05
7.332557854826780967e+05
7.397608341908943839e+05
7.462949007609821856e+05
7.528579851929418510e+05
7.594500874867727980e+05
7.660712076424753759e+05
7.727213456600495847e+05
7.794005015394956572e+05
7.861086752808128949e+05
7.928458668840019964e+05
7.996120763490623794e+05
8.064073036759949755e+05
8.132315488647986203e+05
8.200848119154740125e+05
8.269670928280211519e+05
8.338783916024398059e+05
8.408187082387298578e+05
8.477880427368916571e+05
8.547863950969250873e+05
8.618137653188300319e+05
8.688701534026064910e+05
8.759555593482549302e+05
8.830699831557745347e+05
8.902134248251658864e+05
8.973858843564288691e+05
9.045873617495635990e+05
9.118178570045696106e+05
9.190773701214473695e+05
9.263659011001968756e+05
9.336834499408176634e+05
9.410300166433099657e+05
9.484056012076740153e+05
9.558102036339100450e+05
9.632438239220172400e+05
9.707064620719960658e+05
9.781981180838465225e+05
9.857187919575688429e+05
9.932684836931624450e+05
1.000847193290627562e+06
1.008454920749964658e+06
1.016091666071173036e+06
1.023757429254253046e+06
1.031452210299204569e+06
1.039176009206028190e+06
1.046928825974722859e+06
1.054710660605289042e+06
1.062521513097727438e+06
1.070361383452036884e+06
1.078230271668218309e+06
1.086128177746271016e+06
1.094055101686195470e+06
1.102011043487991439e+06
1.109996003151658922e+06
1.118009980677198386e+06
1.126052976064609131e+06
1.134124989313891390e+06
1.142226020425045397e+06
1.150356069398071151e+06
1.158515136232968420e+06
1.166703220929736970e+06
1.174920323488377500e+06
1.183166443908889312e+06
1.191441582191272639e+06
1.199745738335527712e+06
1.208078912341654766e+06
1.216441104209653102e+06
1.224832313939522952e+06
1.233252541531264782e+06
1.241701786984877661e+06
1.250180050300362287e+06
1.258687331477718428e+06
1.267223630516946549e+06
1.275788947418045951e+06
1.284383282181017101e+06
1.293006634805859532e+06
1.301659005292574177e+06
1.310340393641159870e+06
1.319050799851617077e+06
1.327790223923946498e+06
1.336558665858146967e+06
1.345356125654219417e+06
1.354182603312163148e+06
1.363038098831978394e+06
1.371922612213665619e+06
1.380836143457224127e+06
1.389778692562654614e+06
1.398750259529956384e+06
1.407750844359129667e+06
1.416780447050174465e+06
1.425839067603091476e+06
1.434926706017879769e+06
1.444043362294539344e+06
1.453189036433070898e+06
1.462363728433473967e+06
1.471567438295748085e+06
1.480800166019894183e+06
1.490061911605912261e+06
1.499352675053801620e+06
1.508672456363562262e+06
1.518021255535194650e+06
1.527399072568699019e+06
1.536805907464074902e+06
1.546241760221322067e+06
1.555706630840441212e+06
1.565200519321431639e+06
1.574723425664293580e+06
1.584275349869027268e+06
1.593856291935632937e+06
1.603466251864109654e+06
1.613105229654458119e+06
1.622773225306678331e+06
1.632470238820770057e+06
1.642196270196733065e+06
1.651951319434568053e+06
1.661735386534274556e+06
1.671548471495852573e+06
1.681390574319302104e+06
1.691261695004623849e+06
1.701161833551816409e+06
1.711090989960880484e+06
1.721049164231816772e+06
1.731036356364624808e+06
1.741052566359303659e+06
1.751097794215854257e+06
1.761172039934277069e+06
1.771275303514570929e+06
1.781407584956736304e+06
1.791568884260773426e+06
1.801759201426682528e+06
1.811978536454462912e+06
1.822226889344114810e+06
1.832504260095638456e+06
1.842810648709033616e+06
1.853146055184300290e+06
1.863510479521438247e+06
1.873903921720448881e+06
1.884326381781330099e+06
1.894777859704083065e+06
1.905258355488707777e+06
1.915767869135204237e+06
1.926306400643572444e+06
1.936873950013811700e+06
1.947470517245922936e+06
1.958096102339905687e+06
1.968750705295759719e+06
1.979434326113485498e+06
1.990146964793083491e+06
2.000888621334552299e+06
2.011659295737892855e+06
2.022458988003105624e+06
2.033287698130188975e+06
2.044145426119144307e+06
2.055032171969971387e+06
2.065947935682670679e+06
2.076892717257240787e+06
2.087866516693682410e+06
2.098869333991996013e+06
2.109901169152180664e+06
2.120962022174237296e+06
2.132051893058165442e+06
2.143170781803965569e+06
2.154318688411637209e+06
2.165495612881179899e+06
2.176701555212594569e+06
2.187936515405880287e+06
2.199200493461038917e+06
2.210493489378068130e+06
2.221815503156968858e+06
2.233166534797741566e+06
2.244546584300385322e+06
2.255955651664901059e+06
2.267393736891288310e+06
2.278860839979548473e+06
2.290356960929678753e+06
2.301882099741680548e+06
2.313436256415554322e+06
2.325019430951299611e+06
2.336631623348915949e+06
2.348272833608404733e+06
2.359943061729764100e+06
2.371642307712996844e+06
2.383370571558100171e+06
2.395127853265075013e+06
2.406914152833921369e+06
2.418729470264639240e+06
2.430573805557228625e+06
2.442447158711689990e+06
2.454349529728023335e+06
2.466280918606227729e+06
2.478241325346303638e+06
2.490230749948251061e+06
2.502249192412070464e+06
2.514296652737760916e+06
2.526373130925323348e+06
2.538478626974758226e+06
2.550613140886063688e+06
2.562776672659241129e+06
2.574969222294289619e+06
2.587190789791209623e+06
2.599441375150001608e+06
2.611720978370665573e+06
2.624029599453201052e+06
2.636367238397607580e+06
2.648733895203885622e+06
2.661129569872035645e+06
2.673554262402057182e+06
2.686007972793950699e+06
2.698490701047714800e+06
2.711002447163352743e+06
2.723543211140859872e+06
2.736112992980238982e+06
2.748711792681490537e+06
2.761339610244613141e+06
2.773996445669607259e+06
2.786682298956472427e+06
2.799397170105211437e+06
2.812141059115820099e+06
2.824913965988300275e+06
2.837715890722652897e+06
2.850546833318876568e+06
2.863406793776971754e+06
2.876295772096938919e+06
2.889213768278778531e+06
2.902160782322488725e+06
2.915136814228069969e+06
2.928141863995523658e+06
2.941175931624848396e+06
2.954239017116044648e+06
2.967331120469112881e+06
2.980452241684054025e+06
2.993602380760865286e+06
3.006781537699548528e+06
3.019989712500101887e+06
3.033226905162528623e+06
3.046493115686826408e+06
3.059788344072995242e+06
3.073112590321036987e+06
3.086465854430949781e+06
3.099848136402734090e+06
3.113259436236389913e+06
3.126699753931916784e+06
3.140169089489315636e+06
3.153667442908585537e+06
3.167194814189728815e+06
3.180751203332742676e+06
3.194336610337627586e+06
3.207951035204384476e+06
3.221594477933012880e+06
3.235266938523513265e+06
3.248968416975884233e+06
3.262698913290127646e+06
3.276458427466243505e+06
3.290246959504229948e+06
3.304064509404087905e+06
3.317911077165816911e+06
3.331786662789418362e+06
3.345691266274890862e+06
3.359624887622235343e+06
3.373587526831452735e+06
3.387579183902540244e+06
3.401599858835499268e+06
3.415649551630330272e+06
3.429728262287031859e+06
3.443835990805606358e+06
3.457972737186051439e+06
3.472138501428369898e+06
3.486333283532558940e+06
3.500557083498618565e+06
3.514809901326550171e+06
3.529091737016353756e+06
3.543402590568029322e+06
3.557742461981575936e+06
3.572111351256995462e+06
3.586509258394284640e+06
3.600936183393446263e+06
3.615392126254479401e+06
3.629877086977384053e+06
3.644391065562160686e+06
3.658934062008807436e+06
3.673506076317328494e+06
3.688107108487719204e+06
3.702737158519982360e+06
3.717396226414116099e+06
3.732084312170122284e+06
3.746801415787999518e+06
3.761547537267748266e+06
3.776322676609370392e+06
3.791126833812862635e+06
3.805960008878225926e+06
3.820822201805461664e+06
3.835713412594567984e+06
3.850633641245547216e+06
3.865582887758397032e+06
3.880561152133120224e+06
3.895568434369713068e+06
3.910604734468177892e+06
3.925670052428515162e+06
3.940764388250722550e+06
3.955887741934801918e+06
3.971040113480753731e+06
3.986221502888577525e+06
4.001431910158271901e+06
4.016671335289838258e+06
4.031939778283276130e+06
4.047237239138584584e+06
4.062563717855765950e+06
4.077919214434818365e+06
4.093303728875742294e+06
4.108717261178539600e+06
4.124159811343206093e+06
4.139631379369745031e+06
4.155131965258155484e+06
4.170661569008437451e+06
4.186220190620590933e+06
4.201807830094616860e+06
4.217424487430514768e+06
4.233070162628283724e+06
4.248744855687922798e+06
4.264448566609434783e+06
4.280181295392817818e+06
4.295943042038071901e+06
4.311733806545198895e+06
4.327553588914197870e+06
4.343402389145067893e+06
4.359280207237808965e+06
4.375187043192421086e+06
4.391122897008906119e+06
4.407087768687262200e+06
4.423081658227489330e+06
4.439104565629589371e+06
4.455156490893560462e+06
4.471237434019402601e+06
4.487347395007116720e+06
4.503486373856701888e+06
4.519654370568159036e+06
4.535851385141487233e+06
4.552077417576689273e+06
4.568332467873761430e+06
4.584616536032704636e+06
4.600929622053518891e+06
4.617271725936206058e+06
4.633642847680764273e+06
4.650042987287194468e+06
4.666472144755497575e+06
4.682930320085669868e+06
4.699417513277715072e+06
4.715933724331630394e+06
4.732478953247418627e+06
4.749053200025077909e+06
4.765656464664609171e+06
4.782288747166013345e+06
4.798950047529287636e+06
4.815640365754432976e+06
4.832359701841450296e+06
4.849108055790338665e+06
4.865885427601099946e+06
4.882691817273732275e+06
4.899527224808237515e+06
4.916391650204612873e+06
4.933285093462859280e+06
4.950207554582977667e+06
4.967159033564968966e+06
4.984139530408829451e+06
5.001149045114562847e+06
5.018187577682169154e+06
5.035255128111645579e+06
5.052351696402993985e+06
5.069477282556213439e+06
5.086631886571304873e+06
5.103815508448267356e+06
5.121028148187102750e+06
5.138269805787810124e+06
5.155540481250387616e+06
5.172840174574837089e+06
5.190168885761156678e+06
5.207526614809350111e+06
5.224913361719413660e+06
5.242329126491350122e+06
5.259773909125157632e+06
5.277247709620837122e+06
5.294750527978386730e+06
5.312282364197809249e+06
5.329843218279102817e+06
5.347433090222267434e+06
5.365051980027305894e+06
5.382699887694213539e+06
5.400376813222995959e+06
5.418082756613646634e+06
5.435817717866169289e+06
5.453581696980563924e+06
5.471374693956831470e+06
5.489196708794968203e+06
5.507047741494978778e+06
5.524927792056860402e+06
5.542836860480614007e+06
5.560774946766238660e+06
5.578742050913734362e+06
5.596738172923101112e+06
5.614763312794339843e+06
5.632817470527450554e+06
5.650900646122434177e+06
5.669012839579287916e+06
5.687154050898013636e+06
5.705324280078611337e+06
5.723523527121080086e+06
5.741751792025420815e+06
5.760009074791632593e+06
5.778295375419717282e+06
5.796610693909672089e+06
5.814955030261497945e+06
5.833328384475197643e+06
5.851730756550766528e+06
5.870162146488208324e+06
5.888622554287521169e+06
5.907111979948706925e+06
5.925630423471763730e+06
5.944177884856691584e+06
5.962754364103490487e+06
5.981359861212162301e+06
5.999994376182704233e+06
6.018657909015118144e+06
6.037350459709404968e+06
6.056072028265562840e+06
6.074822614683592692e+06
6.093602218963492662e+06
6.112410841105265543e+06
6.131248481108907610e+06
6.150115138974424452e+06
6.169010814701812342e+06
6.187935508291071281e+06
6.206889219742201269e+06
6.225871949055202305e+06
6.244883696230076253e+06
6.263924461266821250e+06
6.282994244165437296e+06
6.302093044925926253e+06
6.321220863548287190e+06
6.340377700032518245e+06
6.359563554378620349e+06
6.378778426586595364e+06
6.398022316656442359e+06
6.417295224588159472e+06
6.436597150381749496e+06
6.455928094037210569e+06
6.475288055554543622e+06
6.494677034933746792e+06
6.514095032174822874e+06
6.533542047277770005e+06
6.553018080242589116e+06
6.572523131069280207e+06
6.592057199757844210e+06
6.611620286308276467e+06
6.631212390720581636e+06
6.650833512994757853e+06
6.670483653130806983e+06
6.690162811128726229e+06
6.709870986988518387e+06
6.729608180710183457e+06
6.749374392293718643e+06
6.769169621739124879e+06
6.788993869046402164e+06
6.808847134215552360e+06
6.828729417246572673e+06
6.848640718139465898e+06
6.868581036894232035e+06
6.888550373510867357e+06
6.908548727989374660e+06
6.928576100329754874e+06
6.948632490532005206e+06
6.968717898596127518e+06
6.988832324522120878e+06
7.008975768309989013e+06
7.029148229959724471e+06
7.049349709471333772e+06
7.069580206844814122e+06
7.089839722080165520e+06
7.110128255177389830e+06
7.130445806136484258e+06
7.150792374957453460e+06
7.171167961640290916e+06
7.191572566185001284e+06
7.212006188591582701e+06
7.232468828860035166e+06
7.252960486990360543e+06
7.273481162982555106e+06
7.294030856836626306e+06
7.314609568552564830e+06
7.335217298130376264e+06
7.355854045570058748e+06
7.376519810871614143e+06
7.397214594035038725e+06
7.417938395060336217e+06
7.438691213947506621e+06
7.459473050696546212e+06
7.480283905307459645e+06
7.501123777780243196e+06
7.521992668114897795e+06
7.542890576311426237e+06
7.563817502369823866e+06
7.584773446290096268e+06
7.605758408072236925e+06
7.626772387716250494e+06
7.647815385222135112e+06
7.668887400589890778e+06
7.689988433819520287e+06
7.711118484911019914e+06
7.732277553864390589e+06
7.753465640679636039e+06
7.774682745356749743e+06
7.795928867895737290e+06
7.817204008296594024e+06
7.838508166559322737e+06
7.859841342683923431e+06
7.881203536670396104e+06
7.902594748518741690e+06
7.924014978228958324e+06
7.945464225801045075e+06
7.966942491235003807e+06
7.988449774530833587e+06
8.009986075688537210e+06
8.031551394708110020e+06
8.053145731589557603e+06
8.074769086332873441e+06
8.096421458938062191e+06
8.118102849405121990e+06
8.139813257734052837e+06
8.161552683924857527e+06
8.183321127977531403e+06
8.205118589892079122e+06
8.226945069668497890e+06
8.248800567306786776e+06
8.270685082806948572e+06
8.292598616168981418e+06
8.314541167392885312e+06
8.336512736478661187e+06
8.358513323426310904e+06
8.380542928235828876e+06
8.402601550907220691e+06
8.424689191440483555e+06
8.446805849835615605e+06
8.468951526092622429e+06
8.491126220211498439e+06
8.513329932192249224e+06
8.535562662034869194e+06
8.557824409739362076e+06
8.580115175305726007e+06
8.602434958733960986e+06
8.624783760024067014e+06
8.647161579176044092e+06
8.669568416189897805e+06
8.692004271065616980e+06
8.714469143803212792e+06
8.736963034402674064e+06
8.759485942864011973e+06
8.782037869187219068e+06
8.804618813372299075e+06
8.827228775419251993e+06
8.849867755328074098e+06
8.872535753098767251e+06
8.895232768731335178e+06
8.917958802225772291e+06
8.940713853582082316e+06
8.963497922800261527e+06
8.986311009880313650e+06
9.009153114822238684e+06
9.032024237626032904e+06
9.054924378291700035e+06
9.077853536819241941e+06
9.100811713208651170e+06
9.123798907459933311e+06
9.146815119573086500e+06
9.169860349548110738e+06
9.192934597385007888e+06
9.216037863083776087e+06
9.239170146644417197e+06
9.262331448066927493e+06
9.285521767351310700e+06
9.308741104497564957e+06
9.331989459505690262e+06
9.355266832375688478e+06
9.378573223107557744e+06
9.401908631701301783e+06
9.425273058156915009e+06
9.448666502474399284e+06
9.472088964653754607e+06
9.495540444694980979e+06
9.519020942598080263e+06
9.542530458363050595e+06
9.566068991989893839e+06
9.589636543478606269e+06
9.613233112829191610e+06
9.636858700041648000e+06
9.660513305115975440e+06
9.684196928052175790e+06
9.707909568850247189e+06
9.731651227510191500e+06
9.755421904032010585e+06
9.779221598415695131e+06
9.803050310661254451e+06
9.826908040768682957e+06
9.850794788737986237e+06
9.874710554569156840e+06
9.898655338262202218e+06
9.922629139817118645e+06
9.946631959233904257e+06
9.970663796512564644e+06
9.994724651653096080e+06
1.001881452465549670e+07
1.004293341551977023e+07
1.006708132424591668e+07
1.009125825083393790e+07
1.011546419528382644e+07
1.013969915759558603e+07
1.016396313776921853e+07
1.018825613580472209e+07
1.021257815170209669e+07
1.023692918546134420e+07
1.026130923708246276e+07
1.028571830656545237e+07
1.031015639391031303e+07
1.033462349911704659e+07
1.035911962218565121e+07
1.038364476311612874e+07
1.040819892190847546e+07
1.043278209856269695e+07
1.045739429307879135e+07
1.048203550545675308e+07
1.050670573569658771e+07
1.053140498379829153e+07
1.055613324976187013e+07
1.058089053358731791e+07
1.060567683527463861e+07
1.063049215482383035e+07
1.065533649223489314e+07
1.068020984750782885e+07
1.070511222064263746e+07
1.073004361163931526e+07
1.075500402049786597e+07
1.077999344721829146e+07
1.080501189180058613e+07
1.083005935424474999e+07
1.085513583455078490e+07
1.088024133271869272e+07
1.090537584874847531e+07
1.093053938264012523e+07
1.095573193439364806e+07
1.098095350400904194e+07
1.100620409148630872e+07
1.103148369682544656e+07
1.105679232002645731e+07
1.108212996108933538e+07
1.110749662001408823e+07
1.113289229680071771e+07
1.115831699144921266e+07
1.118377070395958051e+07
1.120925343433181942e+07
1.123476518256592937e+07
1.126030594866191037e+07
1.128587573261976615e+07
1.131147453443948925e+07
1.133710235412108526e+07
1.136275919166455418e+07
1.138844504706989601e+07
1.141415992033710703e+07
1.143990381146618910e+07
1.146567672045714594e+07
1.149147864730997011e+07
1.151730959202467278e+07
1.154316955460124277e+07
1.156905853503968194e+07
1.159497653333999589e+07
1.162092354950218275e+07
1.164689958352623694e+07
1.167290463541216403e+07
1.169893870515996218e+07
1.172500179276963510e+07
1.175109389824117720e+07
1.177721502157459036e+07
1.180336516276987642e+07
1.182954432182703167e+07
1.185575249874606170e+07
1.188198969352696650e+07
1.190825590616973862e+07
1.193455113667438179e+07
1.196087538504089601e+07
1.198722865126928315e+07
1.201361093535954133e+07
1.204002223731167242e+07
1.206646255712567270e+07
