-2.542098647121126404e-02 -8.738681723184211769e-01
-6.750310218988388178e-02 -8.778538243285739506e-01
-2.281822499566217577e-01 -1.200392277524715334e+00
-1.159395255883763243e+00 -2.103022891013043072e+00
-6.925418241417476972e-01 -1.362286517891988735e+00
-7.186440617649181295e-01 -1.491650378196005100e+00
-7.078722971100938344e-02 -1.018496431599104302e+00
-4.015287212967528219e-01 -6.600793606292217897e-01
-5.361316469729491274e-01 -9.583826112838411682e-01
-2.379917872500714460e-01 -4.038457590080846149e-01
-8.081075510504014403e-01 -1.502189435900707970e+00
-7.916630283468777396e-01 -1.940285619297408726e+00
-6.342312469251483453e-02 -8.672251719122703317e-01
-7.702610465618924263e-01 -2.094699941043610014e+00
-1.116360303157661438e+00 -1.858924467149482007e+00
-1.048938399450385806e+00 -2.661812248229746380e+00
-3.053363962535983744e-01 -9.843202840918920948e-01
-3.560170819349828819e-01 -1.283635589131357779e+00
-8.164734402070779051e-01 -1.810752534608783382e+00
-7.035873661367880727e-01 -1.434712233616671995e+00
-2.449089571161789658e-01 -5.709958946951471104e-01
-1.028951211188953385e+00 -1.939922467636639336e+00
-5.609228419927712039e-01 -1.657697916861901266e+00
-2.181478962860049498e-01 -5.456390044282277696e-01
-2.971811200177287837e-01 -9.508574900103674565e-01
-3.761082719512455208e-01 -7.158775258033136524e-01
-1.262613555450953440e+00 -2.014885332853689093e+00
-1.609231475623820740e-02 -8.053008948233130182e-01
-1.044504754175730049e-01 -7.232556743513541830e-01
-8.096550261629347212e-01 -1.810960921700236481e+00
-1.858290096018603774e-02 -4.250826713190741235e-01
-2.041960643370230311e-01 -1.136973217471716424e+00
-5.256821662571208309e-01 -1.347332629003605620e+00
-1.540719190792158577e-01 -9.796006286212850522e-01
-1.134581016241196227e+00 -1.850644480031715222e+00
-3.800547251671677201e-02 -1.059182333059562886e-01
-6.909019030470623379e-01 -2.178146957695521024e+00
-9.328221057441214992e-01 -1.609415803816109936e+00
7.738643742837263140e-02 -1.092690926451757916e+00
-7.233932887877363438e-01 -1.711038479032144899e+00
-3.459163561750552840e-02 -3.795611334211451138e-01
-7.934051342014164510e-01 -1.611402879220118045e+00
-6.899863613171531851e-01 -1.342224747805726759e+00
-9.912331626325791845e-02 -8.423781090315474174e-01
-1.030409527707965678e+00 -1.797422048186421595e+00
-8.317698480564996721e-01 -2.456393795405910296e+00
-3.201233501652356317e-01 -8.789944960817950292e-01
-9.670810387827244448e-01 -2.007270046825366805e+00
-1.028304104867487773e-01 -6.572988666683022840e-01
-4.260439353532703977e-01 -9.780396926342642683e-01
-4.963853446442210715e-01 -1.339574040431017465e+00
-8.294526057306810252e-01 -2.101173413568497850e+00
-6.044298893962815056e-01 -1.642960970233229512e+00
-6.048623816676422793e-01 -1.839120273689523799e+00
-9.098050785173235067e-01 -1.437849067292234828e+00
1.360386029340985570e-01 -3.655523040561097781e-01
-9.045053448439682731e-01 -1.960083177072649896e+00
-9.836435510683492200e-01 -2.355552563963868806e+00
-9.577274829971273995e-01 -2.352058954948188063e+00
-1.275280495548864135e+00 -2.026476085009131012e+00
-8.123427266510396816e-01 -1.570204194782756080e+00
-7.992260207462039689e-01 -1.551410588824131631e+00
-3.615198086154831070e-01 -8.079844437091658893e-01
-1.788272315973987447e-01 -4.972962756873224865e-01
-1.845136935708525661e-01 -1.083918963538689662e+00
-1.002078870839209435e+00 -2.292063534453378626e+00
-7.276463113360496227e-01 -1.968037475516243973e+00
-7.958172841591786284e-01 -1.879227988781814851e+00
-4.395824033477224169e-01 -1.845572920277731122e+00
-7.098919716428864213e-01 -1.562157800342654168e+00
-8.530009564787222054e-02 -5.042613604662293803e-01
-5.566898810273805953e-01 -1.533881853374712279e+00
-1.473464254060644907e-01 -8.630542715250617558e-01
-5.674144389982618275e-01 -1.292468531307491730e+00
-1.139155759243354993e+00 -2.111028814810461895e+00
-7.679447114065875157e-02 -2.593068015799175341e-01
-1.039513476064107156e+00 -2.298259995708392012e+00
-1.143509874587323311e-01 -1.061212466845349978e+00
-1.137920418033342651e+00 -2.078593450876566884e+00
-4.824696252465882629e-01 -1.067891284661319329e+00
-1.111501070276486036e-01 -9.866717907082563910e-01
-9.010019040935101087e-01 -2.135188645800253138e+00
-9.600918304566574690e-01 -1.606409674450450575e+00
-1.253317839152587210e+00 -2.247302877219459205e+00
-1.187272683640951509e+00 -2.513095635158815178e+00
-4.928531040727550105e-01 -8.035772453055906039e-01
-1.137626126975929575e+00 -2.625690199153593696e+00
2.828567716273386323e-02 -8.731186513721457265e-01
-1.007707798533621135e+00 -2.494507442228236282e+00
-1.140604660741143528e+00 -1.780999265399556775e+00
-1.047948954974231794e+00 -2.022718229066444273e+00
-1.190260588864395119e+00 -1.933163385721889505e+00
-1.060074350461168491e+00 -2.289942926814426460e+00
-8.089402360060896635e-01 -1.567672737610397160e+00
-1.715674691895576476e-01 -8.534136289353660976e-01
-1.528470906270382457e-01 -1.444749145473683161e+00
-8.208733480112591074e-01 -1.842655847216653431e+00
-8.472290048854268507e-01 -1.331765832618139411e+00
-4.077262002623341375e-01 -1.340300798398037951e+00
-7.586801876611605211e-01 -1.723490743649727541e+00
-2.554938990042900926e-01 -9.739819589371218056e-01
-1.109095155636114605e+00 -1.802367099283604501e+00
-8.287187898563321831e-01 -1.903051265213774546e+00
-6.433610637066572435e-01 -1.024797314941427562e+00
1.601173853850715312e-01 -6.551971252102088972e-01
-7.941509345484599747e-01 -1.509072296313801465e+00
-7.738215488556000610e-01 -1.408699913205023746e+00
-1.205383499145556092e+00 -2.232832672690381770e+00
-9.459479397836588754e-01 -2.255153533746997674e+00
-8.565456804366805565e-02 -7.271177728142937946e-01
-7.811053059873297455e-01 -1.316159648033110807e+00
-4.541321415950971829e-01 -7.579459806494671659e-01
-6.969017656935048155e-01 -1.220901009179290009e+00
-4.168368519155615237e-01 -8.957810549172593451e-01
-8.957356219114143148e-01 -1.986768988121462298e+00
-5.089608192828968258e-01 -8.217456342981206419e-01
-7.265047378815155943e-01 -2.325664100518729516e+00
-7.077182924793735674e-01 -1.821508507925000631e+00
-2.492087187619944910e-01 -9.084131776287437399e-01
-1.045759769013361318e+00 -1.810341520285736472e+00
-9.708231576158938836e-01 -2.130140051379326493e+00
-1.059527808192019194e+00 -1.968997362849450150e+00
-8.429668467323722103e-01 -1.736942206484151541e+00
-1.007754919807467786e+00 -2.167752915412454406e+00
-5.027693469428259343e-01 -8.032306518684944052e-01
7.898211841005699230e-02 -7.954244209808793986e-01
-4.127092179652817050e-01 -1.249794885420326684e+00
-6.861223989710149018e-01 -1.934418480725060174e+00
-2.958117531067225303e-01 -1.331190259184407809e+00
-9.135786496264437506e-01 -1.842520470516525899e+00
-7.204707040696999298e-01 -1.489988938217068570e+00
-7.647905243967977329e-01 -1.673648417794507015e+00
-6.820895934292192653e-01 -1.430384803319796339e+00
-8.754732600317515212e-01 -1.964178620376360040e+00
-6.990365781696742387e-01 -1.771385218736980072e+00
-1.055249612438681067e-01 -8.123160831958594619e-01
-1.243515603055898033e+00 -1.939332470520302998e+00
-5.702769780170094949e-01 -1.131430593289588726e+00
1.087564879615584706e-01 -6.768796904026679329e-01
-3.141732283234988654e-01 -1.000989923213540855e+00
-1.164367179401772256e+00 -1.817821917042008906e+00
-7.643327554702878945e-01 -2.245202628549263224e+00
-3.577543347291683995e-01 -1.443936869665045863e+00
-1.220887264236354269e-01 -2.292961742487375776e-01
7.775385016939816152e-02 -3.554580886731101286e-01
-1.981928730414184159e-01 -1.017670535563718781e+00
-5.115113135793193377e-01 -1.475504168772696190e+00
-5.017978673575418380e-01 -1.096534105491011601e+00
-3.362142665812301034e-01 -1.443361952482187682e+00
-2.963393072324900790e-01 -5.574242950257072282e-01
-1.274730509348527274e-01 -1.107172029551181325e+00
-1.012833824132435501e+00 -1.883880621960372981e+00
-1.029568867945525934e+00 -1.954475447850635650e+00
-5.793307974283190553e-01 -1.457782964349702226e+00
-6.725261840705490934e-01 -2.203715993167021381e+00
-4.274476881341579548e-01 -1.076610504976242666e+00
-8.293113152829251211e-01 -1.348475336488027754e+00
-5.540667220866332121e-01 -2.061230713227904854e+00
-6.101207896787845808e-01 -1.791337692017093586e+00
-7.355816369753042094e-01 -1.542470801063925645e+00
-1.456274443285988096e-01 -7.229389475013863198e-01
1.666963764449232166e-01 -8.317238073704950052e-01
-1.911218011714111709e-01 -9.088862836259089528e-01
-1.114229938978200884e+00 -2.442437021133404329e+00
-8.372426634057886785e-01 -2.488838999129075358e+00
-3.780795875804401351e-01 -1.059701749921251102e+00
-1.754228928076743133e-01 -1.019371593379747587e+00
-1.207478083962660431e+00 -2.251246905179685509e+00
-4.917516662170510200e-01 -1.820329222671937197e+00
-3.747200790832607709e-01 -1.284435389984521336e+00
-6.752353941586684005e-01 -1.772690722117109763e+00
-1.624661586735890173e-01 -6.462671564411418546e-01
-8.345092056956794346e-01 -1.945159473060847688e+00
-1.042683401167883855e-01 -2.006424108255672467e-01
-1.166261158810311116e+00 -2.031240478928986182e+00
-5.572772664967542422e-01 -1.441093455099120568e+00
-9.430641413456529731e-01 -2.416874559407757417e+00
7.915131109292518341e-02 -7.806412506662312456e-01
-3.929387735113399338e-01 -1.322295731984549416e+00
-1.319869570023084693e+00 -2.055650868303188439e+00
-8.157124515937936859e-01 -2.164983428312828639e+00
-9.540939028079652440e-01 -2.620856521782152448e+00
-6.650524711279481860e-01 -1.555713820934085723e+00
-4.643124974845651010e-01 -1.594750539904548736e+00
-9.664484142923573939e-01 -1.852154432251378990e+00
-5.541059096329041811e-01 -1.647060995566981267e+00
-2.838575301155496500e-01 -1.568493668212519898e+00
-3.908071989027059323e-02 -3.841251692391809969e-01
-1.207549917847012599e+00 -1.945635032538476139e+00
-9.981875026275724427e-02 -1.046978768008898664e+00
-1.923471750173816330e-01 -3.262566436693795646e-01
-3.239155226718487546e-01 -1.005189553374665090e+00
-4.469019809434960355e-01 -8.624840022224864455e-01
-9.324461306387524795e-01 -1.831496432619267534e+00
-1.179578691090064746e+00 -2.492672719643418411e+00
-2.343518488124798349e-01 -4.710396148380037729e-01
-3.488191531239167031e-01 -1.305172656959982636e+00
-1.183987161090015006e+00 -2.149567593681641409e+00
-4.861812000188527327e-01 -1.659911283353614264e+00
-6.422575378624751918e-01 -2.195332526161898112e+00
