1.990000000000000000e+04
1.986095944679649620e+04
1.982196289540265570e+04
1.978301034581847125e+04
1.974410179804395375e+04
1.970523725207909592e+04
1.966641670792390141e+04
1.962764016557836658e+04
1.958890762504249506e+04
1.955021908631628685e+04
1.951157454939973468e+04
1.947297401429284946e+04
1.943441748099562392e+04
1.939590494950805805e+04
1.935743641983015550e+04
1.931901189196191262e+04
1.928063136590333306e+04
1.924229484165441681e+04
1.920400231921516024e+04
1.916575379858556698e+04
1.912754927976563340e+04
1.908938876275536313e+04
1.905127224755475254e+04
1.901319973416380526e+04
1.897517122258251766e+04
1.893718671281089337e+04
1.889924620484892876e+04
1.886134969869662746e+04
1.882349719435398583e+04
1.878568869182100752e+04
1.874792419109769253e+04
1.871020369218403721e+04
1.867252719508004520e+04
1.863489469978571287e+04
1.859730620630104386e+04
1.855976171462603452e+04
1.852226122476068849e+04
1.848480473670500214e+04
1.844739225045897547e+04
1.841002376602261575e+04
1.837269928339591570e+04
1.833541880257887533e+04
1.829818232357149827e+04
1.826098984637378453e+04
1.822384137098572683e+04
1.818673689740733607e+04
1.814967642563860863e+04
1.811265995567953723e+04
1.807568748753012915e+04
1.803875902119038437e+04
1.800187455666029928e+04
1.796503409393987749e+04
1.792823763302911539e+04
1.789148517392801659e+04
1.785477671663657748e+04
1.781811226115480531e+04
1.778149180748268918e+04
1.774491535562023637e+04
1.770838290556744323e+04
1.767189445732431341e+04
1.763545001089084690e+04
1.759904956626704370e+04
1.756269312345289654e+04
1.752638068244841270e+04
1.749011224325359217e+04
1.745388780586843131e+04
1.741770737029293377e+04
1.738157093652709591e+04
1.734547850457092136e+04
1.730943007442440648e+04
1.727342564608755856e+04
1.723746521956036668e+04
1.720154879484283811e+04
1.716567637193496921e+04
1.712984795083676727e+04
1.709406353154822136e+04
1.705832311406933877e+04
1.702262669840011949e+04
1.698697428454055989e+04
1.695136587249066361e+04
1.691580146225042699e+04
1.688028105381985370e+04
1.684480464719894371e+04
1.680937224238768977e+04
1.677398383938610277e+04
1.673863943819417545e+04
1.670333903881190781e+04
1.666808264123930348e+04
1.663287024547636247e+04
1.659770185152308113e+04
1.656257745937946311e+04
1.652749706904550476e+04
1.649246068052120972e+04
1.645746829380657437e+04
1.642251990890160232e+04
1.638761552580628995e+04
1.635275514452064090e+04
1.631793876504465152e+04
1.628316638737832545e+04
1.624843801152166270e+04
1.621375363747465963e+04
1.617911326523731623e+04
1.614451689480963796e+04
1.610996452619161937e+04
1.607545615938326227e+04
1.604099179438456849e+04
1.600657143119553621e+04
1.597219506981616541e+04
1.593786271024645248e+04
1.590357435248640286e+04
1.586932999653601655e+04
1.583512964239529356e+04
1.580097329006423024e+04
1.576686093954282842e+04
1.573279259083108627e+04
1.569876824392900744e+04
1.566478789883659192e+04
1.563085155555383608e+04
1.559695921408074355e+04
1.556311087441730888e+04
1.552930653656353752e+04
1.549554620051943130e+04
1.546182986628498293e+04
1.542815753386019787e+04
1.539452920324507431e+04
1.536094487443961225e+04
1.532740454744381168e+04
1.529390822225767261e+04
1.526045589888119321e+04
1.522704757731437712e+04
1.519368325755722253e+04
1.516036293960973126e+04
1.512708662347189966e+04
1.509385430914372955e+04
1.506066599662522276e+04
1.502752168591637383e+04
1.499442137701719184e+04
1.496136506992766954e+04
1.492835276464780691e+04
1.489538446117760759e+04
1.486246015951707159e+04
1.482957985966619526e+04
1.479674356162497861e+04
1.476395126539342527e+04
1.473120297097153343e+04
1.469849867835930309e+04
1.466583838755673605e+04
1.463322209856382688e+04
1.460064981138058283e+04
1.456812152600700028e+04
1.453563724244307741e+04
1.450319696068881785e+04
1.447080068074421797e+04
1.443844840260928322e+04
1.440614012628400815e+04
1.437387585176839457e+04
1.434165557906244067e+04
1.430947930816615008e+04
1.427734703907952280e+04
1.424525877180255520e+04
1.421321450633525092e+04
1.418121424267760449e+04
1.414925798082962501e+04
1.411734572079130157e+04
1.408547746256264145e+04
1.405365320614364464e+04
1.402187295153430932e+04
1.399013669873463732e+04
1.395844444774462136e+04
1.392679619856427234e+04
1.389519195119358301e+04
1.386363170563255335e+04
1.383211546188119064e+04
1.380064321993948397e+04
1.376921497980744243e+04
1.373783074148506057e+04
1.370649050497233839e+04
1.367519427026928133e+04
1.364394203737588577e+04
1.361273380629215171e+04
1.358156957701807733e+04
1.355044934955366443e+04
1.351937312389891667e+04
1.348834090005382859e+04
1.345735267801840018e+04
1.342640845779263691e+04
1.339550823937653149e+04
1.336465202277009303e+04
1.333383980797331242e+04
1.330307159498619330e+04
1.327234738380873569e+04
1.324166717444093956e+04
1.321103096688280857e+04
1.318043876113433544e+04
1.314989055719552562e+04
1.311938635506637729e+04
1.308892615474688864e+04
1.305850995623706149e+04
1.302813775953689947e+04
1.299780956464639712e+04
