-8.252041935920715332e-01 -1.400986015796661377e-01
6.727035045623779297e+00 -4.112788438796997070e-01
-8.096970319747924805e-01 -5.566950321197509766e+00
-3.495781660079956055e+00 -3.394982099533081055e+00
4.295234203338623047e+00 5.952284336090087891e+00
6.015709877014160156e+00 2.773356676101684570e+00
-8.260014533996582031e+00 -4.434676647186279297e+00
-3.946601152420043945e+00 -4.626854896545410156e+00
-1.329744219779968262e+00 4.143074989318847656e+00
3.469910383224487305e+00 -4.513391017913818359e+00
4.144920825958251953e+00 1.439208626747131348e+00
1.969134926795959473e+00 -1.274488329887390137e+00
-4.979056835174560547e+00 -5.829731464385986328e+00
-7.187396049499511719e+00 -5.412922859191894531e+00
-5.564177989959716797e+00 1.064712166786193848e+00
7.247786045074462891e+00 1.866890668869018555e+00
7.948168754577636719e+00 1.392164826393127441e+00
-6.248307704925537109e+00 -3.456306219100952148e+00
-5.431581020355224609e+00 3.040884494781494141e+00
-9.411040306091308594e+00 -3.677373647689819336e+00
4.757232666015625000e+00 -4.372236251831054688e+00
5.512284278869628906e+00 1.494328618049621582e+00
-8.450954437255859375e+00 -3.266085863113403320e+00
7.607841491699218750e-01 -3.710191011428833008e+00
-7.643324851989746094e+00 -2.265115976333618164e+00
9.473308920860290527e-02 -3.679459810256958008e+00
5.836195468902587891e+00 7.587009906768798828e+00
-1.997756958007812500e-01 5.048914432525634766e+00
-1.815622568130493164e+00 -3.330989837646484375e+00
4.653509616851806641e+00 6.565660476684570312e+00
7.260828495025634766e+00 -1.830059528350830078e+00
3.791594505310058594e+00 -1.900566935539245605e+00
-1.455822885036468506e-01 -5.538234233856201172e+00
-2.082067966461181641e+00 -5.150437355041503906e+00
-2.173321008682250977e+00 -5.020078182220458984e+00
-1.537471055984497070e+00 3.924779415130615234e+00
7.079865455627441406e+00 3.516813993453979492e+00
2.632471621036529541e-01 -2.288764715194702148e+00
-8.464384078979492188e+00 -3.880167961120605469e+00
-1.167699813842773438e+00 -7.441537380218505859e-01
2.828888416290283203e+00 -2.098208189010620117e+00
-3.576784610748291016e+00 -3.624662637710571289e+00
5.893623352050781250e+00 -3.949512243270874023e+00
4.017364978790283203e+00 -6.935215592384338379e-01
4.918763160705566406e+00 3.945255041122436523e+00
-3.392911851406097412e-01 -4.151159286499023438e+00
8.786199569702148438e+00 1.791089653968811035e+00
-1.480620741844177246e+00 -3.390533447265625000e+00
8.828668594360351562e+00 -8.297381550073623657e-02
-4.071219921112060547e+00 1.497552990913391113e+00
-9.831314086914062500e+00 3.506909847259521484e+00
-9.614191055297851562e+00 4.805730819702148438e+00
5.864042282104492188e+00 2.325357675552368164e+00
-5.425226211547851562e+00 -5.196242332458496094e+00
6.798149585723876953e+00 -2.953527271747589111e-01
-6.610195636749267578e+00 -2.841861248016357422e+00
2.475547313690185547e+00 -3.390693902969360352e+00
9.718746185302734375e+00 3.076354265213012695e+00
5.210641860961914062e+00 5.045780181884765625e+00
4.168289661407470703e+00 7.542651176452636719e+00
5.483723163604736328e+00 1.722269535064697266e+00
8.700269699096679688e+00 -1.524788141250610352e+00
2.703423798084259033e-01 -1.638347744941711426e+00
-9.324419021606445312e+00 3.050917387008666992e+00
4.768827915191650391e+00 2.169950008392333984e-01
-7.026340961456298828e-01 2.126263856887817383e+00
8.300543785095214844e+00 -1.310074687004089355e+00
-6.677463054656982422e+00 -5.318322181701660156e+00
-6.256030082702636719e+00 -5.039027214050292969e+00
-1.770096778869628906e+00 4.057946205139160156e+00
8.658600807189941406e+00 2.445407867431640625e+00
8.569010734558105469e+00 4.432909011840820312e+00
-8.510728478431701660e-01 4.492217302322387695e-01
-8.212907791137695312e+00 -1.686006903648376465e+00
-4.848215579986572266e+00 6.949532032012939453e-01
4.238256454467773438e+00 6.368833541870117188e+00
9.066315650939941406e+00 -6.169114708900451660e-01
-8.011658668518066406e+00 -2.067661762237548828e+00
-5.437485575675964355e-01 -1.819761395454406738e+00
-3.256955623626708984e+00 4.194736957550048828e+00
-4.562880992889404297e+00 -4.361128807067871094e+00
-4.372895240783691406e+00 3.066782236099243164e+00
5.349854469299316406e+00 -9.998535513877868652e-01
-1.106951832771301270e+00 1.855363368988037109e+00
6.705385684967041016e+00 4.509852886199951172e+00
4.535851478576660156e+00 7.058706283569335938e+00
-8.948054313659667969e-01 -3.178318500518798828e+00
-7.767049074172973633e-01 3.696108341217041016e+00
-1.912761807441711426e+00 2.491302967071533203e+00
1.271447300910949707e+00 -2.149185180664062500e+00
4.945486545562744141e+00 -3.994196414947509766e+00
-2.150174140930175781e+00 -7.180473804473876953e-01
-2.735643863677978516e+00 -4.569781303405761719e+00
9.532572746276855469e+00 3.601107358932495117e+00
-4.259019851684570312e+00 4.330225467681884766e+00
-1.005888557434082031e+01 3.037437677383422852e+00
-5.429450988769531250e+00 1.703575968742370605e+00
9.280523061752319336e-01 -2.247146606445312500e+00
8.458783149719238281e+00 2.012852668762207031e+00
7.602593421936035156e+00 2.265034437179565430e+00
5.521776199340820312e+00 5.475731849670410156e+00
-8.154034614562988281e+00 3.486556291580200195e+00
-5.947854995727539062e+00 3.342342853546142578e+00
-5.362549781799316406e+00 -4.977650642395019531e+00
-8.287499427795410156e+00 2.255398511886596680e+00
-6.712423324584960938e+00 -2.228795289993286133e+00
-5.724870681762695312e+00 3.673873186111450195e+00
9.070016860961914062e+00 2.552407979965209961e+00
-3.006293058395385742e+00 -1.422041773796081543e+00
-1.225121498107910156e+00 5.190244674682617188e+00
-4.501263141632080078e+00 3.260118246078491211e+00
4.858061313629150391e+00 7.052619457244873047e+00
1.421470344066619873e-01 -1.846918702125549316e+00
-2.869709730148315430e+00 4.531275749206542969e+00
-1.891818404197692871e+00 -1.238514304161071777e+00
5.739522933959960938e+00 -3.857946872711181641e+00
-1.001797318458557129e+00 2.797281742095947266e+00
7.122322082519531250e+00 1.175392031669616699e+00
-4.869553089141845703e+00 4.028664112091064453e+00
1.620347619056701660e+00 -1.775797605514526367e+00
8.145178854465484619e-02 4.875342369079589844e+00
2.426013469696044922e+00 -6.219735145568847656e-01
-5.634234428405761719e+00 -5.894232273101806641e+00
-6.882845401763916016e+00 -4.971062183380126953e+00
2.467116355895996094e+00 -2.978923559188842773e+00
1.077896237373352051e+00 -3.210572481155395508e+00
8.196483612060546875e+00 1.348361849784851074e+00
-5.706218242645263672e+00 -3.873546123504638672e+00
5.578010082244873047e+00 4.952380061149597168e-01
-5.787037372589111328e+00 -2.938644886016845703e+00
2.722347497940063477e+00 9.393727779388427734e-01
-9.437090873718261719e+00 1.953025698661804199e+00
-6.881477832794189453e+00 -4.109614372253417969e+00
-1.019662380218505859e+00 1.182731270790100098e+00
5.848218441009521484e+00 -3.468306303024291992e+00
-6.859280586242675781e+00 3.892384529113769531e+00
4.334141731262207031e+00 3.372519016265869141e+00
4.467287063598632812e+00 2.759140729904174805e+00
7.790931224822998047e+00 -2.017222881317138672e+00
-6.181790828704833984e+00 2.886715888977050781e+00
-9.907465934753417969e+00 3.404226779937744141e+00
-8.591071128845214844e+00 1.477275609970092773e+00
-8.027260780334472656e+00 2.777584791183471680e+00
3.664074420928955078e+00 2.518185138702392578e+00
4.449414730072021484e+00 2.230129718780517578e+00
4.684926033020019531e+00 -1.895381927490234375e+00
-5.037519931793212891e+00 -3.705661296844482422e+00
6.178470134735107422e+00 6.509725093841552734e+00
-3.249262571334838867e-01 -7.786093950271606445e-01
5.383431434631347656e+00 2.279649734497070312e+00
8.935616493225097656e+00 5.223783850669860840e-01
4.061705112457275391e+00 -4.186880290508270264e-01
-1.805637359619140625e+00 3.501981019973754883e+00
4.237945079803466797e+00 7.084575176239013672e+00
-2.513694763183593750e+00 3.448919534683227539e+00
-7.079059600830078125e+00 3.062570333480834961e+00
-7.662714481353759766e+00 -2.701274633407592773e+00
-5.029612541198730469e+00 1.438123464584350586e+00
3.418716907501220703e+00 5.998300909996032715e-01
6.629841804504394531e+00 6.772948741912841797e+00
-3.405876874923706055e+00 4.087644100189208984e+00
-1.498137950897216797e+00 -1.296867132186889648e-01
3.591920375823974609e+00 -5.649126172065734863e-01
-7.975081920623779297e+00 4.281658649444580078e+00
-8.680885314941406250e+00 -4.150920867919921875e+00
7.060359477996826172e+00 -2.604014873504638672e+00
-6.911869645118713379e-01 4.030566692352294922e+00
-5.654936313629150391e+00 1.951246142387390137e+00
-4.769928455352783203e+00 -2.937969923019409180e+00
-1.338818788528442383e+00 -2.503232717514038086e+00
-7.316713809967041016e+00 -1.581504225730895996e+00
2.383826822042465210e-01 3.685901880264282227e+00
-2.473816871643066406e+00 5.594494938850402832e-01
-6.553860664367675781e+00 -5.887891769409179688e+00
-2.155221462249755859e+00 -2.659500598907470703e+00
4.073272228240966797e+00 -6.910793483257293701e-02
-6.966910362243652344e+00 -5.976902961730957031e+00
4.916953563690185547e+00 5.248579502105712891e+00
-5.413252830505371094e+00 4.597694396972656250e+00
-6.612792968750000000e+00 -4.671767234802246094e+00
6.772302150726318359e+00 3.984827756881713867e+00
3.261688947677612305e+00 -2.739818096160888672e+00
-6.342067241668701172e+00 -3.532735824584960938e+00
4.176496982574462891e+00 -4.184403419494628906e+00
4.606465816497802734e+00 4.990114688873291016e+00
-4.806168556213378906e+00 3.499288558959960938e+00
-7.814635634422302246e-01 -4.224174976348876953e+00
7.287721157073974609e+00 -5.533527582883834839e-02
8.638332366943359375e+00 3.513408660888671875e+00
-8.939286231994628906e+00 3.723419666290283203e+00
3.560360670089721680e+00 -4.536322593688964844e+00
-1.705404043197631836e+00 -5.411250591278076172e+00
-7.795044898986816406e+00 3.078245639801025391e+00
-4.619526863098144531e+00 -3.859046220779418945e+00
4.827540397644042969e+00 7.750713348388671875e+00
-1.164519548416137695e+00 -5.664923191070556641e+00
7.234799385070800781e+00 2.409535408020019531e+00
4.463384628295898438e+00 5.227672100067138672e+00
-7.298438072204589844e+00 3.854471445083618164e+00
-8.773658752441406250e+00 4.395540714263916016e+00
