3.563601493835449219e+00 8.653703689575195312e+00
2.118495225906372070e+00 7.655830860137939453e+00
6.132509708404541016e+00 5.578904151916503906e+00
6.956771850585937500e+00 5.568058490753173828e+00
-4.819847643375396729e-01 5.204731464385986328e+00
1.147466540336608887e+00 6.095095634460449219e+00
7.480949401855468750e+00 7.101606845855712891e+00
7.346334457397460938e+00 5.634522914886474609e+00
1.364283323287963867e+00 9.563365936279296875e+00
3.068493127822875977e+00 8.252461433410644531e+00
1.666264533996582031e+00 5.712460041046142578e+00
3.698498964309692383e+00 6.499706745147705078e+00
5.715676307678222656e+00 7.396849155426025391e+00
6.487732887268066406e+00 7.360816478729248047e+00
-3.255387544631958008e-01 9.761425971984863281e+00
9.989718198776245117e-01 6.732376098632812500e+00
1.026136159896850586e+00 7.180266857147216797e+00
7.858592510223388672e+00 6.028009891510009766e+00
-1.569640398025512695e+00 9.451966285705566406e+00
7.536757946014404297e+00 7.274078369140625000e+00
2.660061359405517578e+00 8.614493370056152344e+00
1.646237373352050781e+00 6.013040065765380859e+00
7.741374492645263672e+00 7.049275875091552734e+00
4.275912284851074219e+00 6.690954685211181641e+00
8.169936180114746094e+00 6.674470901489257812e+00
4.576242923736572266e+00 6.836798667907714844e+00
-1.068676352500915527e+00 6.437268257141113281e+00
1.697790622711181641e+00 9.250446319580078125e+00
5.027018070220947266e+00 7.523373126983642578e+00
-8.684346675872802734e-01 5.184746265411376953e+00
2.006537675857543945e+00 8.082138061523437500e+00
3.209936618804931641e+00 5.755582332611083984e+00
5.933413982391357422e+00 5.479887008666992188e+00
6.371627330780029297e+00 5.379088878631591797e+00
6.332273006439208984e+00 5.477930545806884766e+00
1.398106694221496582e+00 9.636102676391601562e+00
5.720510482788085938e-01 6.395392894744873047e+00
4.110143661499023438e+00 7.234219551086425781e+00
7.698445796966552734e+00 7.103360652923583984e+00
3.697418451309204102e+00 8.617114067077636719e+00
3.572280883789062500e+00 5.746440887451171875e+00
6.919567108154296875e+00 5.537787914276123047e+00
2.252958774566650391e+00 8.807818412780761719e+00
2.907167434692382812e+00 5.496159076690673828e+00
6.414729952812194824e-01 5.375592231750488281e+00
4.835552692413330078e+00 6.951516628265380859e+00
6.900196075439453125e-01 7.278428554534912109e+00
4.923655986785888672e+00 7.428617954254150391e+00
1.267767667770385742e+00 8.128053665161132812e+00
-2.555919624865055084e-02 9.769669532775878906e+00
-1.106162428855895996e+00 7.096557140350341797e+00
-7.013652324676513672e-01 7.376322269439697266e+00
1.270458459854125977e+00 6.011086940765380859e+00
5.764773845672607422e+00 7.389300346374511719e+00
2.012801885604858398e+00 7.653522968292236328e+00
7.979984760284423828e+00 6.161427497863769531e+00
3.708862066268920898e+00 6.016460418701171875e+00
8.243195712566375732e-02 7.248036861419677734e+00
5.086716730147600174e-03 5.362007141113281250e+00
-1.037302732467651367e+00 5.271618366241455078e+00
1.509153366088867188e+00 6.011846065521240234e+00
1.526028156280517578e+00 8.183918952941894531e+00
3.926885604858398438e+00 7.389245033264160156e+00
-1.274135589599609375e+00 7.303654193878173828e+00
2.538175106048583984e+00 5.633067607879638672e+00
2.390581130981445312e+00 9.303908348083496094e+00
1.625481367111206055e+00 8.151695251464843750e+00
6.498248100280761719e+00 7.502506732940673828e+00
6.228919982910156250e+00 7.324535846710205078e+00
1.284076094627380371e+00 9.692311286926269531e+00
4.343227744102478027e-01 7.144823551177978516e+00
-4.186153411865234375e-01 6.983404636383056641e+00
3.378106594085693359e+00 8.833760261535644531e+00
8.033657073974609375e+00 6.783434391021728516e+00
-1.778895556926727295e-01 9.700842857360839844e+00
-6.236050128936767578e-01 5.142968654632568359e+00
1.332290768623352051e+00 8.906317710876464844e+00
8.064360618591308594e+00 6.736299037933349609e+00
4.138805389404296875e+00 7.672044277191162109e+00
7.700374126434326172e-01 9.992721557617187500e+00
7.428025722503662109e+00 5.653623580932617188e+00
-1.510746598243713379e+00 9.833915710449218750e+00
3.022751092910766602e+00 7.681836128234863281e+00
2.534587144851684570e+00 9.404016494750976562e+00
2.144660502672195435e-01 6.211516857147216797e+00
-8.661334514617919922e-01 5.198572158813476562e+00
4.770654678344726562e+00 7.396824359893798828e+00
1.359040021896362305e+00 9.435322761535644531e+00
2.056668043136596680e+00 9.654655456542968750e+00
3.839972972869873047e+00 6.814770221710205078e+00
2.724946737289428711e+00 8.482594490051269531e+00
3.935064792633056641e+00 8.526802062988281250e+00
6.541666030883789062e+00 5.511461257934570312e+00
-1.486686617136001587e-01 7.205265045166015625e+00
-1.646343827247619629e+00 9.756179809570312500e+00
-9.801976680755615234e-01 6.919411659240722656e+00
-3.673734366893768311e-01 9.845210075378417969e+00
3.942166090011596680e+00 6.979983806610107422e+00
6.242751479148864746e-01 7.170778751373291016e+00
9.890570044517517090e-01 6.898001194000244141e+00
-2.067411132156848907e-02 5.471842288970947266e+00
-1.653328061103820801e+00 8.071011543273925781e+00
-1.622222185134887695e+00 9.300502777099609375e+00
5.744012832641601562e+00 7.511205673217773438e+00
-1.737469911575317383e+00 7.861064910888671875e+00
8.096225738525390625e+00 6.332260131835937500e+00
-1.532011151313781738e+00 9.263024330139160156e+00
3.605430424213409424e-01 7.069378376007080078e+00
6.591476917266845703e+00 5.700518131256103516e+00
1.717561721801757812e+00 9.397402763366699219e+00
-1.599940299987792969e+00 9.745720863342285156e+00
-9.846525788307189941e-01 5.334715366363525391e+00
3.981909990310668945e+00 7.435224056243896484e+00
8.790887594223022461e-01 9.915869712829589844e+00
4.089564323425292969e+00 8.321294784545898438e+00
2.315950870513916016e+00 8.790431976318359375e+00
1.997108817100524902e+00 9.510581970214843750e+00
1.166967630386352539e+00 6.963885307312011719e+00
-1.678867340087890625e+00 9.629087448120117188e+00
3.868720293045043945e+00 6.729982376098632812e+00
1.725077629089355469e+00 9.274452209472656250e+00
3.532789230346679688e+00 6.755899429321289062e+00
5.951867580413818359e+00 7.456834793090820312e+00
6.523030757904052734e+00 7.525118350982666016e+00
3.715548515319824219e+00 5.988556385040283203e+00
4.157380580902099609e+00 6.646485328674316406e+00
9.284761548042297363e-01 7.318183898925781250e+00
7.669519901275634766e+00 5.944482803344726562e+00
2.279306650161743164e+00 5.738246440887451172e+00
7.704341888427734375e+00 5.788647174835205078e+00
3.230718612670898438e+00 6.271224975585937500e+00
-1.295106410980224609e+00 6.971477031707763672e+00
6.108345985412597656e+00 7.335994243621826172e+00
2.893997669219970703e+00 9.124691963195800781e+00
2.301304578781127930e+00 8.713231086730957031e+00
-1.776122570037841797e+00 8.593758583068847656e+00
1.129873275756835938e+00 5.308701515197753906e+00
1.348473072052001953e+00 5.551109790802001953e+00
1.789887905120849609e+00 8.252897262573242188e+00
-1.520260572433471680e+00 9.124059677124023438e+00
-1.072367191314697266e+00 7.174596786499023438e+00
-1.676361322402954102e+00 7.557858943939208984e+00
-1.789849877357482910e+00 8.086463928222656250e+00
1.444816827774047852e+00 5.383652210235595703e+00
1.480486631393432617e+00 5.671286106109619141e+00
2.989069938659667969e+00 5.926261901855468750e+00
7.547575950622558594e+00 5.748393058776855469e+00
-7.805318236351013184e-01 6.378344535827636719e+00
3.628019332885742188e+00 8.297763824462890625e+00
1.458665728569030762e+00 5.875181198120117188e+00
1.090640544891357422e+00 7.862875461578369141e+00
2.855975866317749023e+00 5.454614639282226562e+00
1.381326198577880859e+00 9.699309349060058594e+00
-9.299936294555664062e-01 5.253699779510498047e+00
1.308710813522338867e+00 9.828393936157226562e+00
-1.830328822135925293e+00 8.472016334533691406e+00
8.101149559020996094e+00 6.675307273864746094e+00
-2.734926939010620117e-01 9.760855674743652344e+00
2.911413431167602539e+00 5.360416412353515625e+00
-9.058204889297485352e-01 6.620615482330322266e+00
7.115828990936279297e-01 9.908108711242675781e+00
3.630695104598999023e+00 8.715880393981933594e+00
3.007050514221191406e+00 5.522356510162353516e+00
-1.524544477462768555e+00 8.209836006164550781e+00
7.574610233306884766e+00 7.170564174652099609e+00
2.002659559249877930e+00 8.392210960388183594e+00
1.253398895263671875e+00 9.348087310791015625e+00
-4.024290442466735840e-01 9.733502388000488281e+00
7.397337436676025391e+00 5.649207592010498047e+00
4.723966121673583984e+00 7.666060924530029297e+00
8.059625625610351562e+00 6.601066589355468750e+00
1.325309038162231445e+00 9.010721206665039062e+00
3.073885202407836914e+00 8.587998390197753906e+00
6.348647594451904297e+00 7.399628162384033203e+00
4.859523296356201172e+00 7.763321876525878906e+00
2.837658166885375977e+00 5.512073516845703125e+00
6.395140171051025391e+00 7.413574695587158203e+00
-6.160961836576461792e-02 5.358211040496826172e+00
-1.714219450950622559e+00 9.341273307800292969e+00
6.220444679260253906e+00 7.303634166717529297e+00
4.567135274410247803e-01 6.298314571380615234e+00
3.339301347732543945e+00 5.854483604431152344e+00
7.770494461059570312e+00 6.008114814758300781e+00
2.833809137344360352e+00 8.378132820129394531e+00
7.235133647918701172e-02 5.273628234863281250e+00
-1.756341218948364258e+00 9.675760269165039062e+00
4.909769535064697266e+00 7.011814117431640625e+00
1.797645211219787598e+00 7.665388584136962891e+00
5.633483082056045532e-02 6.943191528320312500e+00
-1.463955521583557129e+00 7.668329238891601562e+00
3.065743684768676758e+00 8.244423866271972656e+00
6.395417213439941406e+00 5.540060520172119141e+00
-1.710038185119628906e+00 8.229413986206054688e+00
7.467474937438964844e+00 5.690989017486572266e+00
-1.109191894531250000e+00 5.528954029083251953e+00
6.064364433288574219e+00 5.524452686309814453e+00
9.896165728569030762e-01 6.677999496459960938e+00
6.322488933801651001e-02 5.212391376495361328e+00
-1.717158555984497070e+00 8.435956954956054688e+00
-1.378617882728576660e+00 7.841353416442871094e+00
