1.990000000000000000e+04
1.981568502914901546e+04
1.973160763530655095e+04
1.964776781847259917e+04
1.956416557864716742e+04
1.948080091583025205e+04
1.939767383002185306e+04
1.931478432122197046e+04
1.923213238943061151e+04
1.914971803464776531e+04
1.906754125687343912e+04
1.898560205610762569e+04
1.890390043235033227e+04
1.882243638560155887e+04
1.874120991586129821e+04
1.866022102312956122e+04
1.857946970740633697e+04
1.849895596869163273e+04
1.841867980698544125e+04
1.833864122228776978e+04
1.825884021459861833e+04
1.817927678391797963e+04
1.809995093024586458e+04
1.802086265358226228e+04
1.794201195392718000e+04
1.786339883128061410e+04
1.778502328564256459e+04
1.770688531701303145e+04
1.762898492539202198e+04
1.755132211077952525e+04
1.747389687317554490e+04
1.739670921258008093e+04
1.731975912899313698e+04
1.724304662241471306e+04
1.716657169284480551e+04
1.709033434028341071e+04
1.701433456473053957e+04
1.693857236618618117e+04
1.686304774465034279e+04
1.678776070012302080e+04
1.671271123260421518e+04
1.663789934209392959e+04
1.656332502859216038e+04
1.648898829209890755e+04
1.641488913261417474e+04
1.634102755013795468e+04
1.626740354467025463e+04
1.619401711621107461e+04
1.612086826476041097e+04
1.604795699031826189e+04
1.597528329288463283e+04
1.590284717245952015e+04
1.583064862904292386e+04
1.575868766263484940e+04
1.568696427323528769e+04
1.561547846084424600e+04
1.554423022546172069e+04
1.547321956708771177e+04
1.540244648572222286e+04
1.533191098136524852e+04
1.526161305401679419e+04
1.519155270367685807e+04
1.512172993034543651e+04
1.505214473402253498e+04
1.498279711470814800e+04
1.491368707240227923e+04
1.484481460710492865e+04
1.477617971881609628e+04
1.470778240753578029e+04
1.463962267326398069e+04
1.457170051600069928e+04
1.450401593574593608e+04
1.443656893249969107e+04
1.436935950626196245e+04
1.430238765703275203e+04
1.423565338481205617e+04
1.416915668959988034e+04
1.410289757139622270e+04
1.403687603020108145e+04
1.397109206601445840e+04
1.390554567883635173e+04
1.384023686866676326e+04
1.377516563550569117e+04
1.371033197935313729e+04
1.364573590020909978e+04
1.358137739807358230e+04
1.351725647294658120e+04
1.345337312482809648e+04
1.338972735371813178e+04
1.332631915961667983e+04
1.326314854252374789e+04
1.320021550243933416e+04
1.313752003936343681e+04
1.307506215329605948e+04
1.301284184423719489e+04
1.295085911218685214e+04
1.288911395714502396e+04
1.282760637911171580e+04
1.276633637808692220e+04
1.270530395407064862e+04
1.264450910706289142e+04
1.258395183706365060e+04
1.252363214407292799e+04
1.246355002809072175e+04
1.240370548911703554e+04
1.234409852715186571e+04
1.228472914219521408e+04
1.222559733424707701e+04
1.216670310330745997e+04
1.210804644937635931e+04
1.204962737245377684e+04
1.199144587253971258e+04
1.193350194963416288e+04
1.187579560373713321e+04
1.181832683484861991e+04
1.176109564296862482e+04
1.170410202809714610e+04
1.164734599023418559e+04
1.159082752937974328e+04
1.153454664553381735e+04
1.147850333869640599e+04
1.142269760886751828e+04
1.136712945604714332e+04
1.131179888023528656e+04
1.125670588143194982e+04
1.120185045963712946e+04
1.114723261485082548e+04
1.109285234707303971e+04
1.103870965630377032e+04
1.098480454254301912e+04
1.093113700579078613e+04
1.087770704604706953e+04
1.082451466331187112e+04
1.077155985758519091e+04
1.071884262886702345e+04
1.066636297715737783e+04
1.061412090245624859e+04
1.056211640476363755e+04
1.051034948407954289e+04
1.045882014040396643e+04
1.040752837373690636e+04
1.035647418407836631e+04
1.030565757142834082e+04
1.025507853578683353e+04
1.020473707715384444e+04
1.015463319552937173e+04
1.010476689091341905e+04
1.005513816330598092e+04
1.000574701270706100e+04
9.956593439116659283e+03
9.907677442534773945e+03
9.858999022961406808e+03
9.810558180396556054e+03
9.762354914840223501e+03
9.714389226292409148e+03
9.666661114753111178e+03
9.619170580222331409e+03
9.571917622700069842e+03
9.524902242186322837e+03
9.478124438681095853e+03
9.431584212184385251e+03
9.385281562696192850e+03
9.339216490216516831e+03
9.293388994745359014e+03
9.247799076282719398e+03
9.202446734828596163e+03
9.157331970382989311e+03
9.112454782945902480e+03
9.067815172517330211e+03
9.023413139097277963e+03
8.979248682685742097e+03
8.935321803282722612e+03
8.891632500888223149e+03
8.848180775502240067e+03
8.804966627124775187e+03
8.761990055755824869e+03
8.719251061395392753e+03
8.676749644043480657e+03
8.634485803700084944e+03
8.592459540365205612e+03
8.550670854038844482e+03
8.509119744720999734e+03
8.467806212411675006e+03
8.426730257110864841e+03
8.385891878818572877e+03
8.345291077534799115e+03
8.304927853259543554e+03
8.264802205992804375e+03
8.224914135734583397e+03
8.185263642484877892e+03
8.145850726243690588e+03
8.106675387011022394e+03
8.067737624786869674e+03
8.029037439571235154e+03
7.990574831364118836e+03
7.952349800165518900e+03
7.914362345975436256e+03
7.876612468793871813e+03
7.839100168620825571e+03
7.801825445456295711e+03
