-5.410676051848188894e-01 -2.134470605973760593e-01
-3.731204638504765358e-01 -3.337524283889266585e-01
-3.588599853297377851e-01 -3.032960571779343417e-01
-3.348085925545093433e-01 -3.346751827747007080e-01
-7.078349524334974774e-01 -4.118605434471177551e-01
-8.520585486934335595e-01 -3.447897256857733184e-01
-7.171099492488199889e-01 -5.259325831393855122e-01
-8.186959280383233617e-01 -4.337557279787559450e-01
-7.123974661938770048e-01 -2.132317110352545120e-01
-6.338068103973382161e-01 -1.608017928700363197e-01
-6.063084574177520780e-01 -9.201399286274107581e-02
-4.949529072886236780e-01 -4.305062368705943054e-01
-8.791571091543443073e-01 -6.386902246732804878e-02
2.812465225091629328e-01 3.731413368683272891e-02
-1.959525518583722994e-02 6.008818826428184755e-04
-1.628268777896066735e-02 -7.257159539462578780e-03
-6.685936521673613124e-03 5.642417554995268758e-02
3.408886777872751628e-01 3.715289766262547949e-02
3.467954279299074183e-01 3.454634355561981840e-01
2.285576216951046846e-01 1.554955792198942921e-01
2.942954805499239934e-01 2.970465535886486486e-02
2.564375034503082462e-01 1.501776329177786917e-01
3.026655264414119806e-01 -1.037797335880947525e-01
3.745513563879973758e-03 -1.592304911046292515e-02
-7.413404865439471303e-01 -1.987997391539317871e-01
-4.522642386595683850e-01 -4.584884055458534613e-01
-4.932803612929832493e-01 -4.833015306726975435e-01
-4.074680548559670434e-01 -5.221377265727246142e-01
3.408886777868516682e-01 3.715289766400559079e-02
2.538312319827175090e-01 6.296258305993789051e-02
3.093319234326374345e-01 1.123107939615636524e-03
-2.819576783905469730e-02 -1.231752233888803033e-01
-1.202500556611249272e-01 -1.771835403094092556e-02
-1.399354247683508579e-01 -1.548194804668853383e-02
-1.329135651401712470e-01 1.689184398352004332e-02
-1.105855105548153444e-01 -1.096329138368665711e-02
-5.280891004839778358e-01 -3.004044812905287132e-01
-6.366113173558521909e-01 -3.368665404892076110e-01
-5.175715406652480199e-01 -2.345999655075218793e-01
-4.594299636996073688e-01 -2.401268031132238745e-01
-6.635365782027520254e-01 -3.556582853969594837e-01
-6.626983408711817347e-01 -3.069344877849521924e-01
-7.228393868678023582e-01 -2.919529409711775214e-01
-1.074746876762950332e-01 -1.199012130241744190e-01
2.193397504632555173e-01 2.252053412891305562e-01
-1.309598324247442103e-01 -3.569463836976017462e-02
-1.025610621976824760e-01 -4.371974868336386127e-02
3.078150957148811928e-01 1.689625993794231437e-02
3.214386257802339109e-01 1.043304312674532552e-02
3.286921309662907409e-01 2.675682169477492378e-01
3.727174501563389475e-01 6.653608626030041440e-02
3.851179280371040403e-01 2.649789487922249442e-01
4.122698949326710216e-01 2.272724252112763854e-01
3.509471613655481548e-01 2.640199170022310970e-01
3.149143460812093842e-01 3.028923011255528763e-01
2.847290492140548412e-01 5.654416552844264421e-02
3.171692946917123446e-01 1.508936775419524312e-01
2.660165808333762039e-01 4.257316090525181118e-01
1.897407294024613389e-01 2.240977243693202947e-01
2.746130383849278989e-01 1.128981634411075213e-01
-5.356829136502567756e-01 -2.976640553830579017e-01
-6.326279226759469188e-01 -3.214716309411840833e-01
-4.656354026808005031e-01 -2.259495944318268001e-01
-5.154112594580116946e-01 -2.434732739134348456e-01
-3.848035260135889146e-01 -3.004860051188791847e-01
-7.245739138487953257e-01 -4.457566496523460708e-01
-5.507394543874677417e-01 -2.422423023437466072e-01
-5.482987592532593268e-01 -2.593438064175129787e-01
-6.654339939678072247e-01 -3.291973367948615170e-01
4.438570455848535046e-01 -3.793034518004843175e-02
-4.147598332080549288e-01 -2.616729590079048817e-01
-4.407808504868919175e-01 -1.502374926244432474e-01
-4.320097657059674967e-01 -1.989980776923077899e-01
-4.628338475240142968e-01 -2.125609176953205670e-01
2.289912603159691140e-01 -6.731298785707312549e-02
2.410154556645033308e-01 1.815768554825869241e-01
1.597094956676275712e-01 2.426180476947428222e-01
3.155893931204981073e-01 2.021217753444918552e-01
2.634108891978648725e-01 9.119471359141526068e-02
2.852111148265712992e-01 1.336986904955098088e-01
2.638716518355776475e-01 1.145713384669439297e-02
3.370925256003211579e-01 7.508526788362031301e-02
3.169870522286561965e-01 1.210814969024947008e-01
-5.212090479212646565e-01 -3.219802295199831188e-01
-3.851582402521336879e-01 -2.999242823390980694e-01
-4.997788869114263566e-01 -2.144116357822712926e-01
-4.325451459543418475e-01 -1.614334049889471767e-01
-4.212570578063942750e-01 -2.682952910871531094e-01
-7.378465942240489683e-01 -4.203448181011301132e-01
-6.306566367925522387e-01 -2.345423546463280273e-01
-5.383573062967980105e-01 -2.623217271193249434e-01
-4.837332029898855912e-01 -1.910154709893222280e-01
-7.959569190896950142e-01 -4.004306687057861969e-01
-8.858660588549158721e-01 -3.472443036579341280e-01
-5.040978776803677341e-01 -3.739707221621128563e-01
-9.572321125467898872e-02 9.385041733103362954e-03
-1.547638943970144343e-01 6.907651076116680389e-02
-8.117806763736128139e-02 -2.416568545444737134e-03
-1.149823253426517367e-01 5.455548501089155927e-02
-2.973228975231973978e-02 1.855051765973809996e-02
3.300184170178636078e-01 3.581863801331750530e-01
-6.908284651703734403e-01 -1.662240530026716789e-01
-6.815919924588448309e-01 -2.794288363632015382e-01
-5.842541862413215270e-01 -3.083469253153481304e-01
-5.624962826739126065e-01 -3.455537058294861907e-01
-5.890887223274503953e-02 -4.405063984532304328e-02
2.654724319187606874e-01 2.242948308766240795e-01
2.149622689421124000e-01 2.439233044394619743e-01
2.675768306882127523e-01 1.022269649759708493e-01
4.623729033309217917e-01 -4.652082099631441210e-03
2.437234406730805769e-01 1.919545517705455728e-01
8.739263275267601661e-02 -1.120757501862383737e-01
3.089427009075240149e-01 7.230376791648363000e-02
-5.047086446772671708e-01 -2.205620927155522160e-01
-6.618149069485340652e-01 -5.541040552397770158e-01
3.921228640494711093e-01 3.068841492404615345e-01
3.159202177833080882e-01 9.590857170907929330e-02
2.774270103314793179e-01 2.089600009457252307e-03
2.212977892175667372e-01 -3.560699110150356006e-02
-3.655708383087648006e-01 -3.410974705431545906e-01
2.530332533417090635e-01 -5.559749090275346861e-02
4.848319568814861424e-02 -1.474246914475880466e-01
-4.750677648022160193e-01 -3.959453613354173007e-01
-5.129952415076245720e-02 3.839162334216102840e-02
-7.708673992286206589e-02 -3.908774552743321008e-03
-1.518206710050005737e-01 3.627486409606565931e-02
3.532291047599623313e-01 2.533175029063610140e-01
2.581323619123526147e-01 1.195401083207247445e-01
3.562044690959103033e-01 3.367841090381719082e-01
2.229611774177297501e-01 1.444222498169729918e-01
-1.997765962023466402e-01 5.365414695261721406e-02
-2.111871438450665384e-01 6.158813546391512378e-02
-1.484399196144537691e-01 2.336395366113618727e-02
-4.394397491555671609e-01 -1.849873718297557479e-01
-5.826291161981405065e-01 -1.727730250389556133e-01
-4.827133523978838769e-01 -2.565279744295670961e-01
-4.103658678373423574e-01 -3.211925984808736145e-01
-4.408674752347679360e-01 -2.301089338890730251e-01
3.089498282402848850e-01 1.254123220600023847e-01
3.949938055507999923e-01 1.232080734433809582e-01
3.348297609553348986e-01 5.531209156363308538e-02
4.443869991725057367e-01 1.914735982078676069e-01
3.498388659069190942e-01 2.589133717538987800e-01
3.652412678596580475e-01 6.658192690569250671e-02
3.538160887563010504e-01 1.056568463369719352e-01
3.280995242878239071e-01 3.374434643017987928e-02
2.592528869535433156e-01 2.965022607464022977e-02
2.810335883339313834e-01 6.195872353370362323e-02
3.848854595103050613e-01 1.407717439907309465e-01
-9.900188513603216944e-02 1.880899422602265447e-02
-1.596313267825065774e-01 -6.430239068624464538e-03
-3.111790716449974997e-03 -2.378850168925921715e-01
-5.257457340010981278e-02 -9.741062851614294693e-02
-6.440890095502731505e-01 -3.390217482176121067e-01
-5.425538301684448284e-01 -1.919302642079137311e-01
-4.795003170251881386e-01 -2.570973672379838759e-01
-5.515651447233591576e-01 -2.525169663053092872e-01
-2.324383899186657498e-01 1.936800451761296893e-01
-2.283601379694065459e-01 1.023473901204437903e-01
-2.306031527154774052e-01 1.038866121287189831e-01
-1.779731980169582117e-01 1.366089862819970246e-01
-8.944475751088502846e-02 -5.335369532478540650e-02
-3.372697988567558425e-01 -4.010097162978850521e-02
-4.080348825062061757e-01 -8.802211102859894276e-02
3.320738229639989547e-01 1.202064737459332400e-01
2.064640070170059571e-01 1.289733209200688568e-01
-7.827398939081701978e-02 -3.511372963694497917e-03
1.996634732981862059e-01 1.935975552071981798e-01
2.437683699708989016e-01 -3.303459545407127357e-02
3.350271018705807125e-01 1.463976756994240513e-01
2.262087334334918765e-01 1.157912363643073678e-01
1.382441521404227137e-02 -4.412694280991778101e-02
3.988054407699998527e-01 5.803973416175952499e-02
-1.067270523672493587e-01 5.925516505880260715e-02
2.487375273670501541e-01 2.719657379703513747e-02
1.870184171770555848e-01 1.432387711649452666e-01
2.299450318545701033e-01 -2.204605851384880758e-02
2.558533063854614986e-01 -8.856428482409385572e-02
3.943833929478278710e-01 2.215893772555871943e-01
2.814874511382684519e-01 7.615301668605006791e-02
2.840223627725940170e-01 1.375150155298248966e-01
2.295380106083979854e-01 3.349219460061429732e-02
2.959767078696142195e-01 1.765766837570134640e-01
3.216536762423730655e-01 7.954917800366254066e-02
-4.433318550827763382e-01 -2.175774915419833588e-01
-4.678785877060715470e-01 -2.406882713023376086e-01
-4.177199084365738058e-01 -1.296081683582168964e-01
-5.215214322247475609e-01 -2.463776304872150047e-01
-9.513372186034614597e-02 -1.347617109537316803e-02
-1.382406045495078173e-01 -5.943914555858120785e-02
-4.876598000857338550e-02 1.122519626242655250e-01
-1.009055547778010126e-01 8.118760998205742929e-02
3.181655957160805515e-01 3.889638930667861372e-01
2.805278972333331011e-01 3.663141599026391582e-01
3.963266517655842924e-01 6.587481048772876602e-02
3.959259144134271158e-01 2.177706032632396038e-01
-1.579037861308314750e-01 7.765772389222520833e-02
-3.064755961727118685e-02 -2.264067200952720460e-01
-1.855290077268823834e-01 -3.327874334098779655e-03
-1.553057111922512834e-01 8.058177042003855650e-02
4.215974186380851974e-01 -1.811419939356018194e-02
3.610307400906134778e-01 1.720682555478848519e-01
3.288290780906010236e-01 1.348658474037550126e-01
2.833667403004672680e-01 -1.575381231712829136e-02
1.778197934099663702e-01 1.005597912339928866e-02
-4.452690009100754298e-01 -2.371338677652450599e-01
1.037315720529521784e-01 3.444075047547008883e-01
2.706441550851700767e-02 -4.578146402663770681e-02
-1.525783609757722092e-01 1.404165814816601687e-01
-5.531567402954636892e-01 -3.479539769982767372e-01
-4.981056285248394166e-01 -2.519431273670672544e-01
-4.172888872545583161e-01 -1.273394518654790142e-01
-4.380109468450604226e-01 -2.056684780615650743e-01
3.233642867422997225e-01 2.245168172108804594e-01
3.244035084177187556e-01 6.340898297658842386e-02
3.824998880665494982e-01 2.550935548956473897e-01
2.701925749252826470e-01 5.197860790531445840e-02
3.683947377293913528e-01 1.658510995543347188e-01
-4.115193765371029655e-01 -2.483697801718726395e-01
-4.128691159419734524e-01 9.559700076694757631e-02
-4.633529368358513256e-01 -2.069448307048388502e-01
-4.644167496730934874e-01 -1.092049015767204978e-01
-1.734346825602326447e-01 -1.270355496490831876e-03
-1.374803761646761768e-01 2.765870255068362052e-02
-1.550153542322394162e-01 7.618758806716710574e-02
-1.858861676390720641e-01 1.165064233762506396e-01
-6.354239000204490173e-01 -3.335569673608405061e-01
-5.306567117563977254e-01 -3.233012154925915538e-01
-6.295101463585595081e-01 -3.824678274468283901e-01
-5.388456141385623566e-01 -1.891335149535972870e-01
3.732756755903205437e-01 5.969017084944380769e-02
1.886469764571979957e-01 8.114005471598832731e-02
2.960008238191760288e-01 2.001267362791285254e-01
2.033629320028893239e-01 7.238619918267370779e-02
3.483664406385260648e-01 1.777369005120353618e-01
3.318846059534308890e-01 1.052670131787530466e-01
3.587391182164494929e-01 1.505287062682544863e-01
3.507992668105858192e-01 4.354709852004606113e-02
6.678896668315155438e-02 -6.193969984852320393e-02
2.693402286860219763e-01 -8.969746833988910539e-02
4.001951213179980038e-01 -1.067230528467743855e-01
3.285558203725407189e-01 3.711038516778282781e-01
4.086254570003224340e-01 7.545758765904714283e-02
3.643028837307322187e-01 2.925371222375848235e-01
3.331073610682239172e-01 2.300120904655187370e-01
3.983566550141542373e-01 1.673895708908773039e-01
-2.701518278792027772e-01 -1.619553795324374934e-01
-4.137187724289525526e-01 -2.221994997756899515e-01
-3.681058960407873060e-01 -2.455247148131491086e-01
-1.709524624260862491e-01 1.187377672461772254e-01
-7.352350000276879072e-02 9.993169634170076532e-02
-3.195481019759360830e-02 3.929214430027083010e-02
2.123726156363151818e-01 5.859177564765406798e-02
-1.277275686727247506e-01 4.806108489448796678e-02
-1.081551893985634172e-01 6.602615050742470515e-02
-1.245319523734116085e-01 -9.512097245694659670e-03
-4.786008763435815189e-02 7.022857342111435419e-02
-1.752730372255893176e-01 1.011303271550025862e-01
-1.708493988670869435e-01 -7.237045313327462870e-02
-3.599993752419798909e-01 -2.628759822670295176e-01
-2.965989917509219698e-01 1.431714731720292941e-02
-3.102700419296193779e-01 -3.289950565392203430e-01
-4.552775880976182576e-01 -1.918154838312272903e-01
3.363690869625981517e-01 1.495750314749656196e-01
2.457795615569224601e-01 1.773915736229322122e-03
2.835151486702871537e-01 2.017233699524275531e-02
3.356783883810718905e-01 6.036319458664009957e-02
2.417276415264384137e-01 2.542495411257099727e-02
1.536350336436854980e-01 8.537651486265840362e-02
1.600915988743858709e-01 1.535278627835234555e-01
2.700029473388040890e-01 2.744635811819153698e-02
1.269719312467866013e-01 3.256349475750195538e-02
1.647130781522310964e-03 -1.434490580541444016e-01
2.261358198345619352e-01 -4.124491449031851553e-02
-2.725288309914740068e-02 -1.499051777125281482e-01
3.812817983328069538e-01 9.127767652393237174e-02
3.371628919477917541e-01 1.534643976693862155e-01
-1.158874887225332800e-01 -4.924994109440653661e-02
-5.351311664865494172e-02 1.218802364081428974e-01
1.706114499590523637e-01 1.402880107550697475e-01
-1.210619443935421757e-01 1.013113890433814668e-01
-1.248615108913229549e-01 6.823112776890231067e-03
-4.215156138736563807e-01 -1.160712580818313439e-01
-3.841990902837131294e-01 -1.908982071917445789e-01
-4.990754497321772676e-01 -1.799904779702953261e-01
-4.424972776040639322e-01 -1.301512507278475839e-01
-5.504029376708524657e-01 -1.882741846332526281e-01
-5.093993847139769438e-01 -1.709748465017124908e-01
-3.555675164323019444e-01 -9.801598222696288054e-02
-5.178671791624011034e-01 -2.222290836869062203e-01
3.997018225592495755e-01 5.703771556265056081e-02
3.921368871688811208e-01 1.123596790803921275e-01
3.740661420619858513e-01 5.085001352800545826e-02
2.542926878922481260e-01 6.042108140982273973e-02
-2.690118496892137182e-02 2.422184166990864196e-01
-5.074388524424213731e-01 -2.172360108917047866e-02
8.384932834817786229e-02 4.476017692248377422e-01
-3.691852347805639756e-01 2.537746678356686547e-01
3.653479811620430340e-01 1.156572770501149670e-02
3.467813639915218737e-01 8.387975098239955352e-02
3.378118000972876178e-01 2.593589688726632980e-01
3.707465271194806955e-01 8.276923311596179333e-02
1.938553461041857828e-01 7.724920828348842694e-02
6.770759745350656000e-02 -2.019467557082588738e-01
3.973909318468391710e-02 -1.420939916503074496e-01
2.465090237752522728e-01 -4.007308054632387900e-02
3.487979566596658976e-01 7.030778733367336331e-02
3.498307662132406626e-01 2.518895063886569807e-01
3.500396764327405319e-01 1.102503351671861170e-01
3.715024003085613535e-01 1.560387781243049721e-01
1.871065441891257841e-01 9.735973623734323068e-02
1.639508465521835046e-01 1.714623603316971501e-01
1.133172396299639284e-01 2.487688090837021915e-01
-1.268350298828428702e-01 1.224644418824236553e-01
3.283889936383609376e-01 1.081432820576414683e-01
2.182942200972353697e-01 5.957224574106128462e-02
2.450296308068803941e-01 1.658419871287050984e-01
2.695969401657967723e-01 4.279465337255157487e-02
3.185899425732816592e-01 8.576791853752273320e-02
3.429289503465213773e-01 2.096465828349938498e-01
1.905060215916602739e-01 -3.295156628372390012e-02
3.283005730616085360e-01 2.577643836322597304e-01
3.161665533714011489e-01 3.763566474835079445e-01
2.715603522314040119e-01 4.450855535503760452e-01
2.255846829224817662e-01 -7.275852532351338720e-02
1.001228077077154777e-01 3.515507027666479045e-01
4.149370364207207174e-01 5.411004570256898460e-02
3.216525040748304809e-01 2.054866938982212177e-01
4.071383020526864738e-01 1.212004568589534897e-01
3.207183972246173409e-02 -2.300408598907408009e-01
4.422097257615553167e-01 -7.779898265285349612e-02
2.612638318454696407e-01 5.342514396164615986e-02
2.987307863542688624e-01 1.568421235984473749e-01
2.417007776679201692e-01 8.046185084613943772e-02
1.974691721973100833e-01 1.039903643729275240e-01
2.114118671668981653e-01 6.388893992013976696e-03
4.386684435425135947e-02 -1.412512667975515945e-01
2.934747259289305910e-01 -3.293088951136698139e-02
4.131189259299317129e-01 1.934222919124238271e-01
3.886123534427168291e-01 1.606532378173934350e-01
4.180043077317303624e-01 1.593979982228870274e-01
3.324324978838000266e-01 1.997996952317501462e-01
3.400307947825161325e-01 2.682118659624742052e-01
3.573899374967367537e-01 1.924620483779674596e-01
3.694905636847251595e-01 1.359505519877225177e-01
3.552308305657440046e-01 8.973228071731402522e-02
3.568562876972120046e-01 1.447288463852366147e-01
2.673147880849575664e-01 3.059853265635259500e-01
3.455135333357201022e-01 5.064145887905229654e-02
3.366848431297328470e-01 5.608107771389856527e-02
2.895339359300957427e-01 1.440672290202972272e-01
2.502708094641742376e-01 9.781094319603304485e-03
2.274123356563066134e-01 1.985883177661874610e-01
1.078390998037397075e-01 2.859415201456881883e-01
9.023411915828895291e-02 -8.435074670717418455e-02
3.020409662923071240e-02 -1.507719594741438462e-01
4.880368882182145596e-02 -1.327057726352171840e-01
-1.323142996313442510e-01 -1.987947326441903348e-02
-4.952138358633734749e-01 8.877795916804442911e-02
-5.122451514470231781e-02 7.491171460241728697e-02
-1.192565608125759624e-01 7.274600739383396686e-02
2.079782752208577112e-01 2.369175298762916937e-01
2.157033625537146948e-01 1.966453479961659256e-01
2.495660404180574110e-01 1.708552883140927459e-01
2.555288176334709616e-01 1.027831485087440794e-01
2.349587726937061027e-01 9.077774024131421426e-02
1.631971951882289773e-01 1.594372010435790021e-01
1.806537727774154833e-01 9.515002702508489063e-02
3.538348019685770285e-01 9.637267818337968972e-02
3.377804076734344796e-01 2.161492909438418319e-01
3.508531787440795080e-01 1.955380626981582382e-01
3.668990607654746272e-01 8.416245420506671127e-02
3.267049154201048800e-01 1.756533406934545349e-01
3.081207643346403069e-01 3.211449376469221323e-02
3.357395300020073470e-01 6.009168268326987167e-02
3.060518514506478382e-01 1.570375232416751643e-01
3.865664402994021254e-01 1.006229799500543698e-01
3.771157856321681323e-01 1.267966687697474615e-01
3.673866527357714240e-01 1.445416975678874838e-01
-2.150539515469069782e-02 -6.466864913393226624e-03
-1.397373206825341940e-01 9.690286388576116461e-02
2.131445082286879122e-01 1.091219024796352341e-02
-7.142203422328610718e-02 -7.478178067702218046e-02
2.265304084773784032e-01 -1.634058710381449189e-02
2.936244907273595217e-01 -2.890207721501116683e-02
1.479791087720457032e-01 1.395125921923301149e-01
2.044831533181455663e-01 6.974100794593757202e-02
2.691380721172634272e-01 4.711314752211943624e-01
3.174226550429112281e-01 -8.197934556781834303e-02
2.201391310731751483e-01 2.010820399181593165e-01
1.982613777728335358e-01 2.311975471431883256e-01
