7.624500000000000000e+04
7.457127441813358746e+04
7.291992725853969750e+04
7.129095852121833013e+04
6.968436820616947080e+04
6.810015631339313404e+04
6.653832284288933442e+04
6.499886779465802829e+04
6.348179116869925929e+04
6.198709296501299832e+04
6.051477318359927449e+04
5.906483182445805141e+04
5.763726888758936548e+04
5.623208437299318757e+04
5.484927828066953953e+04
5.348885061061839951e+04
5.215080136283977481e+04
5.083513053733369452e+04
4.954183813410011498e+04
4.827092415313906531e+04
4.702238859445053095e+04
4.579623145803451189e+04
4.459245274389101542e+04
4.341105245202004153e+04
4.225203058242159022e+04
4.111538713509565423e+04
4.000112211004223354e+04
3.890923550726133544e+04
3.783972732675296720e+04
3.679259756851709972e+04
3.576784623255376937e+04
3.476547331886295433e+04
3.378547882744466187e+04
3.282786275829887745e+04
3.189262511142562289e+04
3.097976588682488364e+04
3.008928508449667061e+04
2.922118270444097288e+04
2.837545874665779411e+04
2.755211321114713792e+04
2.675114609790899704e+04
2.597255740694338601e+04
2.521634713825028302e+04
2.448251529182970626e+04
2.377106186768164480e+04
2.308198686580611320e+04
2.241529028620308964e+04
2.177097212887259593e+04
2.114903239381461390e+04
2.054947108102915809e+04
1.997228819051622122e+04
1.941748372227579966e+04
1.888505767630789705e+04
1.837501005261251703e+04
1.788734085118965595e+04
1.742205007203931746e+04
1.697913771516150155e+04
1.655860378055619731e+04
1.616044826822342475e+04
1.578467117816315840e+04
1.543127251037541464e+04
1.510025226486019892e+04
1.479161044161749487e+04
1.450534704064731704e+04
1.424146206194965634e+04
1.399995550552451277e+04
1.378082737137189361e+04
1.358407765949179156e+04
1.340970636988421029e+04
1.325771350254914432e+04
1.312809905748660822e+04
1.302086303469658378e+04
1.293600543417908011e+04
1.287352625593409721e+04
1.283342549996163507e+04
1.281570316626169188e+04
1.282035925483427127e+04
1.284739376567936779e+04
1.289680669879698689e+04
1.296859805418712313e+04
1.306276783184978012e+04
1.317931603178495425e+04
1.331824265399265096e+04
1.347954769847287025e+04
1.366323116522560485e+04
1.386929305425086204e+04
1.409773336554863818e+04
1.434855209911893326e+04
1.462174925496175092e+04
1.491732483307708208e+04
1.523527883346493763e+04
1.557561125612531032e+04
1.593832210105820741e+04
1.632341136826362526e+04
1.673087905774156025e+04
1.716072516949201599e+04
1.761294970351498705e+04
1.808755265981048433e+04
1.858453403837850055e+04
1.910389383921903209e+04
1.964563206233207893e+04
2.020974870771765563e+04
2.079624377537575492e+04
2.140511726530637316e+04
2.203636917750950670e+04
2.268999951198514464e+04
2.336600826873332335e+04
2.406439544775401373e+04
2.478516104904723397e+04
2.552830507261297316e+04
2.629382751845122766e+04
2.708172838656198292e+04
2.789200767694528258e+04
2.872466538960110120e+04
2.957970152452943148e+04
3.045711608173028799e+04
3.135690906120364525e+04
3.227908046294954329e+04
3.322363028696795664e+04
3.419055853325889620e+04
3.517986520182234381e+04
3.619155029265830672e+04
3.722561380576679221e+04
3.828205574114781484e+04
3.936087609880134551e+04
4.046207487872739875e+04
4.158565208092594548e+04
4.273160770539705118e+04
4.389994175214066490e+04
4.509065422115679394e+04
4.630374511244545283e+04
4.753921442600659793e+04
4.879706216184028744e+04
5.007728831994650682e+04
5.137989290032524877e+04
5.270487590297649876e+04
5.405223732790024951e+04
5.542197717509653739e+04
5.681409544456535514e+04
5.822859213630670274e+04
5.966546725032054383e+04
6.112472078660689294e+04
6.260635274516578647e+04
6.411036312599720259e+04
6.563675192910112673e+04
6.718551915447758802e+04
6.875666480212651368e+04
7.035018887204802013e+04
7.196609136424203462e+04
7.360437227870855713e+04
7.526503161544761679e+04
7.694806937445919903e+04
7.865348555574324564e+04
8.038128015929985850e+04
8.213145318512900849e+04
8.390400463323063741e+04
8.569893450360481802e+04
8.751624279625149211e+04
8.935592951117068878e+04
9.121799464836243715e+04
9.310243820782667899e+04
9.500926018956344342e+04
9.693846059357271588e+04
9.889003941985452548e+04
1.008639966684088431e+05
1.028603323392357124e+05
1.048790464323350752e+05
1.069201389477069315e+05
1.089836098853513249e+05
1.110694592452682846e+05
1.131776870274577377e+05
1.153082932319197134e+05
1.174612778586541390e+05
1.196366409076611453e+05
1.218343823789407033e+05
1.240545022724927403e+05
1.262970005883173289e+05
1.285618773264143674e+05
1.308491324867839721e+05
1.331587660694261140e+05
1.354907780743407493e+05
1.378451685015279218e+05
1.402219373509876023e+05
1.426210846227197908e+05
1.450426103167245456e+05
1.474865144330017793e+05
1.499527969715515210e+05
1.524414579323737707e+05
1.549524973154685867e+05
1.574859151208359399e+05
1.600417113484758011e+05
1.626198859983881412e+05
1.652204390705730184e+05
1.678433705650304328e+05
1.704886804817603552e+05
1.731563688207627856e+05
1.758464355820377823e+05
1.785588807655852579e+05
1.812937043714051833e+05
1.840509063994977623e+05
