1.588789827934867782e-01 1.340596427615355912e-01
1.743345823729879340e-01 3.444239703737138614e-01
6.487303007222522400e-02 1.384761970363033168e-01
2.852963763481697335e-01 2.626921688026535584e-01
8.879767744496196435e-01 8.189366039138233910e-01
7.737431919965631621e-02 3.894009473343437167e-01
4.344643751767093276e-01 5.091588867842078425e-02
8.709550484760607558e-01 8.083208951703206857e-01
6.199478403765799062e-01 1.223001803643709584e-01
5.627174078860911477e-01 8.234510053938753904e-01
7.836913965603291565e-01 6.731221641038220849e-02
4.997210622619834286e-01 6.944043630847658299e-01
8.022729221923986520e-01 4.475587307160805439e-01
6.512803387207188877e-01 9.566355388753078337e-02
5.477990690994601897e-01 1.778121412046756999e-01
1.806945629518185159e-01 2.220066785615532057e-01
8.211232368841395735e-01 7.841272090234887582e-01
7.935261802455889635e-01 9.422199474465525748e-01
6.595644316143191022e-01 9.792477123443382725e-01
7.023357455873939781e-01 5.049545183316169750e-01
7.086511483827077074e-01 8.713355043903440178e-01
5.530880341370979503e-01 4.097041216808451347e-01
3.716889040621997875e-01 3.499058716825180770e-01
1.982233491037000972e-01 5.148000070412240836e-01
1.639112734226755297e-02 4.707480304645987879e-01
3.897718490595947216e-01 6.619234213321117943e-01
3.138069300690294883e-01 6.606808897479324871e-01
5.326494426528773918e-01 5.480141398043536505e-01
6.715920902156505834e-01 3.347815488020924324e-01
8.739050505838663607e-01 3.793288594737130870e-01
5.163136700931331147e-01 2.599381150818075303e-01
8.336985444302793535e-01 2.520162728018906506e-01
9.510215726989856844e-02 3.018369794532833605e-01
2.576656723853937292e-01 8.243988247495936950e-02
2.560404822220734289e-01 5.073239210632715102e-01
5.314292734950490926e-01 2.222952249412626369e-01
1.857555083993810419e-01 9.664873046731684569e-01
4.177079750410587211e-01 8.640953482205924185e-01
7.659130995086687044e-01 6.828681005217224209e-01
2.875161523642842942e-01 9.287801412113351196e-01
8.352926160495537378e-01 2.014637089941566650e-01
4.501926715608643992e-01 4.031207531541162181e-01
5.480609837202816692e-01 8.539141935961003238e-01
5.560474244332253013e-01 2.145917712349754147e-01
5.245420340699612494e-01 7.657540597637544355e-01
5.855935830179000989e-01 7.030015795677854173e-01
9.474553306916464468e-01 9.159867492920377163e-01
1.749340221434999565e-01 7.475573776923561953e-01
6.768472582710338692e-02 3.432796092170354862e-01
3.118419282485918043e-01 2.487225524350202832e-01
5.010878670124599976e-01 1.367640129077335454e-01
3.456733206796586133e-01 3.699673738488146180e-01
9.043813967369855877e-01 7.842782645776567030e-01
2.941479953530856672e-02 7.986591151283389811e-01
4.759427780452921697e-01 5.244000881892751931e-01
8.447502981037673386e-01 4.604695972612445898e-01
6.105149965736424988e-01 6.841928446274144759e-01
2.566649586408338291e-01 9.571935408512124432e-01
2.502518921513084971e-01 9.175811647154057393e-01
6.976037967360956271e-01 7.871498960831263547e-01
4.543030421464879787e-01 4.448868224151902862e-01
6.172500421788187364e-01 8.225558060580970832e-01
3.370313246665296303e-01 2.962368452116437290e-01
2.092279879334218995e-01 5.540552229543623808e-01
6.895424574668251871e-02 5.604631955295662493e-01
8.382612240441800200e-02 7.447466406200832223e-01
7.194127508111716196e-01 5.248267710000401598e-01
9.418458538466156771e-01 9.599904027564054587e-02
8.661326815847133487e-01 3.802776551004631855e-01
9.712142875976920164e-01 7.201038934189334384e-01
7.327198230991044392e-01 4.664144025217864531e-01
4.830438199799594878e-01 8.601821830884086584e-01
6.053199915273104192e-01 2.319469221859353780e-01
4.799841506118105450e-01 5.911236724126873732e-01
6.474629139365404296e-01 5.173026753650934451e-01
8.737090568019081349e-01 6.307072299030135332e-01
9.217820048881590900e-01 4.386409881208832573e-01
9.069827344155084736e-01 1.642372834645997592e-01
8.262841650820561545e-01 8.542630983465364647e-01
2.805129424418471018e-01 1.725244785076281984e-01
4.978656548427652373e-01 7.493620512951348900e-02
8.587993087767180622e-01 4.821924326050485154e-01
9.040890545633627484e-01 7.096986589969703774e-01
1.570737038864472579e-01 1.887046804053115201e-01
6.244024789255675500e-02 6.392507449905716621e-01
2.584771759490611664e-02 7.042807263297337084e-01
9.978420070661478958e-01 5.626460755429290028e-01
8.921047601539010552e-01 8.357033791729282513e-01
6.589005322727237157e-01 1.580451894374300670e-01
2.319124586513735542e-01 3.343622775388334079e-01
9.979513508434285640e-01 9.726422672556499505e-01
6.794083154810734992e-01 7.563334922263833526e-01
6.909273237787180166e-01 7.777796091518732746e-01
5.090159136951196706e-01 4.925127019926497374e-01
1.785970544610500088e-01 6.486722354282212777e-01
3.809553215212034827e-01 9.889192170791494263e-01
7.712994961737791311e-01 3.546188266207940254e-01
5.869728633920522354e-01 7.345483825112589793e-01
2.451938581374433213e-01 7.402489997296332058e-01
1.818689361402475724e-01 9.890102669655389533e-01
2.198759767941748100e-01 6.309727164482968886e-01
4.843857738244116140e-01 2.346646656327282532e-01
6.515756960362205641e-01 6.746940056708965461e-01
6.147169923846997897e-01 7.571493623590075384e-02
4.487170468276117097e-01 6.741658405273284194e-01
1.137823524722489932e-01 7.215856295391629427e-01
7.421664284629096997e-01 9.183677263196421414e-01
1.261750557364323955e-01 6.612501377564772298e-01
7.903623573631002319e-02 3.918479838945526650e-01
6.552237468853017166e-02 8.341059350300265018e-01
7.784392743961335848e-01 9.916965089610957351e-01
4.544435602094452076e-01 8.727583923224123685e-01
4.501134123278262011e-01 5.248733987728069206e-01
3.440458001596806703e-01 9.425338816127082353e-01
9.162234198473678815e-01 1.671442130360930589e-01
8.095902195070449059e-01 3.147270208247233692e-01
2.763155285813800877e-02 3.785261877771768368e-01
3.986046552490416506e-01 5.842217446281815496e-01
7.756857471336623400e-01 2.725321534217706176e-01
9.041919728583127647e-01 7.189666779058593304e-01
2.072529242629257418e-01 6.610813069587029300e-02
6.596700807605702099e-01 2.055672633905581970e-01
9.567406602969766860e-01 5.164461269614576411e-01
1.150932770873842603e-01 4.208105677144482470e-01
2.514126472611099006e-01 5.472204719932052264e-01
3.409444114661572822e-01 7.947028343956747953e-01
4.005556071384018813e-01 5.964554041538556728e-01
9.164407384976820392e-01 6.930797481590226239e-01
4.930782626732799212e-02 7.236804322167564862e-01
2.435640831442675847e-02 9.743331271494425350e-01
5.392902173533209442e-02 5.218414352912696952e-01
6.955116281156249469e-01 3.348379198402282597e-01
4.680843446898417248e-01 4.156494253610891754e-01
9.494105961730503473e-02 9.642783016965498222e-01
2.167631256999372757e-01 4.975533458553580424e-01
1.569164129885888270e-01 6.548278189318191833e-01
4.230013329277139134e-01 4.866908485491489023e-01
3.146874319917635221e-01 6.799492046678681234e-01
9.351165781194394899e-01 8.604479685226652519e-01
5.981071947704889036e-01 8.554915565882453832e-01
8.667932380990495123e-02 1.638734859844150904e-01
2.815651022179274099e-01 1.769009172639068872e-02
4.519791146989416974e-01 8.222265259081300570e-01
4.724759396440308956e-01 9.768095496948455692e-01
2.931674855440825622e-01 3.400343199890059065e-01
9.597523483562472313e-01 5.511923572267042326e-01
2.521450434658604189e-01 1.126173883352381555e-01
2.737130123023193695e-01 9.333002770018502536e-01
4.701451747338842857e-01 2.531721387988475902e-01
9.685260974485857544e-01 2.463710474331742839e-01
3.161583356825823365e-01 3.584145136720638947e-01
1.104520909090722647e-02 5.082684058622850554e-01
9.252117947193848613e-01 7.499032225928962125e-01
9.303899954592524946e-01 4.290884578419191797e-01
4.519477897809935918e-01 1.810669448704341766e-01
7.769195224440155201e-01 1.269532252993567090e-01
7.262827685403016043e-01 6.244465011301322255e-01
5.940119703675320606e-01 9.765732226811080219e-01
2.152129427296262110e-01 4.205513086342059781e-01
9.767235399531301043e-01 4.419623908849176219e-01
7.663123391405438634e-01 4.552062558665110892e-01
9.326652188872951443e-01 6.998356281610312868e-01
3.424484532775713408e-01 9.606283363241696627e-01
2.910666973921894884e-01 9.399695446813027822e-02
8.665456016089294611e-01 2.372968350297480766e-01
1.752124102416067197e-01 7.549391251465584762e-01
4.767808898541084917e-01 4.429797444874380430e-01
9.064159418182826666e-02 4.685485869123603431e-01
7.736038745016620144e-01 9.987081395293202490e-01
4.456701688536300887e-01 8.162096785660867271e-01
8.912661607079138681e-01 1.995501260402791077e-01
3.794179019607835102e-01 7.570373748272082315e-01
9.128709767926738161e-01 2.190258487058253101e-01
5.060432796840538261e-01 2.725820672288497004e-01
6.124989771509103953e-02 5.556839767498867877e-01
2.877115105975922571e-01 2.590047256295524569e-02
5.474784649485671117e-01 9.379408001940569006e-01
1.862316358228259805e-01 7.260199644260367791e-01
6.925726422486788714e-03 6.773262383459175417e-01
2.718485165657980041e-01 9.804053465901733100e-01
2.338445176318241225e-01 9.417464784273430478e-01
2.866480937762697634e-01 3.393278398857449973e-01
3.476643656759088596e-01 7.857980399554627127e-01
5.265600876373542905e-01 8.229263523674038572e-01
6.651906888552908681e-01 1.440031575941089770e-01
4.069919682939152628e-01 8.547728087590616974e-01
1.739996045473414243e-01 3.274826842050164721e-01
8.362878246586261666e-01 9.030941444362720061e-01
4.895351455562643173e-01 4.344816127657180616e-02
3.376366594155257861e-01 3.540828587686111195e-01
6.343304041948438776e-01 8.416499437344794332e-01
4.017922338153911976e-01 5.815301502275491696e-01
6.201216839567339489e-01 7.328435769190591031e-01
5.505445592938481569e-01 5.547480977795374857e-01
3.951676284743582679e-01 4.476375307490930711e-01
5.178181733308718782e-01 2.056585112944457894e-01
1.739829657843228183e-02 3.445612458746326601e-01
1.812283097930479370e-01 4.216134395315884742e-02
8.283916140456559773e-01 9.001985070991203042e-02
8.667521774089776976e-01 3.721604729751426532e-02
4.600958397286560864e-01 9.168906821862273793e-01
8.707709760051415282e-01 2.895495434033196203e-01
9.218607657746257233e-01 1.237299329384744517e-01
3.948224413578230729e-01 7.813137403144631010e-01
1.967244383183957002e-01 7.110730405657763598e-01
5.126432611750436630e-01 4.344133336784746779e-01
8.122690246118747792e-01 6.841632990544477266e-01
2.495019893907041153e-01 6.806266474194022642e-01
7.877973926483006206e-02 6.197962065641560159e-01
8.130903706976053691e-01 6.363536570714275475e-01
5.652117739675973640e-01 6.650215162735385599e-01
5.806082264412906202e-01 7.837281561405234909e-01
6.205998078787082761e-01 6.519883454621533403e-01
6.400579612174657207e-01 9.900493341110966350e-01
1.316806120282180137e-01 2.457762618233343410e-01
1.595739649254344084e-01 3.182900352574402625e-02
3.176588426001371035e-01 6.195022138381092169e-01
9.439890828696456682e-01 5.606055911230268807e-01
5.239192612353056333e-01 1.514617420122741365e-01
3.941418417300081023e-01 5.080266809160118857e-01
9.687548427456464939e-01 7.936406991647669829e-01
1.006594505662702366e-01 1.635873915827603664e-01
5.407935797488251373e-01 3.210337570913509575e-01
6.324760599550749429e-01 5.818473393159403484e-01
4.292622398185196309e-01 8.022249447437597158e-01
6.075523356506732364e-01 4.308918857752489506e-01
9.978472144657214438e-01 7.976651565065155935e-01
9.198046335865743828e-01 7.594000526208539714e-01
9.983139657078903273e-01 1.682377000432179193e-01
7.112316770098248142e-02 7.603461533110191795e-01
3.495196547874412918e-01 5.274091029823967380e-01
9.307841517070042370e-01 3.264793371528134092e-01
5.530359881696274016e-01 7.980781433260669688e-01
4.953044532075256967e-01 4.256745521309823754e-01
1.865095159570258065e-01 4.826889765439157376e-02
7.320236855600305015e-01 6.233583753263700622e-01
9.825954247468700054e-01 7.940354183810652833e-01
6.956218094511692485e-01 5.116871005348069268e-01
9.172172773928943812e-01 7.629075666960553059e-01
6.812837963362801119e-01 7.613997654810383819e-01
6.326474004029022380e-01 8.149636289737859363e-01
6.074524368273929165e-01 7.783216764483218419e-01
9.236060134818835365e-01 9.783375489671277681e-01
7.818846207989449404e-03 6.784557451780950377e-01
4.544485070413364358e-01 4.137158317583780054e-01
9.809121946579669737e-01 3.996555669740072814e-01
1.124814699676260910e-01 5.622126753796746756e-01
3.251976874883212298e-01 7.334001976623346630e-01
1.746196387030010122e-01 8.271182833662529266e-01
6.527947140871024345e-01 6.532460180179688880e-01
6.993427185626417408e-01 7.180559710137830454e-01
7.397363627387043561e-01 6.914310066735236404e-01
7.220165608338482421e-01 7.391920082422654970e-01
6.409642554721317609e-01 9.123040838939878716e-01
7.176974044524884189e-01 1.956068623568887332e-01
6.406159867218595982e-01 3.473718399054179784e-01
5.938557705435288936e-01 8.091457130093312466e-01
2.917326842402853115e-01 7.723029596708791411e-01
8.936314872022951272e-01 4.380058576401668624e-01
2.288921949313347248e-01 5.877737273377342531e-01
6.587570701287001063e-01 8.149596686108611099e-01
4.524547759232606658e-01 5.308406770559901400e-01
9.197578359068276921e-01 8.051869705332515004e-01
7.131703490856045047e-01 1.303356300349627350e-01
9.337929201160362069e-01 7.969189577516667677e-01
8.453487537367182503e-01 6.724794285538057137e-01
9.621400716369569173e-01 3.718656656765620960e-01
5.939945998809562644e-01 5.282977431644986233e-02
8.515224946283747043e-01 3.301824498684288178e-01
3.030015267816306146e-01 7.076735939793812324e-01
6.211017846185382663e-01 5.793946678896465530e-01
7.728860352826402158e-01 4.807269505690511258e-01
6.276298230137669076e-01 5.104782229641519065e-01
5.474961641860074391e-01 5.819580170316257517e-01
2.842672206438716653e-01 5.302793913435162043e-01
1.702324612003540683e-01 5.834895425308824768e-01
8.904540150310921165e-01 5.898218447979335366e-01
9.599665066122565760e-01 2.922245344644762710e-01
6.150225729512084349e-01 9.910198825393337074e-01
9.432218393921074640e-01 2.216752105150232577e-01
8.361363191974249265e-01 4.392049506058707253e-01
4.505560080634501974e-01 4.354930927276862151e-01
7.434700511113734311e-02 3.554389903848677035e-01
7.209895374867155704e-01 7.338888379505810189e-01
9.136980825696328079e-02 4.038288568865571193e-01
5.148213212196370847e-01 2.937461428278378417e-01
5.515294333145845940e-01 7.822299563036562153e-01
5.857473880214336681e-01 1.829810022848722406e-01
8.192909685319400559e-01 2.076045275710991511e-01
4.546390150704531230e-01 4.717126719356674602e-01
1.926029898016953235e-01 6.336962274262930572e-01
2.066420224572412812e-01 3.188250305050154276e-01
7.674750108766891232e-01 9.824573405068536269e-01
8.455590381148569978e-01 2.900936348744531657e-01
1.215834984058103974e-01 3.490970240047436279e-01
6.533100905946527259e-01 9.216720952304413572e-03
4.303964270442220963e-01 8.757954770029952041e-01
1.700367430163799431e-01 5.965634006007380918e-01
3.344137240671065658e-01 1.401431827756912663e-01
1.390756819873071315e-01 8.794656750807507972e-01
8.778180200687821788e-01 6.309099704611993431e-01
4.451126639211437919e-01 8.096080132769263304e-01
7.383025827572604616e-01 9.416156503938384326e-01
8.885327370165697625e-01 4.314484538097201893e-01
5.054571386204143035e-02 6.461248999796104231e-01
7.429783209398045374e-01 7.357385727851467605e-01
1.450434726052929335e-02 7.019815846088515165e-01
9.459267077958808390e-01 8.773016723807047779e-01
5.523591118953985468e-01 2.520836831116376464e-01
6.863565745825190856e-01 1.794050104360956910e-01
6.536499291278070611e-01 4.194336189781701085e-01
6.593671546920385484e-01 4.930435476087953184e-01
8.303768879249671109e-01 1.064432856311576803e-01
4.314676788201987634e-02 5.206774558483334703e-01
3.313621973359098805e-01 9.809579888513925150e-01
2.081986093817465022e-01 5.464944186158969819e-01
9.426277215638246831e-01 2.762012649918548224e-01
7.574517068075455883e-01 9.822296898542358656e-01
7.254194812675397452e-01 8.044487931878629983e-02
1.545010047252850516e-01 1.456809964999087326e-01
1.657697274369781537e-01 1.712803204753713393e-01
4.363365893439226095e-01 1.403747025535001525e-01
9.990725511652115420e-01 2.571931529554153384e-01
1.694435102581683950e-01 9.317817795310086026e-01
6.003039373241164656e-01 1.036966556847681575e-01
4.933974695726117687e-01 9.354981542405490513e-01
7.674591507188472939e-01 6.868156262194436978e-01
3.168666613215689321e-01 2.768414233323043261e-01
4.083751507032836736e-01 8.873873618278076414e-01
5.695251367875064918e-02 4.470190597850234315e-01
2.186570012383813877e-01 8.928656839213845453e-01
8.862150604574046131e-01 3.872596717917446973e-01
1.261224826871104598e-01 6.855029322360767230e-01
4.466882886534729868e-01 5.243649574999547092e-01
2.946657748980269220e-01 9.759683595204025064e-01
4.801471841497521043e-01 1.994531383549238424e-01
6.153120086792834842e-01 1.891104395316356435e-02
3.912339246232758860e-01 5.866744234321785711e-02
9.835220994060336341e-01 9.593849109570186107e-01
7.601577927504141741e-01 9.717749638023517322e-01
1.072039363955102909e-01 1.895132711514804225e-01
4.486442441464890685e-01 1.571522736823340871e-01
5.040751248799789641e-01 5.886782943170335569e-01
3.364317029875480980e-01 5.826694166142709630e-01
4.659373018864800819e-01 9.495245298883677743e-01
3.291850776079519036e-02 3.091576840809684423e-02
3.027497155683771535e-01 7.917024033857382737e-01
8.072967080000660323e-01 5.258331696162164004e-01
7.050103988785564324e-01 6.733377593404268335e-01
3.567964624205394175e-01 4.185257599075603574e-01
3.547485172770084016e-01 6.901930576301463782e-01
5.802997459545097270e-01 4.805000706075646111e-02
7.950165451431697727e-01 8.179809038660466047e-01
5.726126644814067967e-01 4.455717490288004790e-01
8.064950003800087641e-01 6.967446869293905110e-01
7.059174885848187309e-01 9.125934605268806177e-01
5.796895438256480793e-01 6.052385333729082273e-02
4.684005759123799351e-01 9.911046128292879676e-01
8.262512937771807620e-01 5.061964452346321419e-01
5.886667242047084470e-01 4.530052341732780929e-01
5.160629482812990609e-01 8.606488427616086900e-01
3.563672167272079472e-01 9.299655894350392638e-01
9.270306832667167818e-01 3.619100471873573088e-01
5.737301869208130123e-01 3.534430394172394241e-02
4.963180224657218753e-01 6.455487327977006418e-01
3.800616435814907490e-02 8.047754866526279915e-01
4.964838884639726224e-01 9.584206360617407716e-01
8.955469463641025918e-01 2.552876312902652156e-01
9.596806381752647219e-01 2.437161242708204556e-01
4.223550376046659727e-01 6.202589684319673724e-01
9.935955005384372596e-01 7.677729325992077580e-01
1.797237945797643954e-01 2.693663789392409802e-01
5.810512716097264718e-01 5.437662355580403784e-01
7.394568214362848835e-01 5.935268669433240163e-01
5.738368272502493150e-01 8.921358770206115896e-01
2.680800471465170087e-01 3.297291761499598906e-01
8.067064543986637304e-01 9.426296596262747629e-01
1.171424097629036876e-01 8.183910505847808992e-01
1.178362604081013565e-01 3.479202058298948019e-01
5.639545255844571336e-01 4.744493049399292062e-01
4.026176194688318999e-01 6.689873307863047902e-01
4.552074610227463403e-01 9.384500157387267727e-01
2.752591289729888757e-01 1.626850033634672510e-01
6.044718970991629359e-01 8.101851026515257681e-01
1.585028020653168612e-01 6.747555626527715900e-01
1.618981855094081546e-02 5.789001533494841922e-01
9.745261788647998635e-01 8.116860903240101788e-01
7.760232570278872144e-01 3.395667734634278956e-01
2.896574010368426766e-01 4.748466150915208184e-01
2.134727998018574047e-01 8.683717762972020804e-02
5.114859951247255898e-01 8.188514460202488410e-01
