7.624300000000000000e+04
7.399232450097321998e+04
7.190509386069109314e+04
6.998130807915363403e+04
6.822096715636085719e+04
6.662407109231274808e+04
6.519061988700930669e+04
6.392061354045053304e+04
6.281405205263644166e+04
6.187093542356700345e+04
6.109126365324225480e+04
6.047503674166215933e+04
6.002225468882675341e+04
5.973291749473600794e+04
5.960702515938993020e+04
5.964457768278852745e+04
5.984557506493179244e+04
6.021001730581973243e+04
6.073790440545234014e+04
6.142923636382962286e+04
6.228401318095155875e+04
6.330223485681817692e+04
6.448390139142947010e+04
6.582901278478543099e+04
6.733756903688603779e+04
6.900957014773135597e+04
7.084501611732132733e+04
7.284390694565598096e+04
7.500624263273527322e+04
7.733202317855926231e+04
7.982124858312793367e+04
8.247391884644125821e+04
8.529003396849923593e+04
8.826959394930189592e+04
9.141259878884922364e+04
9.471904848714124819e+04
9.818894304417794046e+04
1.018222824599592714e+05
1.056190667344852845e+05
1.095792958677559945e+05
1.137029698597713432e+05
1.179900887105313595e+05
1.224406524200360727e+05
1.270546609882854391e+05
1.318321144152795023e+05
1.367730127010182186e+05
1.418773558455015591e+05
1.471451438487296109e+05
1.525763767107023159e+05
1.581710544314197323e+05
1.639291770108818018e+05
1.698507444490885246e+05
1.759357567460399296e+05
1.821842139017359877e+05
1.885961159161767864e+05
1.951714627893622092e+05
2.019102545212922560e+05
2.088124911119670141e+05
2.158781725613864255e+05
2.231072988695505774e+05
2.304998700364593824e+05
2.380558860621127242e+05
2.457753469465108647e+05
2.536582526896536001e+05
2.617046032915410469e+05
2.699143987521732342e+05
2.782876390715499874e+05
2.868243242496714811e+05
2.955244542865376570e+05
3.043880291821483988e+05
3.134150489365038811e+05
3.226055135496040457e+05
3.319594230214488925e+05
3.414767773520382470e+05
3.511575765413724585e+05
3.610018205894513521e+05
3.710095094962747535e+05
3.811806432618429535e+05
3.915152218861558358e+05
4.020132453692132840e+05
4.126747137110155309e+05
4.234996269115622272e+05
4.344879849708538386e+05
4.456397878888901323e+05
4.569550356656709337e+05
4.684337283011964173e+05
4.800758657954665832e+05
4.918814481484814896e+05
5.038504753602411947e+05
5.159829474307454075e+05
5.282788643599943025e+05
5.407382261479877634e+05
5.533610327947259648e+05
5.661472843002091395e+05
5.790969806644364726e+05
5.922101218874085462e+05
6.054867079691254767e+05
6.189267389095872641e+05
6.325302147087934427e+05
6.462971353667442454e+05
6.602275008834397886e+05
6.743213112588801887e+05
6.885785664930652129e+05
7.029992665859948611e+05
7.175834115376692498e+05
7.323310013480877969e+05
7.472420360172513174e+05
7.623165155451598112e+05
7.775544399318129290e+05
7.929558091772105545e+05
8.085206232813529205e+05
8.242488822442396777e+05
8.401405860658714082e+05
8.561957347462476464e+05
8.724143282853686251e+05
8.887963666832345771e+05
9.053418499398444546e+05
9.220507780551995384e+05
9.389231510292992461e+05
9.559589688621436944e+05
9.731582315537326504e+05
9.905209391040661139e+05
1.008047091513144434e+06
1.025736688780967612e+06
1.043589730907535297e+06
1.061606217892847955e+06
1.079786149736904306e+06
1.098129526439706096e+06
1.116636348001252860e+06
1.135306614421543665e+06
1.154140325700579677e+06
1.173137481838359730e+06
1.192298082834884757e+06
1.211622128690154292e+06
1.231109619404169032e+06
1.250760554976928281e+06
1.270574935408431571e+06
1.290552760698680300e+06
1.310694030847673304e+06
1.330998745855411282e+06
1.351466905721893534e+06
1.372098510447120061e+06
1.392893560031092027e+06
1.413852054473808734e+06
1.434973993775269482e+06
1.456259377935475670e+06
1.477708206954425434e+06
1.499320480832120869e+06
1.521096199568560580e+06
1.543035363163745264e+06
1.565137971617674455e+06
1.587404024930348154e+06
1.609833523101766594e+06
1.632426466131929541e+06
1.655182854020837462e+06
1.678102686768489890e+06
1.701185964374887291e+06
1.724432686840028968e+06
1.747842854163915385e+06
1.771416466346546542e+06
1.795153523387922905e+06
1.819054025288043311e+06
1.843117972046907526e+06
1.867345363664517878e+06
1.891736200140872505e+06
1.916290481475971639e+06
1.941008207669815980e+06
1.965889378722403897e+06
1.990933994633737253e+06
2.016142055403815117e+06
2.041513561032637721e+06
2.067048511520204833e+06
2.092746906866516219e+06
2.118608747071573045e+06
2.144634032135374378e+06
2.170822762057920452e+06
2.197174936839210335e+06
2.223690556479245890e+06
2.250369620978025254e+06
2.277212130335550290e+06
2.304218084551820066e+06
2.331387483626834117e+06
2.358720327560591977e+06
2.386216616353094578e+06
2.413876350004343782e+06
2.441699528514335398e+06
2.469686151883073151e+06
2.497836220110554714e+06
2.526149733196781017e+06
2.554626691141752526e+06
2.583267093945469242e+06
2.612070941607929766e+06
2.641038234129133634e+06
2.670168971509084571e+06
2.699463153747779317e+06
2.728920780845218338e+06
2.758541852801402565e+06
2.788326369616331533e+06
2.818274331290004775e+06
2.848385737822421826e+06
