1.071027832463374185e+00 1.494822815428273222e+00
9.697796979565528330e-01 1.462463462499862477e+00
9.699469879593392019e-01 1.438866565408615461e+00
8.993510387411318696e-01 1.462122602249028347e+00
1.262946913555494044e+00 1.599792545495748453e+00
1.376541769444631802e+00 1.605501540138113414e+00
1.333309751905339402e+00 1.596224102443597470e+00
1.412835593471607476e+00 1.598101105475598693e+00
1.180804625917993178e+00 1.538191331148614172e+00
1.110600023802336578e+00 1.527274286199633346e+00
9.906874812253975149e-01 1.507208532954834146e+00
1.020604888365358009e+00 1.594532813278992212e+00
1.455967919728619053e+00 1.498158591977261089e+00
6.457122991659174360e-01 6.328969911001719462e-01
6.990593814670482686e-01 1.044511726852468403e+00
7.113312068694963575e-01 1.038413959334343550e+00
6.692543029364366181e-01 1.039631194294071692e+00
5.975448925179754900e-01 6.091929916828555669e-01
4.953630462367279441e-01 6.077398312557690252e-01
6.309762125457176740e-01 6.465681564476707388e-01
6.073115301700584556e-01 6.406247649142934319e-01
6.719628635729703037e-01 6.056975106479964843e-01
7.070864723954786157e-01 6.228473157712663966e-01
6.755321340564338639e-01 1.042450650944862334e+00
1.320918322537822709e+00 1.486710575081120922e+00
1.219196345334820686e+00 1.420635269013011515e+00
1.255655172680632203e+00 1.429782604086385467e+00
1.221501233800294184e+00 1.430367114691115216e+00
5.975448925179754900e-01 6.091929916828555669e-01
6.600377682153197867e-01 6.609164156973059701e-01
6.361883786294516563e-01 6.288246787144499139e-01
7.276982869475835392e-01 1.079681515835495542e+00
7.535395157325880389e-01 1.107511652165235949e+00
7.588350398652660145e-01 1.136334386013740261e+00
7.035163519187932479e-01 1.151639211811290808e+00
7.420376596707034533e-01 1.111806358762841285e+00
1.061487512777825604e+00 1.529998983565317827e+00
1.143343818215470487e+00 1.597569364677106973e+00
1.029321077488090985e+00 1.534392854912276283e+00
9.768445477168566926e-01 1.498374043224541596e+00
1.133827874457278728e+00 1.606725588635248281e+00
1.117929344452460949e+00 1.622496557841133447e+00
1.128649523771802610e+00 1.644687879460704272e+00
7.972081409188352952e-01 1.117401058444972506e+00
6.206853015183603217e-01 6.742793742838241178e-01
7.532677710410770056e-01 1.136164221484403214e+00
6.946044658848541387e-01 1.146148745761290444e+00
6.033638045903437774e-01 6.519515344390992562e-01
6.191785134409786284e-01 6.317821875456681724e-01
5.677605547704943634e-01 5.761465166442001351e-01
5.343912304633906540e-01 6.109276096904898701e-01
5.389108959463511095e-01 5.546933389564835393e-01
5.496384069605732003e-01 5.448460819148719381e-01
5.397046699021961214e-01 5.974721113903087577e-01
5.978350454665057878e-01 5.749004640114643294e-01
6.558215082456990697e-01 6.225429626472346323e-01
5.961243191488779791e-01 6.043479930257664723e-01
5.618125157531592695e-01 6.074397215517985948e-01
7.120491822081050914e-01 6.449613292945021170e-01
6.385767750838472478e-01 6.357098734479067481e-01
1.059393710532339661e+00 1.534850561890479748e+00
1.152969842161678526e+00 1.588334931222283863e+00
9.826695152789516330e-01 1.497947090421551053e+00
1.023045137134660498e+00 1.535864763046840276e+00
9.551669892550118668e-01 1.460043345509991264e+00
1.314527091763120659e+00 1.600478114534401142e+00
1.026469358907758256e+00 1.556288120462684610e+00
1.051362968811928145e+00 1.545637988804235752e+00
1.229094760891881633e+00 1.566108578093516002e+00
6.041250659215067209e-01 4.460209392597778710e-01
9.622427717813707426e-01 1.469788272552825736e+00
8.862230884013311272e-01 1.507595139276713070e+00
9.500253475530662239e-01 1.488476222697170170e+00
9.916190800381566861e-01 1.490280089964088006e+00
7.082126723762488529e-01 6.631121848905555671e-01
6.028097596057783170e-01 6.602092374061280244e-01
6.594776225751950438e-01 6.680574909515707427e-01
5.552415461331174917e-01 6.164622644060878676e-01
6.260516403361970905e-01 6.516618768914156368e-01
6.465910607202339788e-01 5.985231944078358568e-01
6.507252556824408840e-01 6.516985126634458059e-01
5.670785346792319714e-01 6.211322273500823332e-01
6.268362584226691014e-01 5.936022024942763098e-01
1.125984840222989058e+00 1.500754046321048474e+00
9.551669892550118668e-01 1.460043345509991264e+00
9.891215695864089552e-01 1.535694645653852053e+00
9.228520057722180425e-01 1.484010750321652194e+00
9.800390359814706853e-01 1.477901889396064705e+00
1.264508919176085433e+00 1.635383682358008350e+00
1.033365856318803955e+00 1.630314999866844694e+00
1.038919291212121454e+00 1.546113738019858408e+00
9.935463541894239414e-01 1.498884536812553181e+00
1.355090175685494280e+00 1.611107182399982740e+00
1.410054399273063197e+00 1.630685770479965102e+00
1.116712691528985779e+00 1.505207734616650361e+00
7.779455383831236359e-01 1.077100438609037258e+00
7.958841138663494963e-01 1.115838264029713311e+00
7.601677419678084524e-01 1.082867053341206365e+00
7.267305179065135512e-01 1.123989665917107361e+00
7.038535540775193722e-01 1.046473243378788442e+00
4.987398757887163137e-01 6.129854931098909221e-01
1.044521673543365115e+00 1.656746342940822458e+00
1.105809513307001613e+00 1.635431028888137517e+00
1.094792963920862450e+00 1.561247684650479695e+00
1.129462708921752823e+00 1.526656466071411478e+00
7.510303695382017919e-01 1.077899064956992836e+00
6.564764937089559993e-01 5.902732038146687454e-01
6.279920368234146455e-01 6.704189968199498750e-01
6.570153893366310616e-01 6.188858327371198342e-01
5.779842293968905365e-01 4.407485577489324569e-01
6.595135655411388242e-01 6.300713476445091166e-01
7.023506165997888129e-01 9.589762187381267733e-01
6.177300213449768984e-01 6.108995198775007962e-01
9.860936094160137610e-01 1.542710774308701849e+00
1.378540582007554471e+00 1.517654208919623882e+00
4.650266087317468378e-01 5.778870633850006211e-01
5.690593017071678972e-01 6.460309974730338300e-01
6.070622960940512680e-01 6.622131418748175014e-01
7.244689724405080078e-01 6.515848069692182776e-01
9.709715546193679048e-01 1.459701794837847011e+00
7.005606560334192157e-01 6.489601385219888607e-01
7.557203198701288871e-01 9.668609414415564318e-01
1.135116267962528624e+00 1.474346043903977721e+00
7.045567592237331755e-01 1.057913997555809615e+00
7.615850850262912974e-01 1.079582908013404285e+00
7.798533001977580037e-01 1.126843164285263876e+00
5.506265310019238246e-01 5.745591219897484558e-01
6.032347874867890480e-01 6.611638468166995963e-01
5.652065140228880180e-01 5.460440387562129905e-01
6.020909573176153051e-01 6.933026645941235966e-01
7.655188079017384295e-01 1.160057815895988664e+00
8.393571118036896594e-01 1.137368536844622913e+00
7.620970660019064091e-01 1.113823154547186611e+00
9.266288402779715438e-01 1.490407952908755052e+00
1.010874183144386373e+00 1.571533042172642336e+00
9.722971410782363932e-01 1.521981063047738392e+00
9.389443018231095062e-01 1.514152267987258549e+00
9.929727603207304520e-01 1.477004352051747960e+00
6.005977078810145198e-01 6.108936854170328168e-01
5.006390281871204717e-01 5.988947362413945541e-01
5.452451100150523811e-01 6.363151489899480096e-01
4.516609939473493762e-01 5.868542355236017194e-01
5.248513076534730981e-01 5.919456951407682244e-01
5.297892421886682968e-01 6.192346422960958163e-01
5.444993498254916409e-01 6.112899683687241792e-01
5.449808688620425556e-01 6.626129875229007649e-01
6.583541144098776776e-01 6.470917385341619088e-01
6.377839749787568291e-01 6.279006497312996649e-01
5.065284204336920615e-01 5.983185041053221687e-01
7.194342402112465784e-01 1.105545224717611408e+00
7.851405264448910737e-01 1.135482935868411536e+00
7.023045905151997781e-01 1.147718933074858727e+00
6.898870255603194446e-01 1.137281363836900372e+00
1.113360658237657619e+00 1.620012563649026793e+00
9.887240887134947087e-01 1.562755975334187974e+00
9.851389328652415678e-01 1.518365489779742283e+00
9.897064271810424030e-01 1.579153314179941647e+00
8.458090818049955883e-01 1.105665344970779618e+00
8.064377650914722473e-01 1.151485610822911232e+00
8.503628000831147116e-01 1.138007424569460913e+00
7.451391033614398474e-01 1.124405092196922640e+00
7.887944079551542087e-01 1.080932911990283518e+00
7.684494794242174853e-01 1.420671377201844887e+00
8.781081885413369870e-01 1.447086551617941641e+00
5.565971435952195012e-01 6.210029568104409314e-01
6.364253075784424007e-01 6.889959810524919348e-01
7.611663245771941311e-01 1.080553223678436758e+00
6.357711922305890884e-01 6.826909243283691975e-01
6.396586151954307686e-01 6.911442067966099279e-01
5.362279545578979567e-01 6.189710960228107517e-01
6.838686585361748449e-01 6.367273050612869412e-01
6.622204274952881997e-01 1.027369731913222006e+00
5.053520714588614071e-01 6.157569917820491234e-01
7.189380724287869340e-01 1.110478819040054965e+00
6.373530456570166702e-01 6.593162749399947842e-01
6.294624179897456706e-01 6.816615758785948831e-01
6.422729662180001187e-01 6.842146404822293526e-01
7.165369135206224316e-01 6.459023676544619619e-01
4.809012634201896286e-01 6.075223199451590395e-01
6.016493346237626882e-01 6.422600795785626815e-01
6.149838440281318874e-01 6.326524889668494467e-01
6.509836049791604129e-01 6.850242299505990839e-01
5.977035872139968564e-01 6.113431194951487457e-01
5.871700013542586749e-01 6.212137374217001629e-01
9.131023101712898438e-01 1.506185054649414212e+00
9.738165875464616095e-01 1.505390171879391392e+00
8.393443518037123630e-01 1.508967171761437909e+00
1.012760007706174470e+00 1.545062275688110498e+00
7.353471662905789463e-01 1.100020167814981908e+00
7.673112879939855135e-01 1.137584830609333464e+00
6.594945802662506296e-01 1.066445138818148841e+00
7.314943262420698922e-01 1.097068741298189654e+00
5.290123105235587930e-01 5.883469895715703890e-01
5.739849005476790333e-01 6.026008782074978587e-01
5.081845710226159385e-01 6.144218318628140718e-01
4.794850136383123629e-01 6.081898999047765653e-01
7.544561522181701951e-01 1.115865209357897569e+00
7.258246485108214019e-01 1.149657717326596051e+00
8.053933725135427046e-01 1.140814046928228853e+00
7.804303039988932378e-01 1.127587004145074401e+00
4.951956485693461141e-01 6.263190362507892184e-01
5.410995090470176461e-01 5.937222172861048586e-01
5.627775401985407600e-01 6.171384023073156477e-01
5.391504755655804892e-01 7.220471197501007188e-01
6.804529502838212451e-01 6.964653474710224001e-01
9.847021726697778865e-01 1.485395095324917758e+00
6.887761941811630928e-01 6.723123734846544464e-01
7.145300393609812506e-01 9.828968008269253209e-01
7.711231974892623908e-01 1.038306915020621224e+00
1.127630978520594907e+00 1.520444665591508038e+00
9.728008448376733730e-01 1.547371302908271185e+00
9.026971985208881444e-01 1.477938217675111465e+00
1.001991454238871926e+00 1.466246117337900889e+00
5.642921245843838252e-01 6.062049052392513016e-01
5.776212306924158879e-01 6.373001531590797297e-01
5.068467587640161920e-01 5.808895561062165092e-01
6.688542482618651253e-01 6.334755943729823979e-01
5.397165648839840069e-01 5.916985922109969653e-01
9.402240380729264269e-01 1.477301959158717093e+00
8.173039415977669808e-01 1.444191848437105685e+00
9.619291109703045350e-01 1.504201835832585932e+00
8.875907032877561331e-01 1.510327655914634359e+00
8.122524148570781088e-01 1.130148928691374399e+00
7.798573475456496151e-01 1.104276511039923525e+00
7.551326114051734040e-01 1.114297776360537506e+00
7.927254262877916346e-01 1.130485144868179637e+00
1.168950472755303727e+00 1.574810898882019083e+00
1.077819199306255360e+00 1.523503610997655855e+00
1.227970608743359726e+00 1.560871270317896187e+00
1.018923667632772867e+00 1.547000200558065863e+00
5.568415532208209617e-01 6.094448690352044506e-01
6.534933691597968330e-01 7.091128916467339671e-01
5.847266786261253735e-01 6.133323263537048264e-01
6.437878890897307249e-01 6.970050934895749561e-01
5.194432616415839421e-01 6.238831496303252067e-01
5.967387864720580248e-01 6.041510531928405703e-01
5.307946909211055386e-01 6.159963901914575768e-01
5.431234685337500423e-01 6.307751055089131365e-01
6.425003046858704936e-01 9.849392380973567285e-01
6.854983991851861802e-01 6.524927180449419106e-01
6.624986455268108143e-01 4.682935270852582876e-01
5.070125071628976965e-01 6.010247095939863504e-01
5.047531705112998646e-01 6.181756480800625342e-01
4.839220113215553787e-01 5.949586558660893143e-01
5.611825181779949157e-01 5.890121112555005700e-01
4.979380331340426680e-01 6.051355080370656170e-01
7.901227770876420031e-01 1.415682578777756051e+00
9.444820185061971740e-01 1.484527377679152327e+00
9.233447218812401713e-01 1.457243004228793826e+00
8.088877348826207792e-01 1.097132535288225519e+00
7.289388720688351198e-01 1.052906351782617822e+00
6.542455380066248827e-01 1.069180148165787436e+00
6.345679535083180722e-01 6.985063663986246230e-01
7.544938309434361390e-01 1.102707742850434380e+00
7.218027843347798456e-01 1.109069019454278937e+00
7.657281553457200296e-01 1.108261105601373586e+00
6.636094901085048958e-01 1.071009093516029909e+00
8.164409169687504297e-01 1.092442166103822387e+00
8.522606924285591745e-01 1.125724935706309271e+00
9.647944022644697748e-01 1.438667851165260414e+00
1.010586464269705775e+00 1.042534118986575109e+00
9.124422302881628477e-01 1.440680805295226019e+00
9.404500093433887375e-01 1.506940162837693720e+00
5.324237713006304551e-01 6.277668677511070161e-01
6.494641478341609542e-01 6.773156558299846530e-01
6.591869374013669125e-01 6.337949258299563349e-01
5.415053514422613068e-01 6.449616413851624319e-01
6.594112019261458846e-01 6.699513910779365533e-01
7.478791209993991274e-01 6.862395045044834552e-01
6.584018410157091994e-01 7.113451981436023086e-01
6.586371410301057328e-01 6.402969308975214879e-01
6.870613750226934879e-01 8.105788198137339196e-01
7.675028874047472582e-01 9.950669354892619500e-01
7.437000782843810054e-01 6.404709271939543758e-01
8.274219976596587367e-01 9.889861551476296642e-01
5.200668734434650275e-01 6.110686774658311560e-01
5.344842679272727715e-01 6.256064944606702927e-01
8.112355067427953204e-01 1.086421656461684648e+00
6.874302242157243059e-01 1.055024220798490564e+00
6.560006011834852435e-01 6.985110904778537577e-01
7.341936033304494735e-01 1.106498401517856056e+00
7.950748805312707335e-01 1.087055031955142637e+00
9.123482489532666051e-01 1.476606674660865925e+00
8.800256232031545833e-01 1.479240086780066576e+00
9.612470577642380221e-01 1.543192422142174447e+00
9.463349994698995182e-01 1.485483253805757409e+00
1.050871008451871536e+00 1.536343168379223689e+00
9.923662572122707859e-01 1.537465003975883926e+00
8.525920149460589625e-01 1.423632466800701879e+00
1.024145207634127752e+00 1.536821790730498849e+00
5.094144276520551351e-01 6.122253187772268568e-01
4.936849162914960787e-01 6.130284241654890831e-01
5.666019092052912987e-01 6.065524301390899931e-01
5.739299774625461481e-01 6.863309775766136545e-01
6.545947850436506510e-01 9.343331960303277173e-01
9.606238774611340903e-01 1.528619664765336950e+00
6.739619291506013798e-01 6.965639528673640557e-01
7.895924650054763072e-01 1.403926731133394279e+00
5.006486323837928687e-01 6.586176978615267963e-01
5.263354957876197338e-01 6.435368552209810300e-01
5.478787918199605755e-01 5.884913551683128574e-01
5.053730297936861460e-01 6.281253847134613544e-01
6.651129699809582574e-01 7.010014321898411227e-01
7.157267880780645575e-01 9.961026263589530805e-01
7.350044886530857635e-01 9.932585119918727612e-01
6.291301831035535086e-01 7.111847490734632959e-01
5.447445584493962878e-01 6.274155394961679066e-01
5.245032337112583987e-01 5.992677417714895594e-01
5.287534423246801341e-01 6.289435962193228313e-01
5.092625706155411436e-01 6.083016099778806307e-01
6.719365201524388764e-01 6.982606497240811949e-01
6.679748462832687528e-01 6.916776574700943536e-01
7.124525010725923924e-01 6.984856628036599790e-01
7.304922981188487485e-01 1.103470113790794738e+00
5.672641395101410966e-01 6.192769668623331336e-01
6.395994891593802523e-01 6.871244130002058803e-01
5.890409993088568941e-01 6.661116526596806420e-01
6.357073907258633527e-01 6.490106082651567743e-01
5.533113489747857328e-01 6.464789368172263462e-01
5.275749942000204085e-01 6.050801202388444988e-01
7.135336971931172112e-01 7.056990252354391480e-01
5.449796810185183471e-01 5.952089251569987471e-01
5.066237725028276406e-01 6.071535163288467318e-01
5.268956825808124300e-01 6.124618337717346872e-01
5.612150182094076678e-01 8.328661157282379879e-01
6.158450231605547831e-01 7.328063752804883091e-01
4.922815007190149417e-01 6.161211805175780265e-01
5.483007126730232716e-01 6.172574574841296347e-01
4.882613463053408487e-01 6.105656785745398052e-01
7.815636116734742123e-01 9.884464595339258475e-01
6.011105625980177614e-01 4.550842846461000124e-01
6.192878332287695686e-01 6.626205787157475324e-01
5.629448708499875664e-01 6.394658577993559412e-01
6.224632661102418307e-01 6.791465907793158285e-01
6.438111904933534468e-01 7.043787724195157418e-01
6.584611291768540653e-01 7.110273234517366925e-01
7.065385885902870644e-01 1.004343950531814134e+00
5.861905681526927703e-01 6.900016646618064575e-01
4.850253764287790759e-01 5.870136387618478668e-01
5.092187794656064526e-01 5.989968393954963055e-01
4.849121740188681029e-01 5.922261051861024139e-01
5.480452004883282768e-01 6.126214440800884509e-01
5.521608467844363322e-01 5.837974102547348609e-01
5.099828117840466968e-01 6.125152110230847047e-01
5.237726981503949553e-01 6.100674349895079951e-01
4.914651145164387058e-01 6.584918233427342615e-01
5.176712743044791232e-01 6.258892685089937347e-01
5.706113798391458936e-01 6.208524586174243298e-01
5.338627273539169327e-01 6.454221360018899123e-01
5.427464691969633437e-01 6.465217392275963704e-01
5.732332963945718785e-01 6.421420291193269403e-01
6.645034046749230816e-01 6.523088166322003056e-01
5.926928813034763044e-01 6.691558433705619979e-01
6.524997609486485883e-01 7.159329851565564562e-01
6.042794880664269508e-01 1.005760858896447507e+00
7.239628375625104528e-01 1.002782565745314214e+00
7.365766107968997334e-01 9.649990072780896266e-01
7.880125655285921127e-01 1.103656786932741829e+00
8.952736652180218746e-01 1.533743271757050053e+00
6.836437179551231313e-01 1.063262352813610923e+00
6.746333737902018290e-01 1.130975731929768413e+00
6.695711740191605532e-01 6.284900894515810243e-01
6.542812442220486968e-01 6.377782773766897950e-01
6.536757693791551693e-01 6.234970388318612500e-01
6.083379464057527830e-01 6.532786422808877225e-01
6.255845834775352055e-01 6.797562392293965416e-01
6.913441633730187386e-01 6.925014113226524159e-01
6.627891354315139649e-01 6.968799528528356602e-01
5.562060668245992767e-01 6.224044264724966080e-01
5.536416996621660314e-01 5.983662625395604895e-01
5.469158797940056882e-01 5.982665606375132672e-01
4.915317257541262363e-01 6.531094132732834234e-01
5.540848766872806808e-01 6.173003552789120274e-01
6.197294102066950305e-01 6.388632606358928268e-01
5.443237806900319553e-01 6.454809609352739619e-01
5.546199999502543498e-01 6.408539911704743686e-01
5.055720787441445596e-01 6.166937826543773538e-01
5.154858272172857525e-01 6.120207229370545621e-01
5.216007058595250045e-01 6.109220131351955629e-01
7.613218477764689407e-01 1.004937883559900103e+00
7.320366597234901906e-01 1.138845819600126097e+00
6.610048109370699754e-01 7.077473551631857651e-01
8.014882736365158689e-01 1.066015132702573087e+00
6.565810744448277170e-01 6.976387753643021883e-01
5.880900030681437407e-01 6.882144897040746168e-01
6.745047613186544444e-01 7.132219993462803886e-01
6.257808522509111793e-01 7.052826659362824158e-01
5.720208569268681043e-01 5.937277061439534265e-01
5.706784317897297676e-01 6.919626341481486254e-01
6.206755962327014098e-01 6.591899998287348295e-01
6.419859669259055934e-01 6.554174486678283618e-01
