7.624400000000000000e+04
7.620619581324969477e+04
7.616840574649427435e+04
7.613062979973375332e+04
7.609286797296807345e+04
7.605512026619730750e+04
7.601738667942141183e+04
7.597966721264040098e+04
7.594196186585426040e+04
7.590427063906300464e+04
7.586659353226661915e+04
7.582893054546513304e+04
7.579128167865850264e+04
7.575364693184677162e+04
7.571602630502992542e+04
7.567841979820794950e+04
7.564082741138084384e+04
7.560324914454865211e+04
7.556568499771131610e+04
7.552813497086885036e+04
7.549059906402128399e+04
7.545307727716858790e+04
7.541556961031077662e+04
7.537807606344786473e+04
7.534059663657980855e+04
7.530313132970663719e+04
7.526568014282833610e+04
7.522824307594493439e+04
7.519082012905640295e+04
7.515341130216275633e+04
7.511601659526397998e+04
7.507863600836008845e+04
7.504126954145108175e+04
7.500391719453695987e+04
7.496657896761770826e+04
7.492925486069335602e+04
7.489194487376385950e+04
7.485464900682924781e+04
7.481736725988953549e+04
7.478009963294469344e+04
7.474284612599472166e+04
7.470560673903962015e+04
7.466838147207944712e+04
7.463117032511411526e+04
7.459397329814365366e+04
7.455679039116809145e+04
7.451962160418742860e+04
7.448246693720162148e+04
7.444532639021069917e+04
7.440819996321466169e+04
7.437108765621350904e+04
7.433398946920719754e+04
7.429690540219581453e+04
7.425983545517930179e+04
7.422277962815765932e+04
7.418573792113090167e+04
7.414871033409902884e+04
7.411169686706201173e+04
7.407469752001990855e+04
7.403771229297266109e+04
7.400074118592031300e+04
7.396378419886283518e+04
7.392684133180022764e+04
7.388991258473251946e+04
7.385299795765968156e+04
7.381609745058172848e+04
7.377921106349866022e+04
7.374233879641046224e+04
7.370548064931714907e+04
7.366863662221870618e+04
7.363180671511516266e+04
7.359499092800648941e+04
7.355818926089270099e+04
7.352140171377378283e+04
7.348462828664974950e+04
7.344786897952060099e+04
7.341112379238633730e+04
7.337439272524694388e+04
7.333767577810243529e+04
7.330097295095279696e+04
7.326428424379805801e+04
7.322760965663817478e+04
7.319094918947317638e+04
7.315430284230307734e+04
7.311767061512784858e+04
7.308105250794750464e+04
7.304444852076204552e+04
7.300785865357145667e+04
7.297128290637575265e+04
7.293472127917493344e+04
7.289817377196898451e+04
7.286164038475790585e+04
7.282512111754172656e+04
7.278861597032041755e+04
7.275212494309399335e+04
7.271564803586246853e+04
7.267918524862579943e+04
7.264273658138400060e+04
7.260630203413710115e+04
7.256988160688508651e+04
7.253347529962794215e+04
7.249708311236569716e+04
7.246070504509827879e+04
7.242434109782580344e+04
7.238799127054816927e+04
7.235165556326541991e+04
7.231533397597756993e+04
7.227902650868460478e+04
7.224273316138649534e+04
7.220645393408325617e+04
7.217018882677494548e+04
7.213393783946149051e+04
7.209770097214290581e+04
7.206147822481919138e+04
7.202526959749039088e+04
7.198907509015644609e+04
7.195289470281740068e+04
7.191672843547322555e+04
7.188057628812392068e+04
7.184443826076950063e+04
7.180831435340996541e+04
7.177220456604531500e+04
7.173610889867554943e+04
7.170002735130066867e+04
7.166395992392062908e+04
7.162790661653551797e+04
7.159186742914526258e+04
7.155584236174989201e+04
7.151983141434939171e+04
7.148383458694377623e+04
7.144785187953304558e+04
7.141188329211719974e+04
7.137592882469623873e+04
7.133998847727013344e+04
7.130406224983892753e+04
7.126815014240260643e+04
7.123225215496115561e+04
7.119636828751457506e+04
7.116049854006290843e+04
7.112464291260609752e+04
7.108880140514415689e+04
7.105297401767711563e+04
7.101716075020495919e+04
7.098136160272765846e+04
7.094557657524525712e+04
7.090980566775774059e+04
7.087404888026509434e+04
7.083830621276733291e+04
7.080257766526442720e+04
7.076686323775643541e+04
7.073116293024331389e+04
7.069547674272507720e+04
7.065980467520171078e+04
7.062414672767324373e+04
7.058850290013963240e+04
7.055287319260090590e+04
7.051725760505706421e+04
7.048165613750809280e+04
7.044606878995402076e+04
7.041049556239481899e+04
7.037493645483050204e+04
7.033939146726105537e+04
7.030386059968650807e+04
7.026834385210683104e+04
7.023284122452203883e+04
7.019735271693211689e+04
7.016187832933707978e+04
7.012641806173692748e+04
7.009097191413164546e+04
7.005553988652124826e+04
7.002012197890573589e+04
6.998471819128509378e+04
6.994932852365935105e+04
6.991395297602846404e+04
6.987859154839247640e+04
6.984324424075135903e+04
6.980791105310512648e+04
6.977259198545376421e+04
6.973728703779730131e+04
6.970199621013570868e+04
6.966671950246898632e+04
6.963145691479716334e+04
6.959620844712022517e+04
6.956097409943814273e+04
6.952575387175095966e+04
6.949054776405864686e+04
6.945535577636121889e+04
6.942017790865867573e+04
6.938501416095098830e+04
6.934986453323821479e+04
6.931472902552029700e+04
6.927960763779727858e+04
6.924450037006913044e+04
6.920940722233585257e+04
6.917432819459747407e+04
6.913926328685395129e+04
6.910421249910532788e+04
6.906917583135157474e+04
6.903415328359272098e+04
6.899914485582875204e+04
