2.948752021789550781e+01 -7.109713554382324219e+00
2.615065383911132812e+01 -6.111358165740966797e+00
2.582550811767578125e+01 -5.358788013458251953e+00
2.549601745605468750e+01 -5.828386306762695312e+00
3.326134109497070312e+01 -8.267290115356445312e+00
3.383020019531250000e+01 -8.983704566955566406e+00
3.349143218994140625e+01 -8.911524772644042969e+00
3.404137420654296875e+01 -8.894251823425292969e+00
3.155652046203613281e+01 -8.476345062255859375e+00
3.001063728332519531e+01 -8.091987609863281250e+00
2.851541900634765625e+01 -7.820602893829345703e+00
2.963889884948730469e+01 -8.298530578613281250e+00
3.270430374145507812e+01 -9.513015747070312500e+00
-1.286642169952392578e+01 -2.083053827285766602e+00
8.595175743103027344e+00 1.837556076049804688e+01
8.534818649291992188e+00 1.851954841613769531e+01
8.211251258850097656e+00 1.759502410888671875e+01
-1.274857711791992188e+01 -5.560962200164794922e+00
-2.493846130371093750e+01 -8.874734878540039062e+00
-1.789503288269042969e+01 -1.639517694711685181e-01
-1.218814563751220703e+01 -2.188107728958129883e+00
-1.760809135437011719e+01 -2.189159393310546875e+00
-9.504913330078125000e+00 6.655101180076599121e-01
8.079137802124023438e+00 1.818942070007324219e+01
3.437931060791015625e+01 -4.715782165527343750e+00
3.399336624145507812e+01 -3.641482114791870117e+00
3.417185592651367188e+01 -4.032804012298583984e+00
3.363533401489257812e+01 -2.993159770965576172e+00
-1.274797248840332031e+01 -5.558818340301513672e+00
-1.408909606933593750e+01 -1.244847059249877930e+00
-1.193317413330078125e+01 -3.307158470153808594e+00
9.121759414672851562e+00 2.024279594421386719e+01
1.247270488739013672e+01 1.959866142272949219e+01
1.201946926116943359e+01 1.951508903503417969e+01
1.166280460357666016e+01 1.858065032958984375e+01
1.168461513519287109e+01 1.921090316772460938e+01
3.070938301086425781e+01 -5.866022109985351562e+00
3.283353424072265625e+01 -6.809257984161376953e+00
2.989035034179687500e+01 -4.423308849334716797e+00
2.815924072265625000e+01 -3.959116220474243164e+00
3.379876708984375000e+01 -6.417082786560058594e+00
3.326179885864257812e+01 -6.200247764587402344e+00
3.401581954956054688e+01 -6.253690242767333984e+00
1.050486755371093750e+01 2.081357383728027344e+01
-2.009483146667480469e+01 -3.493475615978240967e-01
1.166811656951904297e+01 1.988941192626953125e+01
1.095979309082031250e+01 1.979938316345214844e+01
-1.175807857513427734e+01 -4.069207191467285156e+00
-1.198004436492919922e+01 -4.296956062316894531e+00
-2.317228889465332031e+01 -7.518830299377441406e+00
-1.363864707946777344e+01 -9.080999374389648438e+00
-2.294939994812011719e+01 -9.524759292602539062e+00
-2.209491539001464844e+01 -1.026242160797119141e+01
-2.297552490234375000e+01 -9.073347091674804688e+00
-2.396137046813964844e+01 -7.637781143188476562e+00
-1.350706958770751953e+01 -2.663553476333618164e+00
-1.779354858398437500e+01 -5.665064334869384766e+00
-2.591452789306640625e+01 -7.303667068481445312e+00
-2.020265197753906250e+01 1.681539714336395264e-01
-1.626936531066894531e+01 -3.184488534927368164e+00
3.094065093994140625e+01 -5.714641571044921875e+00
3.265581893920898438e+01 -6.827091217041015625e+00
2.847668266296386719e+01 -3.494639873504638672e+00
2.981136131286621094e+01 -4.895429134368896484e+00
2.644758796691894531e+01 -5.463146209716796875e+00
3.391049575805664062e+01 -8.080230712890625000e+00
3.103290748596191406e+01 -4.064907550811767578e+00
3.118539428710937500e+01 -4.428146839141845703e+00
3.318345642089843750e+01 -7.226702213287353516e+00
-9.040183067321777344e+00 -5.521709442138671875e+00
2.711589431762695312e+01 -4.598976612091064453e+00
2.699090766906738281e+01 -2.444702386856079102e+00
2.811362838745117188e+01 -1.342981100082397461e+00
2.836666488647460938e+01 -3.216252803802490234e+00
-1.114865207672119141e+01 2.527101755142211914e+00
-1.891037559509277344e+01 -3.235907852649688721e-01
-1.940486717224121094e+01 1.979034781455993652e+00
-2.089282608032226562e+01 -6.932595729827880859e+00
-1.511384105682373047e+01 -1.416149973869323730e+00
-1.719817352294921875e+01 -3.017112731933593750e+00
-1.210449028015136719e+01 -8.578666448593139648e-01
-1.396619987487792969e+01 -6.786715984344482422e+00
-1.650483894348144531e+01 -4.891663551330566406e+00
3.101676750183105469e+01 -6.189613342285156250e+00
2.644758796691894531e+01 -5.463146209716796875e+00
2.889103317260742188e+01 -4.856354236602783203e+00
2.718354606628417969e+01 -2.320656299591064453e+00
2.713172149658203125e+01 -4.957786083221435547e+00
3.421681213378906250e+01 -7.506978034973144531e+00
3.270671844482421875e+01 -5.396595478057861328e+00
3.083190917968750000e+01 -4.746687412261962891e+00
2.890958404541015625e+01 -2.622849464416503906e+00
3.420972061157226562e+01 -8.279726982116699219e+00
3.452003479003906250e+01 -8.458002090454101562e+00
3.033453750610351562e+01 -7.413839340209960938e+00
1.093077945709228516e+01 1.866042137145996094e+01
1.289084339141845703e+01 1.702015304565429688e+01
1.024372768402099609e+01 1.876923751831054688e+01
1.095332813262939453e+01 1.764866065979003906e+01
8.914112091064453125e+00 1.807811546325683594e+01
-2.521067810058593750e+01 -8.546860694885253906e+00
3.291728973388671875e+01 -4.709358215332031250e+00
3.346087646484375000e+01 -5.853629589080810547e+00
3.210365676879882812e+01 -5.277932643890380859e+00
3.196246528625488281e+01 -5.949217796325683594e+00
9.616935729980468750e+00 1.940039825439453125e+01
-1.964278793334960938e+01 -2.257198095321655273e+00
-2.028733444213867188e+01 -3.176946341991424561e-01
-1.608119964599609375e+01 -2.296551704406738281e+00
-9.111737251281738281e+00 -5.691690444946289062e+00
-1.940635490417480469e+01 -1.228857517242431641e+00
6.410248756408691406e+00 1.962133407592773438e+01
-1.414409828186035156e+01 -3.905941724777221680e+00
2.919303894042968750e+01 -4.645065307617187500e+00
3.350732040405273438e+01 -9.069103240966796875e+00
-2.405217742919921875e+01 -9.357752799987792969e+00
-1.487054443359375000e+01 -6.976955413818359375e+00
-1.161407566070556641e+01 -9.383770823478698730e-01
-1.153132152557373047e+01 2.953568458557128906e+00
2.603135681152343750e+01 -6.117321014404296875e+00
-1.062912464141845703e+01 1.584902763366699219e+00
6.795910358428955078e+00 2.050814628601074219e+01
3.008397674560546875e+01 -7.521905422210693359e+00
9.546756744384765625e+00 1.756873512268066406e+01
1.006882095336914062e+01 1.879697990417480469e+01
1.263988971710205078e+01 1.798983192443847656e+01
-2.269614410400390625e+01 -8.369071960449218750e+00
-1.616426277160644531e+01 -8.524102568626403809e-01
-2.433993339538574219e+01 -8.148728370666503906e+00
-1.711477661132812500e+01 5.308642387390136719e-01
1.440118408203125000e+01 1.843225097656250000e+01
1.467905235290527344e+01 1.797721862792968750e+01
1.355101203918457031e+01 1.869108581542968750e+01
2.769899749755859375e+01 -2.480020046234130859e+00
3.124481964111328125e+01 -3.124127149581909180e+00
2.959067344665527344e+01 -2.817067384719848633e+00
2.897857093811035156e+01 -1.205742120742797852e+00
2.864552497863769531e+01 -1.815275669097900391e+00
-1.697096824645996094e+01 -5.164645671844482422e+00
-1.695941162109375000e+01 -1.016053676605224609e+01
-1.295945072174072266e+01 -7.042187690734863281e+00
-1.999115371704101562e+01 -1.113947105407714844e+01
-2.293190765380859375e+01 -8.534127235412597656e+00
-1.361255073547363281e+01 -8.676336288452148438e+00
-1.588969707489013672e+01 -7.801201820373535156e+00
-1.229229164123535156e+01 -7.286563396453857422e+00
-1.261296653747558594e+01 -9.950341582298278809e-01
-1.377886581420898438e+01 -2.328646659851074219e+00
-1.779551315307617188e+01 -9.955567359924316406e+00
1.146549129486083984e+01 1.843295097351074219e+01
1.310241889953613281e+01 1.947268676757812500e+01
1.323086261749267578e+01 1.494973754882812500e+01
1.257106494903564453e+01 1.512365436553955078e+01
3.315946578979492188e+01 -6.374490737915039062e+00
3.043074798583984375e+01 -3.462220668792724609e+00
2.972105979919433594e+01 -2.328927278518676758e+00
3.130856513977050781e+01 -3.579540967941284180e+00
1.513243961334228516e+01 1.629507446289062500e+01
1.499709606170654297e+01 1.741523361206054688e+01
1.502240180969238281e+01 1.719308090209960938e+01
1.437111282348632812e+01 1.642097091674804688e+01
1.048293018341064453e+01 1.999575614929199219e+01
2.430639839172363281e+01 -2.671797990798950195e+00
2.486023712158203125e+01 -4.880686759948730469e+00
-1.669373703002929688e+01 -7.047276020050048828e+00
-1.656676483154296875e+01 1.175209403038024902e+00
1.011927795410156250e+01 1.878637886047363281e+01
-1.880627059936523438e+01 7.281493544578552246e-01
-1.113244915008544922e+01 5.376666784286499023e-01
-1.811500167846679688e+01 -7.201010704040527344e+00
-1.688387489318847656e+01 -1.287108778953552246e+00
7.353182315826416016e+00 1.903044700622558594e+01
-1.396263790130615234e+01 -1.034191322326660156e+01
1.155794239044189453e+01 1.734376144409179688e+01
-1.257878017425537109e+01 -7.419738918542861938e-02
-1.663387870788574219e+01 2.873691558837890625e+00
-1.201932907104492188e+01 2.275343418121337891e+00
-1.027680110931396484e+01 1.611123323440551758e+00
-2.093693351745605469e+01 -1.038542938232421875e+01
-1.445942115783691406e+01 -2.023551702499389648e+00
-1.763259887695312500e+01 -4.224880695343017578e+00
-1.304033756256103516e+01 6.194319128990173340e-01
-1.954351806640625000e+01 -5.140064239501953125e+00
-1.423847770690917969e+01 -5.921704769134521484e+00
2.776028251647949219e+01 -2.979820251464843750e+00
2.861116409301757812e+01 -3.675247430801391602e+00
2.604749298095703125e+01 -2.504363536834716797e+00
3.005577468872070312e+01 -4.794231414794921875e+00
1.126229381561279297e+01 1.922519493103027344e+01
1.202115249633789062e+01 2.042684173583984375e+01
9.694675445556640625e+00 1.631091117858886719e+01
1.131638050079345703e+01 1.668416404724121094e+01
-2.547426223754882812e+01 -7.826526165008544922e+00
-2.524407577514648438e+01 -7.331422805786132812e+00
-1.424954223632812500e+01 -1.024121570587158203e+01
-2.081694412231445312e+01 -1.044144344329833984e+01
1.385294532775878906e+01 1.762017440795898438e+01
1.351982307434082031e+01 1.509813594818115234e+01
1.391070461273193359e+01 1.937531089782714844e+01
1.241290378570556641e+01 1.686639404296875000e+01
-1.291887283325195312e+01 -1.091651821136474609e+01
-1.948107910156250000e+01 -8.845451354980468750e+00
-1.748628807067871094e+01 -6.806667804718017578e+00
-9.663160324096679688e+00 -1.406634211540222168e+00
-1.263879299163818359e+01 3.052446842193603516e+00
2.769315147399902344e+01 -4.145557880401611328e+00
-2.015345954895019531e+01 2.888797521591186523e+00
7.347218513488769531e+00 1.952855873107910156e+01
8.841026306152343750e+00 2.206363677978515625e+01
3.172615623474121094e+01 -6.241351127624511719e+00
2.899997138977050781e+01 -5.396229267120361328e+00
2.624519538879394531e+01 -2.127165794372558594e+00
2.701782035827636719e+01 -3.853912115097045898e+00
-2.183483695983886719e+01 -7.567436218261718750e+00
-1.344708538055419922e+01 -6.600907802581787109e+00
-2.258223152160644531e+01 -9.480943679809570312e+00
-1.341771984100341797e+01 -2.081561326980590820e+00
-1.919602394104003906e+01 -9.197762489318847656e+00
2.690288352966308594e+01 -4.387925624847412109e+00
2.485903549194335938e+01 2.833953313529491425e-02
2.828361701965332031e+01 -3.130687952041625977e+00
2.754121017456054688e+01 -1.574310779571533203e+00
1.359562969207763672e+01 1.934662437438964844e+01
1.304615116119384766e+01 1.845848846435546875e+01
1.378898811340332031e+01 1.760248565673828125e+01
1.381691169738769531e+01 1.649729347229003906e+01
3.236898422241210938e+01 -7.439638137817382812e+00
3.083934020996093750e+01 -6.505456447601318359e+00
3.293486404418945312e+01 -7.385000228881835938e+00
3.022834396362304688e+01 -3.500140666961669922e+00
-1.331413173675537109e+01 -9.527129173278808594e+00
-1.504558563232421875e+01 1.944427251815795898e+00
-2.054252243041992188e+01 -5.856418132781982422e+00
-1.455347156524658203e+01 1.744292497634887695e+00
-1.957519531250000000e+01 -8.344713211059570312e+00
-1.589840316772460938e+01 -5.899458408355712891e+00
-1.841086006164550781e+01 -8.880805969238281250e+00
-1.273495769500732422e+01 -7.913850784301757812e+00
6.831564903259277344e+00 1.924526596069335938e+01
-1.004755306243896484e+01 1.119890809059143066e+00
-8.883769035339355469e+00 -5.095480442047119141e+00
-2.531867408752441406e+01 -8.246500015258789062e+00
-1.481422519683837891e+01 -1.089934539794921875e+01
-2.384220695495605469e+01 -8.987374305725097656e+00
-2.214173316955566406e+01 -7.607920646667480469e+00
-1.925162315368652344e+01 -1.052125167846679688e+01
2.441253089904785156e+01 -2.243614196777343750e+00
2.650475502014160156e+01 -3.962237596511840820e+00
2.580413818359375000e+01 -4.376519203186035156e+00
1.419107437133789062e+01 1.671677398681640625e+01
1.050109577178955078e+01 1.611660385131835938e+01
8.929021835327148438e+00 1.749689865112304688e+01
-1.408958148956298828e+01 1.383098602294921875e+00
1.297713756561279297e+01 1.789655303955078125e+01
1.163793182373046875e+01 1.710763740539550781e+01
1.237549304962158203e+01 1.924877357482910156e+01
9.491332054138183594e+00 1.696156311035156250e+01
1.439877319335937500e+01 1.715821647644042969e+01
1.274905872344970703e+01 2.080111694335937500e+01
2.565774154663085938e+01 -4.636945247650146484e+00
1.091029453277587891e+01 2.237744712829589844e+01
2.516108703613281250e+01 -5.512851715087890625e+00
2.767015266418457031e+01 -3.162453651428222656e+00
-1.835600090026855469e+01 -7.715970516204833984e+00
-1.174680233001708984e+01 1.375824064016342163e-01
-1.247490596771240234e+01 -2.364580631256103516e+00
-1.336115550994873047e+01 -7.522285461425781250e+00
-1.261437129974365234e+01 -6.198525801301002502e-02
-1.488299465179443359e+01 3.135144948959350586e+00
-1.713235855102539062e+01 2.182551622390747070e+00
-1.256960678100585938e+01 -1.555712223052978516e+00
-1.287526607513427734e+01 3.955956935882568359e+00
7.195095062255859375e+00 2.096616172790527344e+01
-1.139740276336669922e+01 3.008434057235717773e+00
8.276583671569824219e+00 2.172668838500976562e+01
-1.510227108001708984e+01 -9.820038795471191406e+00
-1.859994697570800781e+01 -7.777808189392089844e+00
1.175291824340820312e+01 2.046294403076171875e+01
9.959418296813964844e+00 1.607603454589843750e+01
-1.675296592712402344e+01 2.338356256484985352e+00
1.215338420867919922e+01 1.638920783996582031e+01
1.278918552398681641e+01 1.891010856628417969e+01
2.620638847351074219e+01 -1.808365225791931152e+00
2.584928321838378906e+01 -3.264099836349487305e+00
2.855937767028808594e+01 -4.835283279418945312e+00
2.657431602478027344e+01 -1.984086155891418457e+00
3.058105468750000000e+01 -3.240629434585571289e+00
2.927239608764648438e+01 -3.948221683502197266e+00
2.493970680236816406e+01 -2.308313369750976562e+00
2.927979087829589844e+01 -5.327417373657226562e+00
-1.385759258270263672e+01 -1.034402751922607422e+01
-1.628808212280273438e+01 -1.011173629760742188e+01
-1.303204345703125000e+01 -9.574193000793457031e+00
-1.406034088134765625e+01 1.394813656806945801e-01
1.060114479064941406e+01 1.411868381500244141e+01
2.627370452880859375e+01 -5.455489158630371094e-01
-2.080362510681152344e+01 3.113202571868896484e+00
2.436742782592773438e+01 7.575407028198242188e-01
-1.207996082305908203e+01 -8.512597084045410156e+00
-1.445663738250732422e+01 -8.178014755249023438e+00
-2.293634796142578125e+01 -8.041266441345214844e+00
-1.446713924407958984e+01 -9.126276016235351562e+00
-1.496851539611816406e+01 1.782302260398864746e+00
6.017257690429687500e+00 2.057054328918457031e+01
6.448326587677001953e+00 2.026147460937500000e+01
-1.048709106445312500e+01 -4.279931783676147461e-01
-1.381844806671142578e+01 -7.981457233428955078e+00
-2.250056457519531250e+01 -8.701476097106933594e+00
-1.600036239624023438e+01 -8.392373085021972656e+00
-1.855135917663574219e+01 -9.374581336975097656e+00
-1.556875991821289062e+01 1.922601699829101562e+00
-1.778746032714843750e+01 2.189770936965942383e+00
-1.932566070556640625e+01 2.584155321121215820e+00
1.275567722320556641e+01 1.616786193847656250e+01
-1.599044418334960938e+01 -6.674734592437744141e+00
-1.401337146759033203e+01 1.222734212875366211e+00
-1.843971824645996094e+01 -3.119022548198699951e-01
-1.300981235504150391e+01 -1.429082155227661133e+00
-1.432541561126708984e+01 -7.076406955718994141e+00
-2.119314193725585938e+01 -8.052020072937011719e+00
-1.174989891052246094e+01 1.689387559890747070e+00
-2.287139320373535156e+01 -7.657566547393798828e+00
-2.544636535644531250e+01 -8.020703315734863281e+00
-2.604987335205078125e+01 -7.339871883392333984e+00
-2.075389862060546875e+01 1.746885657310485840e+00
-2.040137672424316406e+01 2.927919626235961914e+00
-1.407139396667480469e+01 -1.090783023834228516e+01
-2.103112411499023438e+01 -7.301311016082763672e+00
-1.686450386047363281e+01 -1.074442577362060547e+01
6.413384914398193359e+00 2.109067344665527344e+01
-8.999119758605957031e+00 -5.426167964935302734e+00
-1.349351978302001953e+01 -7.945382595062255859e-01
-1.883328628540039062e+01 -5.802227020263671875e+00
-1.480296611785888672e+01 -2.444022335112094879e-03
-1.568958282470703125e+01 1.416261911392211914e+00
-1.245442295074462891e+01 1.138124227523803711e+00
6.369285583496093750e+00 2.017304992675781250e+01
-9.984723091125488281e+00 -1.869299411773681641e+00
-2.009053802490234375e+01 -1.065107059478759766e+01
-1.876909828186035156e+01 -1.007854080200195312e+01
-1.897119903564453125e+01 -1.090139484405517578e+01
-2.076608276367187500e+01 -7.764735698699951172e+00
-2.326994132995605469e+01 -8.213685989379882812e+00
-2.026796150207519531e+01 -8.705780029296875000e+00
-1.757552337646484375e+01 -9.303677558898925781e+00
-1.488258934020996094e+01 -8.728774070739746094e+00
-1.798265266418457031e+01 -8.721309661865234375e+00
-2.444386291503906250e+01 -6.783576488494873047e+00
-1.298562812805175781e+01 -8.004294395446777344e+00
-1.313213062286376953e+01 -7.566715240478515625e+00
-1.847034835815429688e+01 -5.079142093658447266e+00
-1.204255485534667969e+01 -2.006352096796035767e-01
-1.900870132446289062e+01 1.064968630671501160e-01
-1.986146354675292969e+01 2.733036994934082031e+00
9.741523742675781250e+00 1.488037300109863281e+01
6.579877853393554688e+00 2.058221244812011719e+01
6.994880199432373047e+00 2.048818588256835938e+01
1.275640201568603516e+01 1.976503944396972656e+01
2.590678024291992188e+01 -2.738526165485382080e-01
9.715777397155761719e+00 1.685225296020507812e+01
1.208256816864013672e+01 1.754895973205566406e+01
-1.982779693603515625e+01 7.658134698867797852e-01
-1.915236282348632812e+01 5.758873820304870605e-01
-1.869908142089843750e+01 -1.545208334922790527e+00
-1.557016372680664062e+01 -9.597192406654357910e-01
-1.517145729064941406e+01 2.553441226482391357e-01
-1.748262786865234375e+01 2.036850214004516602e+00
-1.546506023406982422e+01 2.513793468475341797e+00
-1.533510684967041016e+01 -8.322993278503417969e+00
-2.158493804931640625e+01 -8.035512924194335938e+00
-2.066975784301757812e+01 -8.473709106445312500e+00
-1.490329170227050781e+01 -9.058830261230468750e+00
-1.974739074707031250e+01 -7.286919593811035156e+00
-1.224830722808837891e+01 -4.159869194030761719e+00
-1.340201473236083984e+01 -7.545594215393066406e+00
-1.885514450073242188e+01 -6.302239418029785156e+00
-1.567343139648437500e+01 -1.002657699584960938e+01
-1.707756805419921875e+01 -9.600155830383300781e+00
-1.804586791992187500e+01 -9.270195007324218750e+00
8.101235389709472656e+00 1.914630317687988281e+01
1.116084003448486328e+01 1.711330032348632812e+01
-1.257021427154541016e+01 1.122174978256225586e+00
9.838168144226074219e+00 2.009540367126464844e+01
-1.158793258666992188e+01 7.948090434074401855e-01
-1.001258850097656250e+01 -1.893680334091186523e+00
-1.661841583251953125e+01 2.550488471984863281e+00
-1.444509696960449219e+01 1.676395654678344727e+00
-2.614188194274902344e+01 -7.300717353820800781e+00
-9.731058120727539062e+00 -2.260061264038085938e+00
-1.919432067871093750e+01 3.017482757568359375e-01
-1.958792114257812500e+01 1.072114944458007812e+00
