7.624500000000000000e+04
7.613524829558504280e+04
7.602584995036105101e+04
7.591680496432803920e+04
7.580811333748597826e+04
7.569977506983489729e+04
7.559179016137481085e+04
7.548415861210566072e+04
7.537688042202747602e+04
7.526995559114025673e+04
7.516338411944404652e+04
7.505716600693877263e+04
7.495130125362447870e+04
7.484578985950115020e+04
7.474063182456878712e+04
7.463582714882740402e+04
7.453137583227698633e+04
7.442727787491753406e+04
7.432353327674903267e+04
7.422014203777154034e+04
7.411710415798499889e+04
7.401441963738942286e+04
7.391208847598481225e+04
7.381011067377118161e+04
7.370848623074851639e+04
7.360721514691680204e+04
7.350629742227608222e+04
7.340573305682632781e+04
7.330552205056752427e+04
7.320566440349970071e+04
7.310616011562285712e+04
7.300700918693696440e+04
7.290821161744205165e+04
7.280976740713810432e+04
7.271167655602512241e+04
7.261393906410314958e+04
7.251655493137208396e+04
7.241952415783201286e+04
7.232284674348293629e+04
7.222652268832479604e+04
7.213055199235762120e+04
7.203493465558144089e+04
7.193967067799622600e+04
7.184476005960194743e+04
7.175020280039866338e+04
7.165599890038635931e+04
7.156214835956500610e+04
7.146865117793463287e+04
7.137550735549522506e+04
7.128271689224678266e+04
7.119027978818932024e+04
7.109819604332280869e+04
7.100646565764726256e+04
7.091508863116271095e+04
7.082406496386912477e+04
7.073339465576647490e+04
7.064307770685483410e+04
7.055311411713414418e+04
7.046350388660443423e+04
7.037424701526567515e+04
7.028534350311789603e+04
7.019679335016109690e+04
7.010859655639523407e+04
7.002075312182036578e+04
6.993326304643646290e+04
6.984612633024352544e+04
6.975934297324158251e+04
6.967291297543057590e+04
6.958683633681056381e+04
6.950111305738148803e+04
6.941574313714339223e+04
6.933072657609627640e+04
6.924606337424014055e+04
6.916175353157495556e+04
6.907779704810075054e+04
6.899419392381749640e+04
6.891094415872522222e+04
6.882804775282389892e+04
6.874550470611358469e+04
6.866331501859420678e+04
6.858147869026580884e+04
6.849999572112837632e+04
6.841886611118192377e+04
6.833808986042642209e+04
6.825766696886191494e+04
6.817759743648834410e+04
6.809788126330578234e+04
6.801851844931414234e+04
6.793950899451351142e+04
6.786085289890383137e+04
6.778255016248514585e+04
6.770460078525739664e+04
6.762700476722062740e+04
6.754976210837482358e+04
6.747287280871998519e+04
6.739633686825612676e+04
6.732015428698324831e+04
6.724432506490132073e+04
6.716884920201035857e+04
6.709372669831037638e+04
6.701895755380135961e+04
6.694454176848330826e+04
6.687047934235622233e+04
6.679677027542013093e+04
6.672341456767499039e+04
6.665041221912081528e+04
6.657776322975760559e+04
6.650546759958539042e+04
6.643352532860411156e+04
6.636193641681382724e+04
6.629070086421449378e+04
6.621981867080614029e+04
6.614928983658875222e+04
6.607911436156232958e+04
6.600929224572688690e+04
6.593982348908240965e+04
6.587070809162889782e+04
6.580194605336635141e+04
6.573353737429477042e+04
6.566548205441418395e+04
6.559778009372454835e+04
6.553043149222588545e+04
6.546343624991818797e+04
6.539679436680147046e+04
6.533050584287568927e+04
6.526457067814091715e+04
6.519898887259708863e+04
6.513376042624424008e+04
6.506888533908235695e+04
6.500436361111144652e+04
6.494019524233149423e+04
6.487638023274253646e+04
6.481291858234452229e+04
6.474981029113748082e+04
6.468705535912142659e+04
6.462465378629633051e+04
6.456260557266219257e+04
6.450091071821903461e+04
6.443956922296685661e+04
6.437858108690562221e+04
6.431794631003537506e+04
6.425766489235609333e+04
6.419773683386778430e+04
6.413816213457044068e+04
6.407894079446405522e+04
6.402007281354864972e+04
6.396155819182420964e+04
6.390339692929074226e+04
6.384558902594824758e+04
6.378813448179671832e+04
6.373103329683615448e+04
6.367428547106655606e+04
6.361789100448793033e+04
6.356184989710028458e+04
6.350616214890360425e+04
6.345082775989788206e+04
6.339584673008313985e+04
6.334121905945935578e+04
6.328694474802654440e+04
6.323302379578470573e+04
6.317945620273383975e+04
6.312624196887394646e+04
6.307338109420500405e+04
6.302087357872704160e+04
6.296871942244005186e+04
6.291691862534402753e+04
6.286547118743896863e+04
6.281437710872488969e+04
6.276363638920176163e+04
6.271324902886962809e+04
6.266321502772843087e+04
6.261353438577821362e+04
6.256420710301898362e+04
6.251523317945071904e+04
6.246661261507340532e+04
6.241834540988707158e+04
6.237043156389171054e+04
6.232287107708732947e+04
6.227566394947388471e+04
6.222881018105141993e+04
6.218230977181993512e+04
6.213616272177941573e+04
6.209036903092986904e+04
6.204492869927129505e+04
6.199984172680368647e+04
6.195510811352703604e+04
6.191072785944136558e+04
6.186670096454666782e+04
6.182302742884291365e+04
6.177970725233015401e+04
6.173674043500836706e+04
6.169412697687753098e+04
6.165186687793767487e+04
6.160996013818879146e+04
6.156840675763085892e+04
6.152720673626391363e+04
6.148636007408793375e+04
6.144586677110290475e+04
6.140572682730885572e+04
6.136594024270578666e+04
