-1.008274108171463013e-01 -3.692297458648681641e+00
-2.542432546615600586e+00 -4.477005481719970703e+00
-2.577541589736938477e+00 -4.504875183105468750e+00
-2.567869663238525391e+00 -4.513638496398925781e+00
1.228959202766418457e+00 -3.330410003662109375e+00
1.383138656616210938e+00 -3.330467939376831055e+00
1.395698070526123047e+00 -3.369832754135131836e+00
1.418027400970458984e+00 -3.319137096405029297e+00
4.741254150867462158e-01 -3.532934665679931641e+00
3.515799716114997864e-02 -3.653386831283569336e+00
-8.059372007846832275e-02 -3.720565319061279297e+00
3.993660584092140198e-02 -3.585389137268066406e+00
1.277316808700561523e+00 -3.438855171203613281e+00
1.429815578460693359e+01 4.314755439758300781e+00
-8.234599232673645020e-01 5.295637607574462891e+00
-8.913733959197998047e-01 5.244305610656738281e+00
-7.487865090370178223e-01 5.253421783447265625e+00
1.511101913452148438e+01 3.157928228378295898e+00
1.245906829833984375e+01 -4.297617375850677490e-01
1.264172077178955078e+01 4.098343849182128906e+00
1.439488506317138672e+01 4.466209411621093750e+00
1.307567405700683594e+01 3.559403181076049805e+00
1.476858425140380859e+01 4.832328319549560547e+00
-8.620849251747131348e-01 5.335548400878906250e+00
4.562363028526306152e-01 -2.953205347061157227e+00
5.749724060297012329e-02 -2.859123468399047852e+00
1.435628086328506470e-01 -2.914725780487060547e+00
-1.663945615291595459e-01 -2.795467376708984375e+00
1.509195804595947266e+01 3.183352231979370117e+00
1.388862037658691406e+01 4.226945400238037109e+00
1.490030956268310547e+01 4.172056198120117188e+00
-1.209353089332580566e+00 4.525693893432617188e+00
-1.509409904479980469e+00 3.708662748336791992e+00
-1.434972167015075684e+00 3.742749691009521484e+00
-1.120829463005065918e+00 3.919579982757568359e+00
-1.287171244621276855e+00 3.769642591476440430e+00
-1.875154078006744385e-01 -3.146933555603027344e+00
8.724021315574645996e-01 -2.890986919403076172e+00
-6.315635442733764648e-01 -2.926386117935180664e+00
-1.830203771591186523e+00 -3.616290330886840820e+00
8.510022759437561035e-01 -2.693348407745361328e+00
8.731159567832946777e-01 -2.747364997863769531e+00
8.316221237182617188e-01 -2.692344188690185547e+00
-1.383543610572814941e+00 4.357954025268554688e+00
1.230172443389892578e+01 3.963548183441162109e+00
-1.422334194183349609e+00 3.902530193328857422e+00
-1.187879443168640137e+00 4.066463470458984375e+00
1.508435630798339844e+01 4.218243122100830078e+00
1.504887580871582031e+01 4.070777893066406250e+00
1.272073554992675781e+01 -5.307785235345363617e-03
1.565845680236816406e+01 1.939446687698364258e+00
1.303526878356933594e+01 7.130873948335647583e-02
1.329749202728271484e+01 2.480769306421279907e-01
1.293940925598144531e+01 5.653457343578338623e-02
1.257277393341064453e+01 -8.834284543991088867e-02
1.412416553497314453e+01 4.060182571411132812e+00
1.378964996337890625e+01 2.427926063537597656e+00
1.211717891693115234e+01 -4.681572318077087402e-01
1.220817279815673828e+01 3.776381731033325195e+00
1.358720779418945312e+01 3.325855731964111328e+00
-1.385100781917572021e-01 -3.059749126434326172e+00
7.510166764259338379e-01 -2.951132774353027344e+00
-1.728058457374572754e+00 -3.583722114562988281e+00
-6.017181873321533203e-01 -2.989369630813598633e+00
-2.477755546569824219e+00 -4.537355422973632812e+00
1.284179925918579102e+00 -3.241013288497924805e+00
-4.241920709609985352e-01 -2.639881372451782227e+00
-2.527953386306762695e-01 -2.704051256179809570e+00
8.870356678962707520e-01 -2.981328248977661133e+00
1.514185619354248047e+01 3.631151437759399414e+00
-2.222762823104858398e+00 -4.109607219696044922e+00
-2.293413639068603516e+00 -3.285273790359497070e+00
-2.063074350357055664e+00 -3.078005790710449219e+00
-1.858322143554687500e+00 -3.502623558044433594e+00
1.430803489685058594e+01 5.415577888488769531e+00
1.239555072784423828e+01 3.981895685195922852e+00
1.196613979339599609e+01 4.282786369323730469e+00
1.307846260070800781e+01 1.227505326271057129e+00
1.347136974334716797e+01 4.219089508056640625e+00
1.331582832336425781e+01 3.411810398101806641e+00
1.444711780548095703e+01 4.778217315673828125e+00
1.519934844970703125e+01 2.780887365341186523e+00
1.396519088745117188e+01 2.801213026046752930e+00
1.511603593826293945e-02 -3.181798458099365234e+00
-2.454730272293090820e+00 -4.518238544464111328e+00
-9.322454333305358887e-01 -3.233919620513916016e+00
-2.286588430404663086e+00 -3.195741653442382812e+00
-2.274840116500854492e+00 -4.226384639739990234e+00
1.225140333175659180e+00 -3.121394872665405273e+00
7.623245716094970703e-01 -2.625148773193359375e+00
-4.285329580307006836e-01 -2.820797204971313477e+00
-1.703250765800476074e+00 -3.240913152694702148e+00
1.380622386932373047e+00 -3.258035659790039062e+00
1.417878389358520508e+00 -3.143781185150146484e+00
2.249075844883918762e-02 -3.599239349365234375e+00
-1.006754636764526367e+00 4.187480926513671875e+00
-4.309760332107543945e-01 3.525729179382324219e+00
-1.009695887565612793e+00 4.434302330017089844e+00
-5.602761507034301758e-01 4.063717365264892578e+00
-7.418243288993835449e-01 5.161527156829833984e+00
1.224254131317138672e+01 -4.772896468639373779e-01
5.276292562484741211e-01 -2.445869684219360352e+00
7.460611462593078613e-01 -2.572479724884033203e+00
1.060519441962242126e-01 -2.735696554183959961e+00
1.807279884815216064e-01 -2.887958049774169922e+00
-1.039821743965148926e+00 4.485622882843017578e+00
1.265755748748779297e+01 3.383240461349487305e+00
1.236472034454345703e+01 3.907098531723022461e+00
1.344020462036132812e+01 3.739408493041992188e+00
1.519950580596923828e+01 3.547116518020629883e+00
1.252114200592041016e+01 3.583610773086547852e+00
-1.765385508537292480e+00 5.733968257904052734e+00
1.428570556640625000e+01 3.539585351943969727e+00
-8.447697162628173828e-01 -3.154769659042358398e+00
1.417869806289672852e+00 -3.318590402603149414e+00
1.276550769805908203e+01 -2.062016427516937256e-01
1.526606369018554688e+01 2.414719104766845703e+00
1.451167392730712891e+01 4.763254165649414062e+00
1.409877777099609375e+01 5.368205070495605469e+00
-2.528848648071289062e+00 -4.516362667083740234e+00
1.429541969299316406e+01 5.399468898773193359e+00
-1.911103487014770508e+00 5.757730007171630859e+00
2.079734764993190765e-02 -3.588241338729858398e+00
-5.545812845230102539e-01 5.089419841766357422e+00
-1.037418603897094727e+00 4.547822952270507812e+00
-5.874991416931152344e-01 3.548188209533691406e+00
1.291399669647216797e+01 -4.195562750101089478e-02
1.330001640319824219e+01 4.187191486358642578e+00
1.257839775085449219e+01 -1.456014662981033325e-01
1.275433349609375000e+01 4.423923015594482422e+00
-1.001854777336120605e+00 3.152165651321411133e+00
-7.318074107170104980e-01 2.949039459228515625e+00
-1.076147675514221191e+00 3.313499927520751953e+00
-2.108929872512817383e+00 -3.378153800964355469e+00
-4.658926427364349365e-01 -2.433812141418457031e+00
-1.564342141151428223e+00 -3.131065368652343750e+00
-1.863418936729431152e+00 -2.971397638320922852e+00
-1.871854424476623535e+00 -3.104027748107910156e+00
1.389477920532226562e+01 2.702734470367431641e+00
1.474798297882080078e+01 1.148802042007446289e+00
1.571179294586181641e+01 2.625955581665039062e+00
1.420588111877441406e+01 6.003440618515014648e-01
1.281029510498046875e+01 7.005882263183593750e-02
1.560513305664062500e+01 2.050976753234863281e+00
1.480115795135498047e+01 2.193489551544189453e+00
1.582734107971191406e+01 2.641764879226684570e+00
1.438779544830322266e+01 4.710745334625244141e+00
1.396017265319824219e+01 4.088265895843505859e+00
1.444481754302978516e+01 1.120914340019226074e+00
-1.105543255805969238e+00 3.851863384246826172e+00
-1.412661910057067871e+00 3.514651298522949219e+00
-1.364140063524246216e-01 3.279931545257568359e+00
-1.243349313735961914e-01 3.465988397598266602e+00
8.473724722862243652e-01 -2.744238138198852539e+00
-5.851280093193054199e-01 -2.565164566040039062e+00
-1.481836557388305664e+00 -3.028151035308837891e+00
-4.543646275997161865e-01 -2.441962480545043945e+00
-5.033833980560302734e-01 2.898305892944335938e+00
-5.867880582809448242e-01 2.912796974182128906e+00
-5.271191596984863281e-01 2.875254154205322266e+00
-5.315908789634704590e-01 2.981036663055419922e+00
-1.387420892715454102e+00 4.279034137725830078e+00
-2.826550006866455078e+00 -3.583104610443115234e+00
-2.651441335678100586e+00 -4.378515720367431641e+00
1.435830020904541016e+01 2.273040533065795898e+00
1.288085651397705078e+01 4.958326339721679688e+00
-1.026082515716552734e+00 4.445579528808593750e+00
1.223163700103759766e+01 4.162880420684814453e+00
1.475146770477294922e+01 5.363633632659912109e+00
1.391618537902832031e+01 1.949407577514648438e+00
1.324560642242431641e+01 3.832772970199584961e+00
-1.296408057212829590e+00 5.520475864410400391e+00
1.561001110076904297e+01 1.483654618263244629e+00
-5.183582901954650879e-01 3.927822828292846680e+00
1.418876457214355469e+01 5.038966655731201172e+00
1.263501262664794922e+01 5.204510688781738281e+00
1.429658508300781250e+01 5.329469680786132812e+00
1.446515846252441406e+01 5.185435295104980469e+00
1.394948863983154297e+01 4.950700104236602783e-01
1.373783969879150391e+01 4.217441558837890625e+00
1.358959007263183594e+01 2.697608470916748047e+00
1.449170017242431641e+01 5.232339859008789062e+00
1.334903907775878906e+01 2.240892887115478516e+00
1.489850616455078125e+01 2.871306896209716797e+00
-1.953723907470703125e+00 -3.520462512969970703e+00
-1.721441626548767090e+00 -3.539921522140502930e+00
-2.613719463348388672e+00 -3.179419994354248047e+00
-6.888582110404968262e-01 -3.058060646057128906e+00
-1.385685920715332031e+00 3.905410528182983398e+00
-1.650017380714416504e+00 3.856174230575561523e+00
-3.298320770263671875e-01 4.841596126556396484e+00
-3.530594408512115479e-01 3.853449106216430664e+00
1.217715835571289062e+01 -5.315691232681274414e-01
1.213792228698730469e+01 -4.534039795398712158e-01
1.560175228118896484e+01 1.464702725410461426e+00
1.405798530578613281e+01 5.923293828964233398e-01
-7.660408616065979004e-01 3.195545673370361328e+00
-2.283499538898468018e-01 3.265597820281982422e+00
-1.318339943885803223e+00 3.321235179901123047e+00
-3.807497918605804443e-01 3.665540218353271484e+00
1.573523807525634766e+01 1.505896329879760742e+00
1.379792690277099609e+01 1.037322402000427246e+00
1.405976867675781250e+01 2.209516525268554688e+00
1.512122821807861328e+01 4.735257148742675781e+00
1.404868316650390625e+01 5.432509422302246094e+00
-1.959282517433166504e+00 -3.796681880950927734e+00
1.183537960052490234e+01 4.489550590515136719e+00
-1.398395538330078125e+00 5.529514789581298828e+00
-1.134092926979064941e+00 3.545560121536254883e+00
1.826860904693603516e-01 -3.029871702194213867e+00
-7.536931633949279785e-01 -3.156132459640502930e+00
-2.571786880493164062e+00 -3.121732473373413086e+00
-2.175727128982543945e+00 -3.865732192993164062e+00
1.300090599060058594e+01 7.495996952056884766e-01
1.544341945648193359e+01 2.667603254318237305e+00
1.297218227386474609e+01 3.479017410427331924e-03
1.418021774291992188e+01 4.212988376617431641e+00
1.399206256866455078e+01 1.023102521896362305e+00
-2.248786687850952148e+00 -4.077947139739990234e+00
-2.756024360656738281e+00 -3.063834428787231445e+00
-1.901909351348876953e+00 -3.500068187713623047e+00
-2.263433933258056641e+00 -3.142265796661376953e+00
-1.378302216529846191e+00 3.446864604949951172e+00
-1.021519422531127930e+00 3.446822404861450195e+00
-6.946331262588500977e-01 3.151619911193847656e+00
-3.598496615886688232e-01 3.113773822784423828e+00
8.500989079475402832e-01 -3.045336484909057617e+00
-2.038326300680637360e-02 -3.241307020187377930e+00
9.307492375373840332e-01 -3.059152841567993164e+00
-6.061430573463439941e-01 -2.661576509475708008e+00
1.551990795135498047e+01 1.832584500312805176e+00
1.316849994659423828e+01 5.281360626220703125e+00
1.318214607238769531e+01 1.802993416786193848e+00
1.321488189697265625e+01 5.338603019714355469e+00
1.367798900604248047e+01 1.229951143264770508e+00
1.428681945800781250e+01 2.683579683303833008e+00
1.412437820434570312e+01 1.249258756637573242e+00
1.576051807403564453e+01 2.524873018264770508e+00
-1.472457170486450195e+00 5.587933540344238281e+00
1.464556217193603516e+01 5.023673534393310547e+00
1.509010887145996094e+01 3.798031330108642578e+00
1.221718883514404297e+01 -4.892689287662506104e-01
1.554385757446289062e+01 1.365094661712646484e+00
1.263204669952392578e+01 -2.359602749347686768e-01
1.289833164215087891e+01 4.772523641586303711e-01
1.434856891632080078e+01 7.571577429771423340e-01
-2.811110496520996094e+00 -3.316153287887573242e+00
-2.396477460861206055e+00 -3.970390558242797852e+00
-2.507430315017700195e+00 -4.061248302459716797e+00
-4.825412929058074951e-01 3.066741466522216797e+00
-3.167428672313690186e-01 4.769902706146240234e+00
-6.146045327186584473e-01 5.201395511627197266e+00
1.342014980316162109e+01 5.298176765441894531e+00
-8.651672005653381348e-01 3.382242679595947266e+00
-5.471159815788269043e-01 3.913621902465820312e+00
-1.440612196922302246e+00 3.644304513931274414e+00
-5.193791985511779785e-01 5.103774547576904297e+00
-6.457402706146240234e-01 2.982733964920043945e+00
-1.765197157859802246e+00 3.923527240753173828e+00
-2.578595876693725586e+00 -4.118829727172851562e+00
-1.778537631034851074e+00 4.337680339813232422e+00
-2.619943857192993164e+00 -4.489756584167480469e+00
-2.000929832458496094e+00 -3.470128297805786133e+00
1.391040706634521484e+01 1.668310403823852539e+00
1.462848472595214844e+01 5.119163990020751953e+00
1.456062316894531250e+01 4.338387489318847656e+00
1.563954448699951172e+01 2.566274166107177734e+00
1.442088127136230469e+01 5.089890480041503906e+00
1.301286506652832031e+01 5.471968650817871094e+00
1.245650863647460938e+01 5.202116012573242188e+00
1.432932472229003906e+01 4.455603122711181641e+00
1.391621589660644531e+01 5.389733314514160156e+00
-1.857546448707580566e+00 5.554218769073486328e+00
1.419001483917236328e+01 5.429127693176269531e+00
-1.699590206146240234e+00 5.014809131622314453e+00
1.531282520294189453e+01 1.602325201034545898e+00
1.388295078277587891e+01 1.646453261375427246e+00
-1.598135590553283691e+00 3.936309099197387695e+00
-2.914738655090332031e-01 4.835825920104980469e+00
1.249687480926513672e+01 5.251788616180419922e+00
-3.247680366039276123e-01 3.714473247528076172e+00
-1.244085192680358887e+00 3.603815793991088867e+00
-2.567397594451904297e+00 -3.196018695831298828e+00
-2.665266513824462891e+00 -3.689294338226318359e+00
-8.849191665649414062e-01 -3.145184993743896484e+00
-2.480401754379272461e+00 -3.173647880554199219e+00
-6.410243511199951172e-01 -2.674310445785522461e+00
-9.630897641181945801e-01 -3.064266920089721680e+00
-2.757976293563842773e+00 -3.289484262466430664e+00
-7.944809794425964355e-01 -3.209504127502441406e+00
1.564052295684814453e+01 1.531573534011840820e+00
1.490449237823486328e+01 1.292752146720886230e+00
1.560478591918945312e+01 1.731148958206176758e+00
1.366107749938964844e+01 4.756224155426025391e+00
1.162700271606445312e+01 4.482108116149902344e+00
-2.437625408172607422e+00 -3.000042676925659180e+00
1.178722190856933594e+01 4.442688941955566406e+00
-5.305430293083190918e-02 3.120298385620117188e+00
1.580349731445312500e+01 2.482856988906860352e+00
1.548133945465087891e+01 2.401589870452880859e+00
1.279708957672119141e+01 3.856959193944931030e-02
1.542630577087402344e+01 1.929919481277465820e+00
1.320088672637939453e+01 5.319839477539062500e+00
-1.874184727668762207e+00 5.661234378814697266e+00
-1.792476177215576172e+00 5.690353870391845703e+00
1.498772525787353516e+01 5.184154987335205078e+00
1.548274898529052734e+01 2.318473100662231445e+00
1.288930702209472656e+01 4.714449122548103333e-02
1.495700645446777344e+01 1.997762203216552734e+00
1.423611164093017578e+01 1.103451728820800781e+00
1.305663013458251953e+01 5.276487350463867188e+00
1.231804847717285156e+01 5.049883842468261719e+00
1.200700378417968750e+01 4.561227321624755859e+00
-3.542266488075256348e-01 3.509614944458007812e+00
1.449408054351806641e+01 2.469057321548461914e+00
1.349079513549804688e+01 5.191762924194335938e+00
1.269345474243164062e+01 4.131212234497070312e+00
1.426685428619384766e+01 4.514278411865234375e+00
1.531719875335693359e+01 2.493737459182739258e+00
1.320042991638183594e+01 1.038801908493041992e+00
1.463749313354492188e+01 5.447487831115722656e+00
1.277934741973876953e+01 6.697367876768112183e-02
1.216863536834716797e+01 -4.876136183738708496e-01
1.209218788146972656e+01 -4.799354970455169678e-01
1.185778903961181641e+01 4.187874794006347656e+00
1.177624034881591797e+01 4.523047447204589844e+00
1.558642578125000000e+01 1.430613517761230469e+00
1.316864871978759766e+01 1.122658491134643555e+00
1.473342609405517578e+01 1.118545651435852051e+00
-1.887130975723266602e+00 5.692096233367919922e+00
1.511844539642333984e+01 3.708901643753051758e+00
1.388520240783691406e+01 4.606295108795166016e+00
1.364970397949218750e+01 2.155050992965698242e+00
1.346829128265380859e+01 4.718284130096435547e+00
1.311536312103271484e+01 5.174234867095947266e+00
1.474506473541259766e+01 5.393577098846435547e+00
-1.801272749900817871e+00 5.663221359252929688e+00
1.507969570159912109e+01 4.601381301879882812e+00
1.416103649139404297e+01 5.942524671554565430e-01
1.427968311309814453e+01 8.182796835899353027e-01
1.432987403869628906e+01 6.889499425888061523e-01
1.319753551483154297e+01 1.069680809974670410e+00
1.271134948730468750e+01 -4.016445577144622803e-02
1.358705425262451172e+01 1.091433405876159668e+00
1.434237861633300781e+01 1.228510022163391113e+00
1.536410522460937500e+01 2.150583982467651367e+00
1.422135829925537109e+01 1.291200160980224609e+00
1.232758140563964844e+01 -2.114552557468414307e-01
1.573266696929931641e+01 2.530316114425659180e+00
1.568886566162109375e+01 2.563092708587646484e+00
1.363010311126708984e+01 2.357612371444702148e+00
1.447226905822753906e+01 4.948429107666015625e+00
1.234581661224365234e+01 4.003066062927246094e+00
1.184711837768554688e+01 4.483162879943847656e+00
-2.169343084096908569e-01 4.876911163330078125e+00
-1.931370615959167480e+00 5.642683506011962891e+00
-1.735634326934814453e+00 5.594217777252197266e+00
-1.526907920837402344e+00 3.740045547485351562e+00
-2.655735969543457031e+00 -2.941657304763793945e+00
-3.938314318656921387e-01 4.909857273101806641e+00
-7.314656376838684082e-01 3.718013763427734375e+00
1.206923866271972656e+01 4.047550201416015625e+00
1.221733283996582031e+01 3.954323291778564453e+00
1.265493965148925781e+01 3.631519794464111328e+00
1.344040012359619141e+01 4.263653755187988281e+00
1.332586097717285156e+01 4.818351745605468750e+00
1.244824028015136719e+01 5.161164283752441406e+00
1.306350994110107422e+01 5.389943122863769531e+00
1.521082496643066406e+01 2.022525310516357422e+00
1.305556106567382812e+01 8.025346398353576660e-01
1.340807056427001953e+01 9.757124185562133789e-01
1.536332416534423828e+01 2.065031051635742188e+00
1.341579627990722656e+01 1.406969785690307617e+00
1.498937892913818359e+01 4.075406551361083984e+00
1.559992980957031250e+01 2.510485887527465820e+00
1.367361831665039062e+01 2.079452991485595703e+00
1.513562679290771484e+01 1.463167309761047363e+00
1.453907299041748047e+01 1.246124744415283203e+00
1.424424743652343750e+01 1.168628692626953125e+00
-1.093557953834533691e+00 5.294892787933349609e+00
-4.371798336505889893e-01 3.870304822921752930e+00
1.463563156127929688e+01 5.450731754302978516e+00
-1.265160441398620605e+00 4.453501701354980469e+00
1.478167724609375000e+01 5.310596466064453125e+00
1.512422084808349609e+01 4.638657093048095703e+00
1.255630111694335938e+01 5.249775409698486328e+00
1.330496311187744141e+01 5.291271209716796875e+00
1.216336250305175781e+01 -4.639196991920471191e-01
1.502065467834472656e+01 4.517664432525634766e+00
1.225273418426513672e+01 4.055509567260742188e+00
1.210993003845214844e+01 4.026309013366699219e+00
