-4.017213959370762311e+00 1.359341919465880455e+00
5.769639166167732647e-01 -2.051708269097546111e+00
-1.265631941232071567e+00 -3.191667955680626889e+00
-1.629193575595085708e+00 2.948701393077326927e+00
-2.401377120367319762e+00 3.158921162137052097e+00
-1.263791501938674455e-01 -4.860451542200666886e+00
3.304422448676731072e+00 -9.100636426819697533e+00
-2.622594645041045336e+00 3.128842815161853697e+00
3.349368951130697880e+00 -3.957439990673434771e+00
-1.481874578653873176e+00 1.169683354036324952e+00
9.281827078429250033e-01 -4.674764264144998904e+00
-1.969731767128001909e+00 2.762866377919222849e+00
-4.273235985185166008e+00 1.392863630228623917e+00
4.815775436917723695e+00 -2.245716540132272954e+00
-5.872744623523828977e-01 4.918523644973640252e+00
1.892363804604392019e+00 2.561766816475407271e+00
3.141866281013055984e-01 3.180301997894894317e+00
2.114559807506429134e+00 -4.169930477280122894e+00
3.275936073521971803e+00 -2.894584454113223515e+00
4.275667264361780795e+00 -3.796512875873788051e+00
-4.125849781479829836e+00 2.357916403338852884e+00
1.810320656530430394e+00 3.707485230571910595e+00
1.723609442205147113e+00 2.404436651044521422e+00
1.016019265152210693e-01 4.742109631532666292e+00
4.640667637255877942e+00 -2.493812560957514357e+00
-2.719786835460980434e+00 2.776383473718500472e+00
-7.450749675034387121e-01 3.771102521129642060e+00
8.436130940297011938e-01 4.249573645786463238e+00
-8.698264519044467402e-01 3.073084974181475637e+00
-3.374524497666971268e+00 1.217848635917555766e+00
4.838929392764315551e+00 -2.536685829612576715e+00
-4.168596450244058893e+00 1.089902856257358055e+00
-1.884943905896212968e+00 3.855289724285959618e+00
-4.447448748019040998e+00 2.753922886348124877e+00
4.382234394753904638e+00 -3.068973153976083612e+00
-2.940861762017586312e+00 1.953706401395094439e+00
-1.653088565373180829e+00 3.890419252522937743e+00
1.279499336115302199e+00 -5.588287167221330343e+00
3.241954735177356550e+00 -4.434602699858162467e+00
-1.014961040475671483e-01 -2.063242642612765021e+00
3.539851793706046967e-01 -3.718452855391664702e+00
9.422663332518007445e-03 3.989539515970350614e+00
-3.883532197546065934e+00 5.063749681403659775e-01
5.534747061584341488e+00 -1.142109297066405738e+00
9.596697676673663358e-01 4.753902053462685018e+00
9.147713195711446588e-01 -9.483683427981353109e-01
5.479304715964583572e-01 4.484391977644091476e+00
6.361940026004873072e-01 -3.146828620689576805e+00
-1.644062703152340044e+00 3.203522148603752395e+00
-9.242095356180741739e-01 -4.058310475857868305e+00
-1.382459781082727490e+00 3.470474130007711100e+00
-3.418859064725526586e+00 -3.840091194903032523e-01
-1.319119851263965137e-01 2.480730037582479675e+00
1.571305258899438950e+00 -3.647750361464890290e+00
1.366971723331176225e-01 -3.199368177319852347e+00
-1.791582355719975039e+00 -3.088306629992683128e+00
-1.734555373472482120e+00 2.255824532258157600e+00
2.880129315947422608e+00 -8.220504384952599386e-01
-8.802635782427379318e-01 -2.362252936558363103e+00
-9.303759353366856111e-01 -5.981458994762693493e+00
-3.978340225410483266e-01 4.959404988257142932e+00
3.733845227842579106e+00 -4.011495011779883768e+00
3.638619998134715594e+00 -1.438787924845198019e+00
-1.451899541770706348e+00 1.797395051794976828e+00
5.285440127257053783e-02 2.930932116160125833e+00
6.802815116272804552e-01 3.802925994319898528e+00
-4.510909870703569524e+00 4.104428099294116228e-01
2.804882488376044591e+00 -1.261719212702845372e+00
-1.409932612701867871e+00 4.242777690966039295e+00
2.060444051728295367e+00 3.825643348059015736e+00
-3.600281694668900467e+00 1.172101214004831027e+00
-3.585084585921591849e+00 3.380091066832687119e+00
1.284583122557962476e+00 3.578831020017596565e+00
-4.782781355858744199e+00 1.578847432799455275e+00
-2.195880562048709184e+00 2.846901114250566689e+00
-1.440313659987934924e+00 -3.611134673219045244e+00
6.406225957386546987e+00 -1.379012367060657773e+00
1.132931130804090358e+00 -2.282439458270574928e+00
-1.858799801144267017e+00 1.324669567104334256e+00
2.198613523491859123e+00 -2.025764887331231279e+00
3.162739002340523076e+00 3.450148407734497269e+00
2.295002934775543790e-01 -1.600886859325303391e+00
-4.108352648927117379e+00 1.440080839583162797e+00
-3.747710634018705189e+00 2.388103544757537833e+00
-6.828348680033526907e-01 -2.818229793642208936e+00
7.990533150376674110e-01 3.848631020270028014e+00
2.083563655530575431e+00 1.945420832240924769e+00
2.326051422093299959e+00 -3.299869500537341072e+00
4.083844720834573394e+00 -4.633443836320369158e+00
3.666378395533954393e+00 -3.319290630051513702e+00
9.604466269708570314e-01 -4.129490034870129556e+00
-2.738411397241629963e+00 2.569168382599286815e+00
-4.224305508076014348e+00 -1.013991247666053530e+00
-8.902033302918198610e-01 4.724704980524893294e+00
8.663222035217513772e-01 -4.410182338893108067e+00
1.542469548430371207e+00 -4.398060112900238572e+00
3.465623178874288168e+00 -2.266861145439857950e+00
3.176921806239043633e+00 -1.954273023672906229e+00
-4.375541356295874706e+00 1.388736264534839782e+00
4.474282553094589332e+00 -5.672056522919002752e+00
1.929492793701619524e+00 -1.918679010992889733e+00
-3.135463208282532332e-02 2.373093404982644206e+00
9.541387716245592898e-01 -1.755773118124189569e+00
-4.309873278326963764e+00 1.641090268165712462e+00
-1.579900453324803555e+00 1.559506524392372251e+00
3.591653338165733178e+00 -3.768787694751477568e-01
1.381240323057084440e+00 2.684455218967139345e+00
-2.473419164095483680e+00 3.265306272420217315e+00
-1.447046954786906481e+00 1.962576631117997739e+00
-9.916475456360183127e-01 -2.499017262737257106e+00
-1.375166785729206698e+00 3.910631352717137688e+00
2.891983333669755907e-01 2.854651906312970056e+00
4.614992141927238833e+00 -3.143257991743116264e+00
3.625537835798303465e+00 -5.264768636140425784e+00
-2.814066699883742917e+00 3.845240384384227550e+00
1.294641487900018539e+00 -2.145695833035195843e+00
1.000002626655751792e+00 4.927797499510344181e+00
-1.120952391088738676e+00 2.448711720145252624e+00
-4.902192833496019642e-01 3.435714969434827015e+00
-2.539168294938273451e+00 3.503697571446438896e+00
-6.408551781768450084e-01 1.621353314893294817e+00
-2.206438237330780705e+00 4.909277681727523657e+00
1.113555007707298095e-01 2.715172212488172754e+00
3.385410951788001110e+00 -4.494431602297950690e+00
-4.614062452409361526e-01 4.668984936793819429e+00
4.005701535715061046e-01 1.470892905998528510e+00
2.778244397374747710e+00 -4.659439305767262063e+00
-2.951852739094757982e+00 1.568790128045393306e+00
-8.714506607790561965e-01 -5.028772697247828383e+00
-2.327872836738926338e-02 -3.150084865440288429e+00
8.034548955939864179e-01 4.714700183969257274e+00
4.053258099122786895e+00 -1.161035964835208434e+00
1.591719417804981607e+00 -4.410135310929095276e+00
-3.917211386362835945e+00 8.001573854977597211e-01
-2.322542811348988767e+00 4.109935602874946525e+00
-1.506039051872378520e+00 2.522910651135699567e+00
-1.319581321865158641e+00 -2.364312185703747904e+00
-3.769368192220415192e+00 8.420142270319742606e-01
-2.740145369950066634e+00 2.360300596052612221e+00
5.017845238269097230e+00 -3.167227507840788991e+00
1.217499309511033356e+00 -3.270541276414976828e+00
7.945029834224089094e-02 -3.119700299037005742e+00
-2.543664484267722514e-01 3.269231881260569850e+00
-8.975074208557807243e-01 4.267136232404813434e+00
-4.158213699485894921e+00 3.272766779963821815e+00
3.512888723740674290e+00 -4.857274773662513812e-01
-1.850373990571417382e+00 2.206271562485233595e+00
-7.798668627902639594e-01 2.870127937132715967e+00
1.459764004056779640e+00 -1.664033880970151147e+00
4.720734442959277466e+00 -4.332217505962724147e+00
2.304944462131853111e+00 -4.029920081189382941e+00
1.552838648107090602e+00 -2.402060474596548367e+00
-7.618991532004072420e-01 4.413311221718020150e+00
-1.213732815188397263e+00 4.886222617823430703e+00
-6.380791580059644863e-01 -5.922296520327281932e+00
-2.513547535089751594e+00 2.822489848867966167e+00
6.438194368529297495e-01 -2.173256243146419298e+00
2.821478907516448587e+00 -1.364826965573720630e+00
2.767101608099519883e+00 -4.904669097517149190e+00
-1.355009605184309962e-01 3.308530306286968425e+00
2.932650079444411251e+00 -2.127984514171531227e+00
6.537533481656483403e-01 1.583744311554663442e+00
-5.659264069940852515e-01 -4.919625194373594468e+00
8.718510458939339181e-01 -2.806784657753532919e+00
4.074459719457493634e+00 -1.939384751817589958e+00
2.543196358311341942e+00 -4.051829438239272108e+00
-2.010811735517052945e+00 2.907754978968369652e+00
1.149184413703534080e+00 -3.436206713484710296e+00
-2.748955232184085329e+00 -3.462903007079112250e-01
-3.058113485942112852e+00 4.333308171653857954e+00
2.498321758046337937e+00 -3.636267383257340224e+00
-2.898628898232582518e+00 3.199765751898461241e-01
-1.927718630464660521e+00 3.158837721955516820e+00
-3.237335289778537906e+00 3.844188505587990079e+00
1.619654398151593178e+00 -6.455175995554040647e+00
4.317367071059730499e+00 -2.117699435218619364e+00
2.545858247249827233e+00 -1.149883290281840331e+00
-2.336841002381177645e+00 2.785267589458731319e+00
2.392087873048748481e+00 4.198350327734953424e+00
7.727179951089610532e-02 -3.402046545200168026e+00
-3.893547548643016665e+00 3.173627242880319166e+00
-3.855754843429709311e+00 2.350803833344055516e+00
-4.444217587441330330e+00 1.727806940755863163e+00
-3.067189769699528723e-01 4.518197656001805562e+00
2.141225154623255911e+00 3.266242656925736121e+00
-1.793153169996359431e+00 3.164683103826813060e+00
4.883350312197809906e+00 -5.860441198873621360e+00
-1.874393348061124343e+00 1.935625501020732164e+00
7.759830159219307522e-01 -1.425527521342391690e+00
3.510112949816688310e+00 -8.674043520056111400e-02
-1.732782401802908545e+00 1.601751975491099378e+00
1.014861588555564520e+00 -6.109375209937621065e+00
1.646630632875836220e-01 -5.051760589800911916e+00
5.268716456291909767e-01 4.760556605172864053e+00
-1.387922168181618288e+00 3.296470269405019859e+00
-3.734119041749592860e+00 1.722933917480913957e+00
-2.361361317272365756e+00 3.313279889569412884e+00
-1.163197865138244413e+00 -3.055331953662323130e+00
8.932419494835789342e-01 4.486991707801232465e+00
-2.910545409979966580e-01 1.389598876396057614e-01
5.749469564269608313e+00 -3.745139772892031704e+00
-1.068659963354182230e+00 2.504125917910298149e+00
-2.112125704833313300e+00 2.351799616319863784e+00
-2.300422222670049255e+00 3.799260606353811909e+00
1.903321464015363729e+00 -5.674279867221760476e+00
-4.630536074037541194e-01 -4.460955173513888816e+00
1.126720855230748164e+00 4.217343776401859756e+00
-9.307400526825749809e-01 1.868231248310483927e+00
-2.853204735680006099e+00 2.726566993152381269e+00
6.475234111203423737e+00 -3.493449728280607847e+00
-3.353327854514018824e+00 3.964883597643775737e+00
1.002772243713225819e+00 -1.839051110618188156e+00
-2.903706792262508163e+00 9.325928271943667580e-01
8.601211101458062780e-01 -1.319612897928434725e+00
1.842456374822134757e+00 -1.096178384874701983e+00
-2.212103394450283922e+00 3.340489704594035825e+00
-1.905126563691870389e+00 3.271762497824589833e+00
-2.000699568631968184e+00 2.022700392060379215e+00
-2.658291541042014927e+00 2.947701297964417932e+00
-1.398716275072516835e+00 2.754320910502139341e+00
-5.369805331142031291e-01 4.485403039520937440e+00
-2.364842185663167395e+00 4.063317817806185173e-01
-3.338084979682072628e+00 2.934788202404203794e+00
2.614324417489941599e-01 -4.839263577456173415e+00
7.173870443778662676e-01 5.005870965215050816e+00
7.399824752805799655e+00 -6.871730889948929999e+00
-1.513960875484889890e+00 5.040704244269123002e+00
4.597557067248028595e+00 -7.461765105271621401e+00
-1.358574430231135777e+00 2.019646080215603767e+00
2.209179882409042506e+00 -2.057383039195606944e+00
2.506950144795224933e+00 -5.711686993514899058e+00
-9.654219356681557063e-01 1.206636031520692320e+00
2.183406133183359632e+00 -1.065905938460470104e+00
-2.789233304517588774e+00 1.666934661870443035e+00
-3.861868006856417956e+00 1.744759000919960057e+00
-2.455082640916665504e+00 2.701700473390968860e+00
-2.131139339093484963e+00 2.190044538689762454e+00
4.140150420106003537e+00 -2.284318013180826501e+00
-2.005707562096374907e+00 3.758458507304302643e+00
-1.893752126558903681e+00 3.908150386302376766e+00
-1.155829290548949118e+00 3.591151947473116834e+00
-2.277105641306614192e+00 2.718745140988877651e+00
3.059172014539246920e+00 -8.109102516038362296e-01
-2.409192536710510257e+00 1.810312152727347579e+00
-2.546314509413877936e+00 4.012864776876044814e+00
-2.586354254049681334e+00 -1.147905191382186718e+00
-2.206249053035009844e-01 -3.634177796020977791e+00
-2.587232726960238427e+00 2.451224591588253343e+00
1.346181817960945715e+00 -5.980178362324387598e-01
1.326395349973499505e+00 -9.858025088245643275e-01
2.619666956673997849e+00 -1.187007796367463230e+00
3.773556071299953185e+00 -1.107716292856241846e+00
-1.451321777916132705e+00 2.283218092988831938e+00
-3.172323549273538656e+00 1.906327347363373725e+00
-1.056072082894636832e+00 3.706619169949953108e+00
-4.187199759016890788e+00 2.175466068893127325e+00
3.977493318091873675e+00 -7.362682693469676742e+00
-3.621374114610810935e+00 2.512643243439746765e+00
3.606584273045883471e+00 -2.437966563257068398e+00
3.728472261426236223e+00 4.712023784394179793e-01
-1.929346647092431200e+00 4.600332333683454067e+00
7.734956970869887982e+00 -4.030960093627751206e+00
9.835282084993950402e-01 -3.876552116885259469e+00
-8.532895228242841634e-01 -2.583732049669063002e+00
-3.352860466552736618e+00 3.303802044672491167e+00
-4.377470018872781310e+00 7.485360479640730258e-01
-2.015219768823470758e+00 3.206839694782810390e+00
3.901294289863103337e+00 -2.443121424622452853e+00
4.618946995220936991e+00 -4.684303141527003334e+00
-3.067206259853968664e+00 1.356421401925916426e+00
-9.294932022838786612e-01 2.934732230110053575e+00
-3.892519831188563817e+00 3.290232651567711386e+00
9.128605888014055258e-01 -4.489631805660542874e+00
1.328477068228526070e+00 -5.483201134229894080e+00
-2.907046860962427814e+00 4.573073771797102616e+00
-2.488071513252753386e-01 -1.231836641994857873e+00
-2.357611312903657552e+00 3.181165364569725984e+00
-1.643620590954501193e+00 3.521751403188455143e+00
5.423927493528841737e+00 -3.492100988925034510e+00
-2.082972226712939801e+00 1.668718854686450870e+00
-2.105283398258893879e+00 3.133217294826199151e+00
-6.131977833942573453e-01 -2.273127583253977235e+00
2.348490517731140592e+00 -1.723862544481102654e+00
-9.645252536696619083e-01 -6.565315719046929566e+00
-1.807936707580771074e+00 3.029686350471136436e+00
3.402676708252616589e+00 -1.130776218969456570e+00
2.579923185642888583e+00 -3.471222271430799644e+00
-1.402050917888078008e+00 -5.031064413268191871e+00
4.509364516292672320e+00 -1.859317200792004687e+00
-1.462955719983095593e+00 3.700307957420310601e+00
-2.292609374724942306e+00 3.074808473763091410e+00
-1.728188035243899856e+00 2.668640631796699303e+00
2.702219054349596306e+00 -2.684685217156272952e+00
-1.827579110080209457e+00 3.923443450076090411e+00
-1.842824584197586768e+00 5.066427144060464904e+00
-2.857964724436355297e+00 2.242228094364128399e+00
1.806685784464207467e+00 -3.657429128272072560e+00
-3.862802390929076513e+00 1.794289160111157022e+00
2.487034264056205701e-01 -5.202850787200260285e+00
-4.794704951026448891e-02 -3.855806724644717853e+00
-2.862119523617512873e-01 -4.115081025357087974e+00
1.316113913221609755e+00 2.541035740498042816e+00
1.939589392478372254e+00 -3.444598696542629845e+00
1.931750882542372816e+00 2.992192295370435406e+00
7.342926297357856846e-01 4.688615539108861974e+00
2.191198411958633407e+00 2.777474085971197937e+00
-4.044379017603571214e+00 -4.974621855506085044e-01
2.798393844725626800e-01 2.124456077553920519e+00
-2.241941043385065946e+00 3.953578782617420462e+00
-1.394315687784794866e+00 2.466468775414234482e+00
8.024691925652578661e-02 1.957758701194656670e+00
1.153048383392712761e+00 -3.010020820958218657e+00
1.556414759458969677e+00 -1.936582084688212690e+00
5.114163188297176088e-01 3.359622182610723318e+00
4.036549445186573548e-01 4.551122142239008461e+00
2.998469137733657419e+00 -9.555529284136656809e-01
-3.752215777134331187e+00 3.760967462293553609e+00
-1.924283298539831433e-01 -6.848259921009789863e+00
8.854089596678382801e-01 2.441813447728199193e+00
6.034798507562685543e+00 -3.125822674977670967e+00
-1.281538338467048233e+00 3.047491273735852158e+00
-2.521486809908700888e+00 2.239154068643538498e+00
-1.481934540792176014e+00 4.165928867681000902e+00
3.631570545851866783e+00 -3.593325599450062580e+00
-4.007676265320586850e+00 2.977887286221008178e+00
1.172328968901605872e+00 -1.522513209783052490e+00
-3.556946517782684669e+00 3.978944830140994426e+00
1.237276047960919279e+00 -4.528118739556731498e+00
3.014772277069780682e+00 -4.165685435492834543e+00
4.816641681941844944e+00 -3.569617348518190347e+00
3.226751739433177057e+00 -5.868624045851166926e+00
-7.446047417996347617e-01 -2.586983974844632161e+00
2.714848211532984834e+00 -3.456985773107271953e+00
-1.045939018309123725e+00 3.264810469038202267e+00
-2.875112466188337823e+00 3.167231816653887755e+00
8.831362013198286176e-01 -2.449549400865459248e+00
-2.528425162502253798e+00 3.775914758936521398e+00
-2.101052400856241231e+00 4.175195225538317345e+00
1.530170271689158534e+00 -1.796661724797799398e+00
-4.304113183705204904e+00 2.274400943402948627e+00
-4.672597530044841463e+00 1.036580538309545219e+00
-3.317813925323247481e-01 3.163032192669318565e+00
-2.991102341044651780e+00 4.581406780485228758e+00
-7.835854328837208449e-01 2.416529423207631755e+00
-4.669755827313995411e+00 1.416669847011590155e+00
-2.630901545531374452e+00 1.145403327946873162e+00
2.626393904921315414e+00 -4.849216875046920450e+00
-1.431752159722319284e+00 4.806226834140061577e+00
-2.194239006717407126e+00 3.903341692524866957e+00
2.335682569427520505e+00 -2.944735714919254121e+00
-2.083372487518410310e+00 6.985878879665511354e-01
1.104434299796728691e+00 -4.302398647205090576e+00
2.820265496807059957e+00 -2.632796072629429496e+00
-4.645515342536449488e+00 1.839636198927759203e+00
-3.521330003180288326e+00 1.798557391710189135e+00
2.195291356874698341e+00 -1.217626864443899226e+00
-3.204598734564012563e-02 4.375076985060062817e+00
-2.712099309773310374e+00 3.387177779488261820e+00
-3.492809085141301395e+00 3.201839580557504394e+00
2.876086219461083449e+00 -5.736883434080156441e+00
6.585979089617570725e-01 -3.109842262550594150e+00
2.593631612026339184e+00 -3.761020267615455825e+00
1.358091994303022965e+00 -1.442381132569503954e+00
-6.215958208454330780e-01 1.289570565352929465e+00
4.670753003569908302e+00 -3.531581091566384334e+00
1.875574541500940606e+00 -9.638595164391601244e+00
-1.003835089849037937e-01 2.150079147073766350e+00
-1.405002489602644067e+00 4.584278057384079119e+00
-1.381434196484046195e+00 2.636081798614267502e+00
2.777301614410952357e+00 -4.000034825225926127e+00
-1.100763833403168995e-01 -2.287060441212720008e+00
-1.322841810894012315e+00 2.253374933788136580e+00
-3.189397311680833624e+00 2.879405174214066498e+00
2.743291556548079324e+00 -5.813653057571158911e+00
-5.787480007754498557e-01 4.317617804148007110e+00
-1.700792629569410019e+00 -6.025274469181307602e+00
-8.319915129623539629e-01 4.124541710475974732e+00
2.393152879050664872e+00 3.051387510585347407e+00
1.441633317009293425e+00 -4.642586607434530777e+00
2.704516169413743398e+00 -1.809532253915944189e+00
-2.039190270405234262e+00 2.782049762402677207e+00
-1.572436041451281019e+00 -4.353178363180538746e+00
6.863670103792884891e-01 -2.022466809045895264e+00
4.465420180644711579e+00 -3.877464593375895774e+00
-3.254976557783943125e+00 4.132375263504918905e+00
-3.697178652504253260e-01 4.729187822699544519e+00
3.268065491406900724e-01 -2.298922210549940726e+00
-2.994222065192642113e+00 4.265517692707833319e+00
-1.847683812953911930e+00 2.739311997293873535e+00
-7.465257010924829517e-01 3.479676235901337122e+00
-1.504905981517201452e+00 4.757036356998713522e+00
-9.117379496068338529e-01 4.053062074450257235e+00
-2.537989665825463703e+00 4.056323566210997100e+00
4.352650726528721314e+00 -5.244657789947323678e+00
3.024176840385010001e-01 -2.763417226318757081e+00
-9.338268201247538203e-01 3.347557238107985000e+00
-4.006588748456036519e+00 1.579114125041031658e+00
2.020967193842881648e-01 -5.858607204159564041e+00
5.053683978297287993e+00 -1.850638429786470640e+00
1.561935413186935406e+00 -5.527857999834060010e+00
1.837890544792675440e+00 -4.949248572746609121e+00
2.682702409240960151e+00 -7.568921781833405582e+00
-1.007394011542727563e+00 4.887266457124049168e+00
-2.011587083978638724e+00 2.441342408818051091e+00
-3.069217183359111978e+00 -4.803744622838393985e-01
-2.523533602773297968e+00 1.852766705438959605e+00
4.080922244965312196e+00 -6.043595795301320628e+00
-3.679946264166139791e+00 3.361038442289075778e+00
-2.721691938978775038e+00 3.720603458427916621e+00
7.186726878620648407e+00 -1.919136450766361746e+00
-8.974690997702680084e-01 3.555200999402504003e+00
4.641208002769249275e-01 3.513867923878771116e+00
3.489110670194179420e+00 -1.074594119048855045e+00
-3.871705872848700825e+00 -1.717606679012491366e-01
-3.777929106923182623e+00 -2.041305216622073260e-01
3.881276317430020217e-01 -3.159463107520064984e+00
3.391362838096830590e+00 -1.468152828191046311e+00
-2.555984285015880264e+00 2.553236438818477172e+00
-1.854524555992771440e+00 2.805797677769017451e+00
2.210729988121460821e+00 -8.123915075802793373e-01
8.175589489186642078e-01 -5.637916466325621379e+00
1.866257123713901678e-01 4.832436303954010803e+00
1.364024420300235407e+00 -4.918559341767928750e+00
-3.302233932383510151e+00 3.558648970322171756e+00
5.613964721985437167e-01 -3.960774631158802350e+00
-5.072265977067694775e-01 -2.626739083608377712e+00
-3.906710947906397724e+00 2.209134865984565099e+00
-1.640094295181901085e+00 4.264285806144429536e+00
3.380477048679549235e+00 -2.653781860540682658e+00
3.156029895409989905e+00 -1.572359207024186800e-01
-2.206746852928484159e+00 3.559680108621173122e+00
3.793413812630956894e+00 -1.918438971343003230e+00
3.833649909550404189e+00 -4.861652356841619671e+00
-2.587778657541100369e+00 3.603934027119187977e+00
-3.604302192372903502e+00 3.791787168174973299e+00
-4.420068724047000686e+00 1.724419180121797290e-01
-4.425440007732152736e+00 2.854904613668349800e+00
6.184359210287750486e+00 -6.927791070003226359e+00
1.201504115000995077e+00 -2.703449316665359703e+00
2.259494830129011422e+00 -1.187813986180971115e+00
4.801939048282940270e+00 -3.777748185941184556e+00
-6.061928913259669871e-01 3.362986338424410970e+00
3.228441267134760206e+00 -7.752564739299747654e-01
4.553997415666361515e-01 -2.264116491108783880e+00
4.188581166755786511e-01 3.249023540847623792e+00
-2.780531220617659560e+00 1.217262818990412665e+00
3.207498575193807433e+00 -2.699270274245860080e+00
5.394367852963057430e+00 -2.940270873234437143e+00
-2.041387205418653039e+00 -6.107214769543491073e+00
-2.301396968102285445e+00 1.970654877679033135e+00
1.315528556515207059e+00 -3.226950680400660243e+00
-2.400635796780044906e+00 1.409988204566859693e+00
1.314143260262842228e+00 -2.522464345688085530e+00
-1.635355085709463641e+00 3.015091676436768786e+00
-1.903094390544987968e+00 3.004799640265382266e+00
3.121540082316231146e+00 -2.695863551834686955e+00
4.083178408990817410e+00 -4.381573738027089604e+00
-9.307230143570917047e-01 3.470429740230271509e+00
1.546433367002177039e+00 -6.706466876359804097e+00
-1.178071625779188336e+00 2.673829396979656270e+00
4.625507109530809791e-01 -1.294450353084965366e+00
2.603513016463548713e+00 3.210545560504325824e+00
2.892462682027918675e+00 -3.237697079787891230e+00
7.198369277656430087e-01 -1.437221052294655133e+00
-3.623982122087541224e+00 3.160824970931088274e+00
2.550548796094369020e-01 -3.965976310440043395e+00
4.140557334797192013e+00 -3.657247540523183016e+00
-2.852991877305879331e+00 3.329215662922267338e+00
-1.934862910072975839e-01 -4.490472033499359306e+00
-9.819820918670491006e-01 5.261970050875016902e+00
-6.275465884594146893e-01 -3.458135656398372504e+00
1.110512852670706874e+00 3.916439464605976806e+00
3.791966848862504680e+00 -5.933888964204110827e+00
-5.231712635208357609e-01 -3.159423971108369589e+00
-1.572777438931120653e+00 -2.452568502632150871e+00
-1.175244395143288934e+00 4.268687840596597560e+00
-2.087816485159143642e+00 9.431442820903326307e-01
2.247228581695539518e+00 -3.668428947228614234e+00
-1.533003832847599890e+00 3.284204412168597376e+00
-3.097434679037950112e+00 3.078066820658583724e-01
-7.273841595113224034e-01 2.537070072352392458e+00
-3.774227325336605876e+00 1.560875595638071101e+00
-1.550884094102702893e+00 -6.668875915299852686e+00
1.715827748758581794e+00 -3.939471869488846867e+00
-2.358141727033705948e+00 4.756258295764366650e+00
-2.212409609561453827e+00 -7.802018173066518347e-01
1.694703456540463948e+00 -2.459211929748966519e+00
1.631943676936228549e+00 -6.963491084401510989e+00
-2.966693966857637754e+00 2.475392884701603791e+00
-1.264283741071434264e+00 3.006943163269434560e+00
6.584728048915140519e-01 4.525451671630450257e+00
-3.912730757874946175e+00 1.985194513937702743e+00
-3.464376781802178229e+00 2.994511307172397885e+00
4.374589194486787846e+00 -8.341796598727962975e-01
3.287517845634481350e+00 -5.589414702678704217e+00
1.720545685747377540e+00 -2.820480643064897208e+00
2.311621565839757919e-01 -6.288307345275961247e+00
-4.190156255034567678e+00 1.001367774817244705e+00
2.864888214657348886e+00 -1.981480376490452056e+00
3.462569901471186373e+00 -1.678413299077934129e+00
-1.984430916105297316e+00 4.289867309632856340e+00
3.424804510491715970e+00 3.207726497004288468e+00
5.229826955175765901e-01 -3.491569986297154315e+00
-1.967897157970921240e+00 3.543897231127163483e+00
-6.859764328147426315e-01 -2.577260293683375725e+00
-2.423104943393882049e+00 2.453853529501733188e+00
-2.279755004942296104e+00 1.646966260965815554e+00
3.355746085221769981e+00 -2.224195672387247136e+00
-1.358362584288029806e+00 -3.871359506994277222e+00
3.035206327913716695e+00 -5.046504853544768743e+00
2.856118720032404745e+00 -1.555999209037632225e+00
-4.126232071505984145e+00 2.513059773368760741e+00
6.044606679963626661e-01 -4.361036456600410283e+00
3.245400295598085627e+00 -3.333846765437297410e+00
8.635282121630354357e-01 -2.942776603081411313e+00
-1.427577186694055200e+00 5.133783121587326193e+00
6.906755871686299564e+00 -6.535812993112372737e+00
-3.329957150417765188e+00 6.430119798618163518e-01
-1.465193608002808290e+00 3.131130379923143803e+00
-1.868421767898277741e+00 4.083660234255022559e+00
6.384707649030584020e-02 1.789003470812009056e+00
2.427806445270434266e-01 3.001593076731933429e+00
-4.123411541971367278e+00 2.117073925854710659e+00
-3.688353538730670261e-02 -4.427958688234199691e+00
8.382902333892241487e-01 -1.333001789077261101e+01
-4.444237993951045240e+00 7.924691919921407479e-02
-1.216075703153436521e-01 -7.243474372363449376e+00
4.885174597853014222e-01 2.498262304368418452e+00
-2.217615166281885930e+00 4.907031064769674877e+00
-4.231218719568649256e+00 6.659762233641089990e-01
1.799090053209183582e+00 -3.488924408610526218e+00
-2.475657794413757440e+00 2.796594928834681415e+00
2.745274408765089991e+00 -2.770640709559530457e+00
-3.519662019861238722e+00 2.377307836294613175e+00
5.793281938429031275e-01 3.236542315230243272e+00
-5.253764696223235386e-01 2.586563844742937768e+00
-2.806458406759690050e+00 1.825775868281257042e+00
-3.536105050295933250e+00 2.484065071720502171e+00
1.412137817981764298e+00 2.228761740138560210e+00
2.095845619282785954e-01 4.802457337876314014e+00
-2.833925705393044669e+00 3.352081060819102287e+00
2.641916406642569992e+00 -1.872087804873676875e+00
-2.228738212124702134e+00 2.135187398329712050e+00
2.921821877689974478e+00 -4.270615262433124393e+00
-1.588279244623216790e+00 3.971665192537882305e+00
-3.683387795473597848e+00 1.525913061762242062e+00
1.700832300215375792e+00 -3.005164023518114735e+00
-1.618390528502309467e+00 -6.796818397234189568e+00
3.467498442995661456e+00 -3.938238630293219522e+00
-2.990398904464586227e+00 2.147660439078123762e+00
-1.966552022770101882e+00 4.116930865799897532e+00
3.078106479038551058e+00 2.420168492691201489e+00
1.381221411916088604e+00 4.719581345383182303e+00
9.462748360545331083e-02 -4.053650716906042284e+00
-2.731087227336003842e+00 1.949120614128164952e+00
1.353247106493473906e+00 -6.566230960558553598e+00
9.044785851357066420e-02 4.631450186561121285e+00
2.157573957909334261e+00 2.425196914697088868e+00
-6.716560086034799593e-01 -4.038707062872283871e+00
-3.417186340728216032e-01 1.373676295590498198e+00
3.251075062833308049e+00 -4.691752420277637725e+00
-1.287185863407119824e+00 1.526858708975526557e+00
3.704675093976824929e+00 -5.399783445850418140e+00
-3.002936748217440499e+00 2.402571270808388615e+00
1.006639150603535926e+00 -5.079278176014600632e+00
-1.822737571066364026e+00 4.298020382479362134e+00
-2.085258329088132134e-01 3.732114351692998433e+00
-2.621650155288530737e+00 3.583206865289383813e+00
-1.406534419362513111e+00 -2.740407674906395030e+00
4.834904232568484894e-01 3.897697053022883384e+00
8.857038528776384201e-01 -8.101973415659814437e-01
-7.473212233993047349e-01 1.860233465434963929e+00
-2.319613183551082702e+00 1.146159339728723969e+00
-1.182077213742275479e+00 1.979749055735997354e+00
2.683403169668162391e+00 -5.243557857662961119e+00
-2.985679381620416351e+00 2.928009117881798407e+00
3.099405364771433691e-01 -7.021227384831882468e+00
-2.376119303417383311e+00 -3.051105311825226707e+00
1.154494249696993852e-01 3.455024831613751513e+00
3.442975219803736664e+00 -8.499413395821620032e-01
-2.078595621804723237e+00 3.975435007534158682e+00
4.549601189610729790e+00 -3.846533322243641972e+00
1.158959609819979475e+00 -2.804752487558832552e+00
-1.119209143790379057e+00 1.261024131393514658e+00
-2.189308197500100306e+00 1.436137935589196557e+00
2.469606853436282723e+00 -5.941237630535790792e+00
-2.266183916194257186e+00 4.011895198375247107e-01
3.738632502858322937e+00 -1.401721103960910098e+00
-1.721265947554946329e+00 4.802667042240800654e+00
1.837526918464840620e+00 -4.438823141303314124e+00
2.871515499894398360e+00 -3.202050792505594767e+00
2.385702851488934240e+00 -5.792699937307467906e+00
4.527037367118111000e+00 -4.278545539717850232e+00
-2.359120032165704206e+00 3.902654814130090077e+00
-1.697962760058941312e+00 -6.799022613082311928e+00
1.209174846528485725e+00 2.004528957616059426e+00
-3.957808762689148385e-01 4.253987442814247899e+00
-1.065861825509976324e+00 2.858172939547431124e+00
8.151244946632140165e-01 -4.961265049318284603e+00
3.368528017770663130e+00 -5.502405678443544446e+00
2.065478536736100157e+00 -3.119118539725181272e+00
-3.151668989211512173e+00 4.282645112454614100e+00
2.751839346734968883e-01 4.502305564439967434e+00
6.130795609681658043e+00 -4.941282371003925533e+00
-1.753177550899066572e-01 -4.304163037660289959e+00
5.003654493129936931e+00 3.208674026443740779e+00
-2.082714347451444237e+00 2.937723217699209854e+00
5.174887786557085256e+00 -4.645001031757960419e+00
-5.017014981871458223e-01 2.062183694855982186e+00
1.818039780158187124e+00 -1.816095361701008493e+00
-1.252209679516820828e-01 3.419187029304548542e+00
-1.772539472156641205e+00 3.663411418481823834e+00
-3.257634584937198596e+00 7.397821862498511480e-01
-2.047185845244432922e+00 3.299587077821549919e+00
-4.060250651829647173e-01 -3.566648543361272683e+00
1.561564972115429661e+00 -4.551216919883873224e+00
-2.096892140933832582e+00 2.521538503035552825e+00
-1.224791634474426516e+00 3.529411141068838909e+00
1.437296811076483216e+00 2.971569365028298382e+00
2.674733838009940357e+00 -5.503406331938011320e+00
6.674681128014110509e-01 -6.030496603217336826e+00
-2.106189011797712229e+00 2.280893964189016909e+00
9.394336140146337943e-02 2.417305759609852611e+00
-4.633970725735246710e+00 1.968019526768711724e+00
3.760353652880136011e+00 -3.009574279111759676e+00
4.182995185722307774e+00 -2.669407299420097690e+00
-1.643425989132450304e+00 2.137288852409764406e+00
-2.484830377260062395e+00 1.949213223641734327e+00
-9.371907657618472332e-01 -2.889699932163057206e+00
-2.320407929603631292e+00 3.537607503326133607e+00
-6.021766559789598627e-01 5.124741569679172493e+00
-1.381051261120905538e-01 4.740565279273841526e+00
1.899900103254811512e+00 -7.050446163748546269e+00
6.755579038601812192e-01 -4.288136071222837131e+00
-2.721700370984756923e+00 4.566569104614654151e+00
6.282590384164470798e+00 -2.680533452538898409e+00
2.116228441675577443e+00 -2.371176926714248179e+00
3.948338359024463617e+00 -3.518546674047259515e+00
-8.359116345883119692e-01 4.926476462077949314e+00
-2.644750599500763411e+00 1.776298453582690673e+00
-2.271675180943237837e+00 3.812631382189064944e+00
-3.468125897085915010e+00 2.193257511053710029e+00
-1.750663965801400046e+00 2.640860972129948081e+00
2.061557077754282652e+00 -6.734799300889558360e+00
-3.601878211583761313e+00 2.754553276125378147e+00
7.037199246015132914e+00 -3.353474206503066934e+00
-4.037769216171142261e+00 5.388437476629899248e-01
2.850745106497505343e+00 -1.016834729002618898e-01
-1.286845402701844332e+00 3.616347551405818095e+00
3.172047988003185104e+00 -1.170374465651505380e+00
1.813494501204182818e-01 -3.402123825311165639e+00
-4.792837569012093346e-01 -3.883587424967514412e+00
3.533215228108126382e+00 -1.272010793868447509e+00
-2.152187902807581654e+00 4.554359175939431958e-01
4.410356576736503165e+00 -2.488279175429460199e+00
1.973061979801820742e+00 -3.960526290518258108e+00
-3.908425411594124155e-01 2.983117574439887676e+00
-7.506678647850985042e-01 4.875914884466038046e+00
1.649631536811254406e+00 -2.858344268288643963e+00
-1.678213794814138016e+00 -1.945285999895288054e+00
5.237334391122969279e+00 -3.046340007697172947e+00
4.450542039975824871e+00 -4.992405704545797462e+00
6.256636682570450247e+00 2.239010435362927431e+00
-1.120760932967107992e+00 3.477142047809639092e+00
-4.463756979038870476e+00 -2.985638164831080910e-01
-1.568675880770902697e+00 2.471112324858460774e+00
-2.292055686122927427e-01 -2.436899338247086710e+00
2.364649934584017732e+00 -2.349874362914085246e+00
1.535703175720745550e+00 -2.234047676019055295e-01
-1.466731066377702675e+00 3.213588747836801929e+00
-2.817667374947932402e+00 3.598714090993489378e+00
-1.907562764716528969e+00 1.885556224333928776e+00
-2.162271790905319069e+00 1.097075109538192761e+00
4.045832538130745171e+00 -4.709931357114738315e-01
3.325594916515218102e+00 -3.285393786727222487e+00
4.898661366433055830e-01 -2.696668091175076221e+00
-3.101948245705380192e+00 9.475920178657416537e-01
-1.699264593434674175e+00 3.327315411472963724e+00
-2.556306685627991016e+00 2.612465379063420023e+00
3.610268844449243009e+00 -1.844854301647230299e+00
-2.735932851369212049e+00 9.551754144554324144e-01
-3.951676433656880594e+00 -1.514536181123969039e+00
4.125944980952901409e-01 -2.905754697422425537e+00
-1.338109560982227553e+00 1.959477582856719691e+00
-2.867191813355919994e+00 2.507587481994258294e+00
-1.939934149453854673e+00 1.079930278592194481e+00
2.169192007208504691e+00 -1.389246710120861872e+00
-4.413497463309674629e+00 9.249505999445428728e-01
-1.643920753206649321e+00 1.121863010096997293e+00
3.663633154366794820e+00 -2.009664013520437553e+00
3.238593134912498006e-01 4.214190142776496728e+00
1.313620425585326768e+00 -7.290267191711928829e-01
1.715099025948421563e+00 -1.306663248953606749e+00
3.289635632221372119e-01 3.866947570249869237e+00
2.127655391789627704e+00 -6.362711461517788436e+00
2.108208464138257465e+00 3.905817522821886101e+00
1.745099694880239305e+00 3.060078079021886222e+00
4.114357922393744538e+00 -3.075536554468155881e+00
3.783764010125650890e-01 3.776034460417657002e+00
2.199137026897916680e+00 -2.429602753412920091e+00
-4.818647051304833506e-02 3.970550082750753607e+00
6.907370882246995913e-01 -6.340318147510261682e+00
-1.593612236282520023e+00 3.438980848738780960e+00
5.583090272141099097e-01 -3.600175451765032619e+00
1.570308497618072840e-01 2.712874253779060219e+00
-4.522729418931367817e+00 6.767799973078809650e-01
2.365094681219387152e+00 -4.758302945587626454e+00
2.106197279780809950e+00 -5.058718747964783269e+00
2.963842529060016773e+00 -3.496340022211261278e+00
4.700295687138617673e+00 -1.605344214036651840e+00
-2.355729821764645404e+00 4.178748481556826100e+00
-4.848188524993557458e+00 2.195520426223881660e+00
-1.633871677427487068e+00 -4.384400716233512796e+00
5.311244383670338465e+00 -3.315717360353208853e+00
2.735762473202085765e-01 4.660874370196022021e+00
-2.184169584253345953e-01 4.598761867624113542e+00
-3.295011458920348080e+00 2.023133344400965539e-01
-2.456975832575372998e+00 3.944661763799843346e+00
3.750075716572983109e-01 -3.840808369922279919e+00
7.978768824287613137e-01 -6.745481073399517413e+00
1.141356831423591123e+00 -2.765111316027601518e+00
5.519238177225656017e+00 -2.144223797509343665e+00
1.904210073785430613e-01 4.294852865416981302e+00
2.505381394548451990e+00 -1.605175309006785733e+00
1.013269977725931026e-01 4.436178402378072150e+00
5.546426116134175466e-01 -1.108215200231420061e+00
1.839720937676308843e+00 -2.804900807330567680e+00
1.499821899024788907e+00 -2.365137208764936716e+00
-4.142550099201184999e+00 3.498076306267893898e+00
1.261030468273557803e+00 4.579672422898524609e+00
-2.976981958515384274e+00 1.055416996218382586e+00
1.238135545920897806e+00 3.132903621556312856e+00
-1.165801034377863532e+00 3.144858542441995919e+00
-2.668347779288169352e+00 3.726926321396851760e-01
