2.690110000000000000e+05
2.612737952136918902e+05
2.537725129705923318e+05
2.465071532707014703e+05
2.394777161140192475e+05
2.326842015005455469e+05
2.261266094302805723e+05
2.198049399032241490e+05
2.137191929193763644e+05
2.078693684787372767e+05
2.022554665813067695e+05
1.968774872270849010e+05
1.917354304160716711e+05
1.868292961482669343e+05
1.821590844236710109e+05
1.777247952422836679e+05
1.735264286041049054e+05
1.695639845091348689e+05
1.658374629573733255e+05
1.623468639488205081e+05
1.590921874834761838e+05
1.560734335613406147e+05
1.532906021824136260e+05
1.507436933466953051e+05
1.484327070541855355e+05
1.463576433048844629e+05
1.445185020987919415e+05
1.429152834359080880e+05
1.415479873162328731e+05
1.404166137397662678e+05
1.395211627065083303e+05
1.388616342164590023e+05
1.384380282696182549e+05
1.382503448659861460e+05
1.382985840055627050e+05
1.385827456883478735e+05
1.391028299143415643e+05
1.398588366835440102e+05
1.408507659959550365e+05
1.420786178515747306e+05
1.435423922504030052e+05
1.452420891924399184e+05
1.471777086776854703e+05
1.493492507061396027e+05
1.517567152778024320e+05
1.544001023926738126e+05
1.572794120507539774e+05
1.603946442520426353e+05
1.637457989965398738e+05
1.673328762842458091e+05
1.711558761151603539e+05
1.752147984892835666e+05
1.795096434066153888e+05
1.840404108671557042e+05
1.888071008709048328e+05
1.938097134178624838e+05
1.990482485080288025e+05
2.045227061414037889e+05
2.102330863179872977e+05
2.161793890377795615e+05
2.223616143007804058e+05
2.287797621069898014e+05
2.354338324564078939e+05
2.423238253490345378e+05
2.494497407848698786e+05
2.568115787639139162e+05
2.644093392861663597e+05
2.722430223516275873e+05
2.803126279602973955e+05
2.886181561121759005e+05
2.971596068072630442e+05
3.059369800455587683e+05
3.149502758270631311e+05
3.241994941517759580e+05
3.336846350196975400e+05
3.434056984308278770e+05
3.533626843851666781e+05
3.635555928827141179e+05
3.739844239234701963e+05
3.846491775074349716e+05
3.955498536346082110e+05
4.066864523049902054e+05
4.180589735185808386e+05
4.296674172753801104e+05
4.415117835753879626e+05
4.535920724186044536e+05
4.659082838050294667e+05
4.784604177346632350e+05
4.912484742075055838e+05
5.042724532235565712e+05
5.175323547828161390e+05
5.310281788852842292e+05
5.447599255309612490e+05
5.587275947198468493e+05
5.729311864519409137e+05
5.873707007272436749e+05
6.020461375457547838e+05
6.169574969074748224e+05
6.321047788124035578e+05
6.474879832605408737e+05
6.631071102518866537e+05
6.789621597864412470e+05
6.950531318642041879e+05
7.113800264851761749e+05
7.279428436493565096e+05
7.447415833567453083e+05
7.617762456073431531e+05
7.790468304011494620e+05
7.965533377381643513e+05
8.142957676183880540e+05
8.322741200418204535e+05
8.504883950084606186e+05
8.689385925183099462e+05
8.876247125713680871e+05
9.065467551676350413e+05
9.257047203071103431e+05
9.450986079897937598e+05
9.647284182156861061e+05
9.845941509847877314e+05
1.004695806297097239e+06
1.025033384152615909e+06
1.045606884551342577e+06
1.066416307493278291e+06
1.087461652978422586e+06
1.108742921006775694e+06
1.130260111578337150e+06
1.152013224693106953e+06
1.174002260351086035e+06
1.196227218552273465e+06
1.218688099296669709e+06
1.241384902584274299e+06
1.264317628415087238e+06
1.287486276789109455e+06
1.310890847706339788e+06
1.334531341166779399e+06
1.358407757170427125e+06
1.382520095717283431e+06
1.406868356807348551e+06
1.431452540440622251e+06
1.456272646617104765e+06
1.481328675336795161e+06
1.506620626599694835e+06
1.532148500405802857e+06
1.557912296755120391e+06
1.583912015647645341e+06
1.610147657083379105e+06
1.636619221062321682e+06
1.663326707584473304e+06
1.690270116649833508e+06
1.717449448258401593e+06
1.744864702410179190e+06
1.772515879105165368e+06
1.800402978343358962e+06
1.828526000124761835e+06
1.856884944449373754e+06
1.885479811317194719e+06
1.914310600728223100e+06
1.943377312682460528e+06
1.972679947179907467e+06
2.002218504220562289e+06
2.031992983804425225e+06
2.062003385931497673e+06
2.092249710601778002e+06
2.122731957815267611e+06
2.153450127571965102e+06
2.184404219871872105e+06
2.215594234714988153e+06
2.247020172101311386e+06
2.278682032030843198e+06
2.310579814503584523e+06
2.342713519519534893e+06
2.375083147078693379e+06
2.407688697181059979e+06
2.440530169826635160e+06
2.473607565015418921e+06
2.506920882747412659e+06
2.540470123022614513e+06
2.574255285841024481e+06
2.608276371202643029e+06
2.642533379107470624e+06
2.677026309555505868e+06
2.711755162546751089e+06
2.746719938081204426e+06
2.781920636158865876e+06
2.817357256779736839e+06
2.853029799943815451e+06
2.888938265651103109e+06
2.925082653901598882e+06
2.961462964695304167e+06
2.998079198032217566e+06
3.034931353912340477e+06
3.072019432335671037e+06
3.109343433302210178e+06
3.146903356811958365e+06
3.184699202864915598e+06
3.222730971461080946e+06
3.260998662600455340e+06
3.299502276283037849e+06
3.338241812508828472e+06
3.377217271277829539e+06
