2.690110000000000000e+05
2.633017646523284493e+05
2.579617614598297223e+05
2.529909904225036444e+05
2.483894515403501573e+05
2.441571448133694357e+05
2.402940702415615087e+05
2.368002278249261726e+05
2.336756175634635147e+05
2.309202394571735640e+05
2.285340935060562624e+05
2.265171797101117554e+05
2.248694980693397811e+05
2.235910485837406886e+05
2.226818312533141288e+05
2.221418460780602763e+05
2.219710930579791893e+05
2.221695721930707805e+05
2.227372834833349916e+05
2.236742269287719973e+05
2.249804025293815357e+05
2.266558102851639560e+05
2.287004501961189671e+05
2.311143222622466565e+05
2.338974264835470240e+05
2.370497628600201569e+05
2.405713313916659390e+05
2.444621320784843992e+05
2.487221649204755086e+05
2.533514299176394125e+05
2.583499270699759654e+05
2.637176563774851384e+05
2.694546178401670768e+05
2.755608114580216934e+05
2.820362372310489882e+05
2.888808951592489611e+05
2.960947852426217287e+05
3.036779074811671162e+05
3.116302618748850655e+05
3.199518484237759258e+05
3.286426671278392314e+05
3.377027179870753898e+05
3.471320010014841682e+05
3.569305161710657412e+05
3.670982634958200506e+05
3.776352429757468635e+05
3.885414546108464128e+05
3.998168984011186985e+05
4.114615743465636624e+05
4.234754824471813627e+05
4.358586227029716829e+05
4.486109951139346231e+05
4.617325996800704161e+05
4.752234364013786544e+05
4.890835052778599202e+05
5.033128063095138641e+05
5.179113394963401370e+05
5.328791048383392626e+05
5.482161023355111247e+05
5.639223319878558395e+05
5.799977937953730579e+05
5.964424877580631291e+05
6.132564138759254711e+05
6.304395721489610150e+05
6.479919625771687133e+05
6.659135851605497301e+05
6.842044398991030175e+05
7.028645267928289250e+05
7.218938458417276852e+05
7.412923970457991818e+05
7.610601804050435312e+05
7.811971959194602678e+05
8.017034435890498571e+05
8.225789234138117172e+05
8.438236353937470121e+05
8.654375795288543450e+05
8.874207558191349963e+05
9.097731642645875691e+05
9.324948048652134603e+05
9.555856776210116223e+05
9.790457825319827534e+05
1.002875119598126272e+06
1.027073688819443109e+06
1.051641490195932100e+06
1.076578523727593943e+06
1.101884789414428640e+06
1.127560287256435957e+06
1.153605017253615428e+06
1.180018979405968217e+06
1.206802173713493627e+06
1.233954600176191656e+06
1.261476258794061840e+06
1.289367149567105575e+06
1.317627272495321697e+06
1.346256627578710206e+06
1.375255214817271568e+06
1.404623034211005317e+06
1.434360085759912385e+06
1.464466369463992072e+06
1.494941885323243449e+06
1.525786633337668842e+06
1.557000613507265691e+06
1.588583825832036557e+06
1.620536270311979344e+06
1.652857946947095217e+06
1.685548855737383245e+06
1.718608996682844125e+06
1.752038369783478789e+06
1.785836975039284211e+06
1.820004812450264115e+06
1.854541882016415475e+06
1.889448183737739688e+06
1.924723717614236753e+06
1.960368483645907370e+06
1.996382481832749443e+06
2.032765712174765300e+06
2.069518174671952147e+06
2.106639869324313011e+06
2.144130796131846495e+06
2.181990955094552133e+06
2.220220346212431788e+06
2.258818969485482201e+06
2.297786824913706630e+06
2.337123912497103680e+06
2.376830232235672418e+06
2.416905784129415639e+06
2.457350568178328685e+06
2.498164584382416680e+06
2.539347832741677295e+06
2.580900313256110065e+06
2.622822025925715920e+06
2.665112970750493929e+06
2.707773147730444558e+06
2.750802556865569204e+06
2.794201198155864142e+06
2.837969071601334959e+06
2.882106177201974206e+06
2.926612514957788400e+06
2.971488084868777543e+06
3.016732886934936978e+06
3.062346921156269498e+06
3.108330187532773707e+06
3.154682686064452399e+06
3.201404416751302313e+06
3.248495379593326710e+06
3.295955574590522330e+06
3.343785001742890570e+06
3.391983661050432362e+06
3.440551552513145842e+06
3.489488676131032407e+06
3.538795031904091593e+06
3.588470619832324330e+06
3.638515439915727358e+06
3.688929492154305335e+06
3.739712776548055932e+06
3.790865293096978217e+06
3.842387041801074985e+06
3.894278022660342511e+06
3.946538235674783122e+06
3.999167680844397284e+06
4.052166358169184532e+06
4.105534267649143469e+06
4.159271409284273162e+06
4.213377783074578270e+06
4.267853389020056464e+06
4.322698227120704949e+06
4.377912297376528382e+06
4.433495599787522107e+06
4.489448134353689849e+06
4.545769901075028814e+06
4.602460899951541796e+06
4.659521130983230658e+06
4.716950594170087017e+06
4.774749289512118325e+06
4.832917217009324580e+06
4.891454376661701128e+06
4.950360768469250761e+06
5.009636392431970686e+06
5.069281248549864627e+06
5.129295336822933517e+06
5.189678657251172699e+06
5.250431209834586829e+06
5.311552994573171251e+06
5.373044011466928758e+06
5.434904260515861213e+06
5.497133741719963029e+06
5.559732455079241656e+06
5.622700400593689643e+06
5.686037578263309784e+06
5.749743988088104874e+06
5.813819630068072118e+06
5.878264504203212447e+06
5.943078610493523069e+06
6.008261948939008638e+06
6.073814519539667293e+06
6.139736322295497172e+06
6.206027357206501998e+06
6.272687624272677116e+06
6.339717123494022526e+06
6.407115854870546609e+06
