-8.145724033425343347e-01 -1.323194303072556588e+00
-4.960724520004676563e+00 8.286403290645088404e+00
-1.134320342181413821e+01 3.961119725779864265e+00
-1.151550132840716056e+00 -9.347911862447841891e-01
-1.088381299125203983e+00 1.877117249007217437e-01
-7.148289353912469224e+00 1.325174989791288027e+01
-1.103862744532074203e+01 1.562004862359841262e+01
1.140640983307773304e+00 8.869340404211667472e-01
-8.579697640436936723e+00 1.041551749432852070e+01
-3.843164480736695143e+00 -3.434869203385515490e-01
-1.064030700156646247e+01 7.635207876478141031e+00
7.289855076467934014e-02 -1.181669123707927316e+00
-2.673352254887197521e+00 -2.605305005438173449e+00
-1.268406750858938103e+01 1.167252325685376313e+01
-9.406056257092377804e-01 -9.266761945419996760e-01
-7.008229659696132430e+00 1.391839127374600249e+00
-5.495826389786014232e+00 -1.070976227850121809e+00
-8.979575989836115824e+00 6.222327333065542199e+00
-1.185880787513226053e+01 7.641295280957294267e+00
-1.281721986354544285e+01 5.413726018814383423e+00
-1.141982097057936851e+00 2.937715782766086914e+00
-3.154989299527274582e+00 1.087433192995162390e+00
-1.435265154142660871e+00 1.568492490720976296e+00
-4.811748188675755156e-01 2.090204186111506157e+00
-1.156945276510620602e+01 9.011158819562048450e+00
-1.966556678937894098e+00 -2.331416531681222426e-01
-6.855798750501407302e-01 -3.403507411771341529e-01
7.230504064320125712e-01 -1.314198925234113524e-01
-2.176505317054068467e+00 2.075324169255217122e-01
-3.650865091960065811e+00 7.755384480739788700e-01
-1.336313104209610891e+01 9.160867573065109681e+00
-1.709191289801590186e+00 -9.112727759886911638e-01
1.453640476770076351e+00 -8.090636396398713792e-01
6.071034426315886634e-01 -2.268151411751860191e+00
-1.129842866980120064e+01 8.271568856600511666e+00
-3.266427174407359857e+00 -1.380072197925621191e+00
-3.033172752976512343e-01 -6.062713266939284695e-01
-1.239584284263718317e+01 1.027421159495465730e+01
-1.072471561264539730e+01 1.101517587014308575e+01
-1.165215256977186797e+01 7.864829544687433227e+00
-9.100928945967586614e+00 9.885499368613652749e+00
-5.430223921004715404e-01 -1.581638100159554527e+00
-2.292450210684260359e+00 1.065911963718650268e+00
-1.152269077509310691e+01 9.387465280157254455e+00
-1.086721592303161454e+00 -1.456534856332900585e+00
-6.251994062945112951e+00 4.474717180840332986e+00
7.095503698310312579e-02 3.011170385503641467e-01
-6.404762980339286926e+00 7.978219219703167830e+00
2.210604411703062655e-01 -1.206486555137511685e+00
-9.720700764345497902e+00 6.705070240220555533e+00
-1.035492993617501911e+00 -1.716624408835933924e+00
-6.578450109395284073e+00 2.646970814860909016e+00
-6.355772300079172155e-01 7.989255726770356780e-01
-1.388821314436309784e+01 5.548959658510645987e+00
-6.578370345155422072e+00 1.067743580016046856e+01
-7.799637826680831054e+00 7.338540551903643738e+00
-2.215764956869363367e+00 1.951955265006609652e-01
-1.044923036469189448e+01 6.447755565839456082e+00
-1.113444232375975851e+01 4.749115161488570713e+00
-1.278126154933803704e+01 8.459304406448000080e+00
8.915697235891240080e-02 -5.070074085031914812e-01
-9.780931177569696544e+00 1.044715680401238167e+01
-9.232837757016019609e+00 6.402037219694824088e+00
-4.098151342115607498e+00 2.334456260627077562e+00
-6.068537331319260986e+00 6.316355709204961588e-01
-2.154364689992175341e-01 -1.797363646054398245e+00
-3.155444976799751666e-01 -6.024966698284999200e-01
-8.131287267849565126e+00 7.456135253525490114e+00
-7.175809294961695839e-01 -8.383521999300110883e-01
-2.185769225373457303e+00 1.377183615131661432e+00
-4.602872248645522468e+00 -2.246139481011173444e+00
-1.007715479991742491e+00 -5.338183629796826590e-01
2.084518323065374545e+00 -6.951936459265977142e-01
1.147257817294006221e-01 -2.750060732377514583e+00
-1.429211545497627744e+00 1.433849981512498317e+00
-9.734632496860937678e+00 7.168439649419106274e+00
-1.028512622764771223e+01 8.585906482176723031e+00
-7.848404303403073712e+00 8.977718638788784844e+00
-2.365941991594681326e+00 -3.698799525927291554e-01
-9.219431095077364802e+00 6.035488304672241178e+00
-6.202196898795225621e+00 1.698379665221175117e+00
-7.621320282177245886e+00 5.685212166323150740e+00
-1.628799614768866810e+00 -1.907821509190688936e+00
-3.729404034756667596e-01 -2.633176318098569446e+00
-6.589905004413510348e+00 6.344334632561415610e+00
2.472882854372860706e+00 -3.249141907312792732e+00
-6.729176047370826197e+00 2.430778060128384155e+00
-6.984265013397616073e+00 9.963034145331453928e+00
-8.763218079132482075e+00 1.160570859174410252e+01
-8.304122584385032368e+00 1.311147583723526466e+01
-7.471271786025410755e+00 9.729599388521956271e+00
-9.385081389638051386e-01 -2.574439506623253382e-01
-8.801078364482689764e+00 3.001392284372522035e+00
8.120054954110116352e-01 -4.015174141909404248e+00
-9.354218904020509484e+00 7.422334085216215627e+00
-7.538435023659643797e+00 1.244977456971456320e+01
-8.025006124137060937e+00 8.277916253123411394e+00
-6.739536664742088234e+00 9.184212778006861200e+00
-6.899501378474146573e-01 2.010295406056538337e+00
-1.201954441706306120e+01 1.256314857485663694e+01
-8.351333177907127592e+00 9.429063699800050102e+00
-5.077477717524145007e+00 4.902928387773930474e-01
-8.372842804044005049e+00 7.258767071475917376e+00
-7.371592968661574430e-01 6.881567527383645189e-01
-3.950860945149100800e+00 8.200336239655696691e-01
-9.609244259592340853e+00 4.645180181872880176e+00
-3.961757261813888320e+00 1.855729742944744354e+00
-4.503509822364151205e-01 1.468628576976419020e-01
-3.474220142430945124e+00 -1.384313820734574874e+00
-1.071447143230579258e+01 3.430519123601592391e+00
1.214173038484447353e-01 -9.366877480097581810e-01
-1.064409031290762253e-01 -3.124349149259169955e+00
-1.333849841839535344e+01 7.092910553634570014e+00
-9.749464471476319005e+00 1.341322604543152153e+01
2.572417670151090796e+00 4.740900690021229158e-01
-9.269183605893212885e+00 7.292599456812031811e+00
-3.024653950107230038e-01 -7.816953735089939848e-01
-6.501284392092012698e-01 -5.630647598605127424e-01
-3.332996536277416766e+00 1.800873725153758986e+00
-9.811684107696434509e-01 -2.098917075416304456e-01
-1.468248275557385352e+00 -2.341797914110333778e+00
2.660591332966050437e+00 -1.634375081216607573e+00
-3.720398907776039099e+00 -2.480092228213655936e+00
-1.215745421924158620e+01 1.036690169402020167e+01
2.734794075403465641e+00 -1.999044254159733303e+00
-4.586902141257071186e+00 -1.012892696846553253e+00
-1.298763237089320199e+01 9.981974221069135567e+00
-1.911729914809543240e+00 2.677385253929170261e+00
-9.331067131305498918e+00 7.024616752064392955e+00
-1.037006775605351905e+01 7.888295217237259571e+00
2.479551021077846862e+00 1.697777712108041737e+00
-1.186208375984333152e+01 6.998436531885625200e+00
-1.153859252374097899e+01 9.997893241077655091e+00
-3.837153720151429859e+00 -1.426909391947798200e-01
-1.514168484528570335e+00 -3.539477948563816589e+00
-2.237872267618745248e+00 5.630771640630191088e-01
-1.070380459208488944e+01 4.999660106155232597e+00
-1.015435652684785417e+00 -1.345351483235732171e-02
-1.788655933977457480e+00 -3.132690835455244738e+00
-1.077807301828412889e+01 8.776637071520996258e+00
-1.126108630139593458e+01 5.657976474229345243e+00
-6.558025779269266664e+00 8.331625686554874122e+00
-5.915316269899416390e+00 3.907559594454543817e-01
-9.770070428396523399e-01 4.772404125465823377e-01
2.341276594158581581e+00 -3.077317021462810942e-02
-9.882329869398098765e+00 5.302915276647081733e+00
-3.553716263420882981e+00 9.141002810283018754e-01
-2.153060701149954959e+00 -1.057076057483767428e+00
-8.230661366943497370e+00 6.964946849179103339e+00
-1.025020577470927385e+01 1.231929194131420857e+01
-1.289919023512634411e+01 5.590755721473597006e+00
-1.006801248834863216e+01 6.636021950773212552e+00
1.569683479067045750e+00 1.270454295633349773e+00
3.577110307621059526e+00 -1.167840198222253489e+00
-1.052523005945870160e+01 8.193878767485681891e+00
-2.990045352918262900e+00 -8.339832680463299397e-02
-7.476789039477917065e+00 5.181241357406897841e+00
-7.530419375825211148e+00 1.149497142463324018e+01
-1.083324083239068969e+01 1.065618466287243749e+01
-1.916287582211111840e+00 -3.676357038010772627e+00
-8.656881842036826313e+00 1.027547436728185914e+01
-5.463928225765403823e+00 9.665937817258779541e-01
-9.560289188500664892e+00 9.089618167096848111e+00
-6.790227067945105333e+00 9.742067983307906687e+00
-8.750010750976755958e+00 9.683651599335986404e+00
-1.054593289953301039e+01 1.028498743035594210e+01
4.190657937657835674e-01 9.466870522543768818e-01
-1.000450200443926008e+01 7.723272961796262770e+00
-8.064637595179041440e+00 -1.567990677868484450e+00
2.248626986943756734e+00 -2.833100157813950304e+00
-1.159620069080528992e+01 6.919882351018385336e+00
-5.322707267703330913e+00 -9.567972720381068275e-02
-1.452917988440215247e+00 -3.403606618537463602e-01
9.893247838361510782e-01 -9.386318412966794256e-01
-1.200493375611801383e+01 1.144652770918453122e+01
-1.206217532396173553e+01 1.141958017305053552e+01
-7.870928991481332737e+00 5.385026044506584952e+00
-2.721397683378782961e+00 -9.300053116042669155e-01
-2.550376114171652553e+00 -9.340922682289098944e-02
-9.176537949752560763e+00 6.366032949429218490e+00
3.356102847714688142e+00 2.729533684560969675e-01
2.947619319393312565e-01 -1.816240398513202514e-01
1.249671245894804272e+00 1.120954647248702640e+00
2.297380842285675850e+00 8.441835087825761974e-01
-6.687503229523933612e+00 8.389168406100511177e-01
-1.373663257835425311e+00 -1.649386786948946249e+00
-1.401419325081312195e+01 8.221300081837078721e+00
-2.938536219823669526e+00 1.917268520797768661e+00
-4.800209866268439818e+00 6.115855154816440375e+00
-1.212536916649801277e+01 6.293566143450438410e+00
-3.444025321659374139e+00 -9.552986134916692240e-01
-1.228874419146793073e+01 1.385264747143011377e+01
-1.221514093389119893e+01 6.272006247817494717e+00
1.581285807557308853e-02 -2.327060645242406522e+00
-1.170260598833380961e+00 -8.427199386819818061e-01
5.385001811441764152e-01 -6.554428866798220898e-01
-2.066857870250343954e+00 4.868333716898270436e-01
-5.574750745612632841e+00 4.078824928802435856e+00
1.978555258129947481e+00 -1.471087966964286675e+00
-4.808139550562636089e+00 2.910806850640817345e+00
-1.641486234413473966e+01 9.450307670860819798e+00
-1.886736023901053994e+00 1.811129878525307157e-01
-6.537561857804183862e-01 -1.446565876504562587e+00
-6.348159993622723984e-01 8.111627970053474357e-01
-9.772942113337604653e+00 8.951198496158298212e+00
-1.187118186035901957e+01 7.720614811509562969e+00
-1.102637463079149338e+00 -4.773845723368655980e-01
-3.782073533552885891e+00 -4.494837803890905370e-01
-2.994634125567284144e+00 -2.750608964939034173e+00
-6.764490167001093290e+00 1.277664771367092378e+01
1.272554839470482868e+00 -2.113574879437033260e+00
-7.226356607723950276e+00 6.827485922954494413e+00
-4.083075633527519344e+00 -2.108405480260694187e+00
-7.127859607884374782e+00 4.615861609895206996e+00
-6.470898400764067304e+00 6.425283843046665666e+00
7.534232491040178115e-01 2.338176100768533106e-01
-3.484447143470972286e-01 6.793053273566901362e-01
-2.284801095811153537e+00 2.175372386279512682e+00
-2.701166278409504518e+00 -7.314870872761283227e-01
-1.627979721874310171e+00 6.652682737817078307e-01
1.959290557389643528e+00 7.814714130530121539e-01
-5.499416569567524782e+00 2.288770619931532302e+00
7.022704011874715269e-01 -2.740885974835090000e-01
-1.202137312161130467e+01 8.508241977777821319e+00
1.071412590732112591e-01 1.921436112159448095e-01
-1.233521323551201831e+01 9.644324676635555704e+00
2.977331066602892928e+00 -7.974644594020214861e-01
-1.369932365716816669e+01 1.257781478915241813e+01
-2.985634784422553700e+00 1.109844416353486518e-01
-9.391875929350142371e+00 6.653224885349505513e+00
-9.002218563229934745e+00 1.131995402024458741e+01
-1.330849437917177802e+00 -7.331905677925437681e-01
-1.063715420200965056e+01 6.583850434205404056e+00
-3.119346163997295918e+00 8.869653405550870229e-01
1.105914131235626208e+00 5.859830752955953459e-01
-1.175589012217522544e+00 -3.541447314712932171e-01
-1.759654348047891004e-01 -1.482917916769503908e-01
-9.436439475322615067e+00 9.410143153838395946e+00
1.771767161518637002e+00 -1.185660976853200044e+00
1.417268516751039265e+00 -1.477987923355905231e+00
-1.850083614177441937e+00 -1.782123126971384419e+00
1.117951638395894287e-01 1.030846540681486623e+00
-6.723490975011479520e+00 7.822863796073749043e+00
-4.883020464764170399e+00 -3.582509125860163790e-01
2.912122134037464782e-03 -1.324751176241080852e+00
-3.889195054242240435e-01 4.276807566698315632e+00
-1.181955076806147886e+01 7.813754034554074579e+00
-8.809662210314572750e-02 -2.497228232462119557e+00
-6.487587615390027374e+00 5.550282771579017727e+00
-7.958613213144210441e+00 4.683479946485999079e+00
-8.924174726809185998e+00 7.588133921627022715e+00
-1.068673853727692524e+01 7.308089166921670987e+00
-2.284198906823802222e+00 4.415888316440101935e-01
-4.002825208398817836e+00 -3.499639753268311004e-01
-1.121413948871693989e-01 -9.115891229472264934e-01
1.855442910087559572e+00 7.558205579469430280e-01
-1.303466575751940404e+01 1.514746520942098229e+01
3.844244352625141858e-01 8.910531624302910902e-01
-9.047064326112167265e+00 9.727864236077335747e+00
-6.513591461807508587e+00 7.705478477279736005e+00
2.891417725234701308e+00 -1.079708908520229160e+00
-1.141075481499025202e+01 1.142119851411555942e+01
-9.496828004386660638e+00 8.973159941420933094e+00
-9.832749067193150339e+00 5.939403279498029598e+00
-3.848355530224740750e-01 -9.932127507197043847e-01
-5.461249283903280016e+00 -9.105147166482355781e-01
-1.500011688597481907e+00 -2.160740867973561519e-01
-8.994010559484785006e+00 8.918822656485536626e+00
-1.600102036575999520e+01 9.572229061864213406e+00
-4.422308431431407172e+00 1.672577898068488889e+00
-2.568617613589063264e+00 -3.891366115096567935e+00
2.925672743209805304e+00 -2.603568437938623692e-01
-9.919524021350611065e+00 7.279573491980201538e+00
-1.017672519738054504e+01 9.011190241556397140e+00
2.831620044465128938e+00 -2.504906168045731185e+00
-7.748306540410618837e+00 4.568871886622590139e+00
1.520063962956779702e-01 1.190241129458937230e+00
-2.219160524704560711e+00 3.031567916879410740e-01
-1.137855931965484046e+01 1.030164155613514687e+01
-4.474413193457914772e+00 -1.184030288811924292e+00
1.181674236746268036e+00 -2.079042002314628323e-01
-7.261060634221151666e+00 8.346937575415537935e+00
-9.163650152142379213e+00 4.551021891359654958e+00
-8.695383176102986056e+00 7.769344541172596763e+00
-1.342726275181105766e+00 -1.931455714972224236e+00
-7.281343414119414881e+00 5.684621448590777781e+00
-7.598041472757194548e+00 1.132776129245101338e+01
-7.359060399238286365e+00 7.783437811300347065e+00
-1.081824389544494380e+01 9.029826924797760057e+00
-2.618158477157913389e+00 -6.464739442088266452e-01
2.008898579902548942e+00 1.420853314707078985e+00
-5.296319920939383863e+00 -7.822101595515290606e-02
-7.639661778860006969e+00 1.228970170589088085e+01
-8.117772931600668596e-01 -8.303633515968190659e-01
1.609781983803830085e+00 -9.524750591207231665e-01
-2.136002104440232863e+00 -1.027990145260823329e+00
-1.175726746284834334e+01 7.433125487229309769e+00
2.357086735097814412e+00 2.568514664484788934e-02
-8.396236717588838161e+00 1.233882845743724843e+01
-8.597410345726110847e+00 6.196154076409317923e+00
-8.914477311107546598e+00 1.027374779423050377e+01
-4.891226545791855784e+00 -6.379572932183368295e-01
-1.225954702482595593e+01 6.568123360115750486e+00
3.725716806699151284e+00 1.531359616206686036e+00
-1.178813399563924058e+00 -8.473275120215107981e-01
1.071855860709475916e+00 1.313359922806254243e+00
-3.802195209961492850e+00 9.097988683181921221e-01
-5.504986663652380763e+00 6.260017914431795782e-01
-2.194457317453796796e-01 1.196800110904606917e+00
-5.976090690803173011e-01 1.483713505877689798e+00
-2.941205939683769532e+00 -2.053528806537909368e+00
-8.148101155899928116e+00 8.633289502468789678e+00
-7.472254004972564978e+00 7.673521705808996174e+00
-3.532954575757547566e+00 1.518245165624287241e+00
1.782257268486018065e+00 7.305793957397227478e-01
-1.210048150479863160e+01 4.265762635000239555e+00
7.518056754663866581e-01 5.351645882875355476e-01
-8.638907339231838733e+00 1.291636453485577718e+01
-1.443523685557844827e+00 1.137788831997349703e+00
-9.472524977807413649e+00 1.535575124270006420e+01
8.345476389758965663e-01 1.902783522303440833e+00
-8.477536794355480243e-01 -1.976764102095976305e+00
-3.831423051391028567e-01 7.897872466740160080e-01
-1.075682698769380607e+01 8.796944433897520454e+00
-4.239678200847128986e-01 -2.366878175170208376e+00
-7.620588056624969298e+00 4.667288487997130808e+00
2.533767018607155030e+00 -1.504579037152919518e+00
-7.056447448701263170e+00 1.037709562118904927e+01
-1.276321024186820807e+01 1.191072521165965803e+01
-8.513060507168493274e+00 1.260169216477813947e+01
-1.330992574335588152e+01 1.125268251801183972e+01
-9.882571261718588573e+00 5.356100539007206507e+00
-1.135050762905743937e+01 8.271713549967527612e+00
1.447103743225419237e+00 2.277204381686780410e-01
-1.034212956232357428e+00 -2.897833051544394856e+00
-8.102884546171228664e+00 8.806687893356683006e+00
1.495687455851941294e+00 -1.318776176613222884e+00
4.525078553476096221e-01 -1.776110444003935473e-01
-7.106788879330538933e+00 8.225926445727468561e+00
1.613404005191295010e+00 -1.087159555086740337e+00
-1.489453412041828129e+00 -1.733544996360169232e+00
-3.265386897828751689e+00 -1.103383132701400982e-01
1.071460884530063495e+00 -1.796665235334970134e+00
-1.707309519657597807e+00 -2.091957679035999718e+00
3.333017403382720900e-02 -1.349583570027813595e+00
-3.822970603384234778e+00 -7.077792418067277991e-01
-1.220690259271155398e+01 8.456295845422651780e+00
1.993502904977104695e+00 -3.675301947033970063e+00
2.317458072713673989e-01 1.784236947837169573e+00
-8.617682520957018255e+00 7.880728291370903804e+00
-5.665148942053308545e+00 -6.762378242231028569e-01
-1.342879378396460410e+01 4.905458093128279629e+00
-8.717247073540903557e+00 7.731252213258542838e+00
-2.777590665710546469e-01 -2.113977949951180602e+00
-1.292219932349086164e+00 -3.251320227722061418e+00
-9.727515658883223892e+00 5.458897434904383061e+00
3.164316710063054927e+00 7.380323902899704747e-01
2.803269793125873655e+00 -7.785197326446740007e-01
2.507880359709202978e+00 -1.411895017878468384e-01
-1.226164216922626515e+01 9.218740466001214884e+00
-5.946432477205691569e+00 9.288003934711026588e+00
-9.995342106661645687e+00 9.440773889523697449e+00
-6.981103116630825944e+00 6.271699761789705008e+00
-2.513913536328639786e+00 -4.395771562984545633e-01
-1.329722656087467669e+01 6.770617583668623318e+00
-1.474569217364363283e+01 1.501461529119859684e+01
-6.927342081129173046e+00 -2.472451359762808831e+00
6.166943575863508276e-01 1.594941968283654088e-01
-3.673223103147886359e+00 4.465105283919048040e-01
-1.265811529483443820e+01 8.928280061306148596e+00
-9.748833005130327578e+00 6.926112462835364525e+00
-3.096800651343527111e+00 1.578094983521299621e+00
2.405382276683730058e+00 -1.021234435503368232e+00
-1.536972029892681846e+01 1.207202660494530377e+01
5.263166366263802853e-01 -1.619149833474979872e+00
-5.663393949887480794e+00 1.403953708463673422e+01
7.185317634513914697e-01 4.485888262222816891e-01
-5.873835317360851072e+00 2.596665089691940764e-02
-7.096472511569087871e+00 1.238047578166019491e+01
-7.524903903790963966e+00 1.028491561889739003e+01
-9.409539373017814512e-01 -1.250533955607880499e+00
-1.039238221740101586e+01 6.977368268623054703e+00
-7.030712774358488737e+00 6.814591887667510228e+00
-1.075824681234651869e+01 1.155483175147345243e+01
3.266347614474968353e+00 -3.281877832624384261e+00
-1.879392207736392817e-01 -1.277618636254737261e+00
-7.584083070892171818e+00 7.537392265237810030e+00
2.855734881401947867e+00 -2.739496095438062717e+00
-1.617989782000119003e+00 -1.259152766122642930e+00
-5.988122571175537701e+00 -1.215195296188878782e+00
9.583324468086518166e-03 -1.674502471174569962e+00
-8.332797053638708595e-01 -1.955108990079843734e+00
8.987943150671233727e-01 -6.834006588861791798e-01
-1.266336641722150702e+01 1.245879024348115571e+01
-9.818207731927074633e+00 7.867600297399495624e+00
-2.216296888069926752e+00 3.388917844347278385e-01
8.122536127158103136e-01 1.875190093603213981e+00
-1.084412190225157957e+01 9.275805608561798365e+00
-1.061434226764404443e+01 6.194639692918988416e+00
-9.080727363580278322e+00 1.039469382305508560e+01
-9.385851259716339712e+00 1.257531110892512594e+01
-1.022769223457027365e+01 1.469135141747758944e+01
2.094799273920912697e+00 -1.580190306981756221e+00
-1.811528383858059366e+00 1.120590093364977502e+00
-6.952344862844412887e+00 -1.436155675212976268e+00
-3.412025699373919529e+00 -1.892194925043806153e+00
-1.322763949958306995e+01 1.169806511883830602e+01
2.337521558005142275e+00 -1.734582382948145485e+00
5.835418868800613668e-01 -6.665699751141294094e-01
-1.073213870107409562e+01 1.158999917876494479e+01
-8.911070468894652929e-01 -1.448016555024586927e+00
-5.647152913187939660e+00 1.938298942181466478e+00
-9.818645387635028143e+00 7.681504909009846394e+00
-5.883121277304019792e+00 2.121655252246107182e+00
-1.835436252011747316e+00 9.671264505963146352e-01
-7.903090147436632407e+00 8.216726482039076629e+00
-1.069445411950023228e+01 6.769374621215169086e+00
-4.603268690091596449e-01 -4.870480808730760502e-01
-2.661179501146589299e+00 -6.831805453232991932e-01
-9.772492204942343719e+00 3.612722754459228192e+00
-1.169303354509366244e+01 1.190523829210001949e+01
-1.153640372388406332e+00 -2.153092783438563806e-01
-1.370272871901309131e+01 6.387267486603893651e+00
2.211175914509323270e+00 -2.028388732326750876e+00
-6.895129721490837582e+00 1.168797982667578239e+01
-9.880438722680505492e+00 4.221086371347080757e+00
3.359348575290281413e+00 6.310469021111955179e-01
3.901535683418886347e-01 -1.852547922132523617e+00
-1.103145928270561171e+01 9.725205523472592262e+00
-1.252976616860649450e+01 3.960727245787010631e+00
-1.102476323029860428e+00 -2.811189359354947515e-01
-5.331081619150030981e+00 1.122871773038665211e+01
-1.303519415114231350e+01 9.366639960711797386e+00
2.162603666508089439e-02 8.053991485606371015e-03
2.690458469083696347e+00 -1.530705925558608849e+00
-7.872628983827792970e-01 1.776394860355502203e+00
-2.509446284362599755e+00 -1.753693511370880032e+00
-1.082840755950029354e+01 1.566315697066650614e+01
-8.949581761675514002e+00 6.941628957584320858e+00
-7.765292405660237485e+00 8.012886360095095029e+00
-1.000884484056265045e+01 1.136039751360592653e+01
-1.448019552414633981e+00 2.425482251667437250e+00
-7.909110779379053824e+00 8.057190022267626262e+00
-9.476637636303927081e+00 7.696440406750039820e+00
-2.076498261475519858e+00 2.591993488755737207e-01
-7.716889616130861995e+00 1.703030298880581772e-01
-1.029457413838447266e+01 8.370956338358389814e+00
-1.069525005984680277e+01 9.239253609084254748e+00
-9.478274671362179049e+00 1.008176010257789557e+01
-4.876378689999441463e+00 3.037589122946347531e-01
-7.555185394553943112e+00 9.632467908480432328e+00
-5.209802197462605200e+00 -5.363946373601995443e-01
-6.729623784573141698e+00 6.484261791083384630e+00
-2.762594235839707313e+00 -1.012885905299578670e+00
-6.124491231354873833e-01 -1.408711408187903524e+00
-9.057883225295592311e+00 1.030311757639358383e+01
-8.141094514859938513e+00 1.232957756441912522e+01
-5.544083018684480280e-01 -1.436052565848445539e+00
-1.167796123824751398e+01 1.222189844579657425e+01
-3.984586162289013522e+00 -4.985032318963334430e-01
-9.793048721435349435e+00 3.652991921582792401e+00
-6.016187198155751759e+00 1.789722359024856324e+00
-9.633759258211027188e+00 9.970193349335453092e+00
-8.004995706015817447e+00 4.835852768590424233e+00
2.634974624572948620e+00 5.846747614770646528e-01
-9.938045242101340548e+00 8.363913851649765974e+00
-1.396881752168376423e+01 1.107222798357051374e+01
1.214077243808996176e+00 -7.770627763558725087e-01
-9.137310931667148139e+00 6.462415035210090863e+00
1.724225537661000729e+00 -1.472837180980817617e+00
-9.024241669661922316e+00 6.552566171592477673e+00
3.316602975222342486e-01 4.690487828262090986e-01
-1.353819844453720833e+01 1.189982351588892051e+01
-7.824816242899435892e+00 4.383185734493128649e+00
-7.078536553249143992e+00 5.762245261139695707e+00
-1.632776637539473219e+00 -2.043876298559972327e+00
-4.344905954933372172e+00 -1.214770459916744372e+00
-1.141407305388355908e+01 9.286056575707277716e+00
-1.510693502855797288e+00 -1.677263261248145954e+00
-4.987758216827975488e+00 1.068228143905918470e+00
-3.138902231618601935e+00 -5.060045062502953606e-01
-9.517921955581958304e-01 -3.274960544915070937e-01
-8.965148229673925329e+00 7.943704575168741400e+00
-8.576348382636444612e+00 9.172673001629361167e+00
7.452560391866838163e-01 -2.340842616454122282e+00
-8.654707459332895425e+00 1.503556415497642629e+00
-6.606164600362553152e+00 8.412577056004218790e+00
-1.087991333176286979e+01 1.194848483481821511e+01
-6.379223860955183234e-01 8.733593018757114246e-01
-2.788441206992932742e+00 -4.952867641705541168e-01
-1.693577169803599958e+00 -1.988900954351934036e+00
3.375678748898772064e+00 -1.181587008986102028e+00
7.151978741877514922e-01 8.582549843719935456e-01
-7.867525902696847595e+00 9.223837845314836414e+00
-1.234204122226387668e+01 1.092217165051176586e+01
-1.067011323856349492e+01 6.923703358498594085e+00
-9.716366625241594335e+00 1.123437919220739900e+01
-2.894900871824308108e+00 -5.174062283422931507e+00
-9.944801003440455034e+00 6.323869930155883168e+00
-9.642112489957273880e+00 8.401971617162464767e+00
1.276838741780308650e+00 -4.398630399227528853e-01
-3.483215698368208990e+00 -3.270051987524807413e-01
-7.490190757570992730e+00 7.164555850828156380e+00
4.888594356538551455e-01 -9.343564106874481245e-01
-8.686354270594826232e+00 4.950765465638077956e+00
-1.738495060409334991e+00 -6.527947681730561502e-02
-3.452088248427438444e+00 1.152065603824242279e+00
-1.099680563121063237e+01 5.485852768241737287e+00
-8.897161101473296085e+00 6.460111658776015453e+00
-9.781153288747692187e+00 1.302834136858458081e+01
-7.286863338802262113e+00 5.690003554387534024e+00
-5.905256792711405245e-01 -1.877195549509529826e+00
-8.597583427889206931e+00 9.954329008104885190e+00
-1.088742134891989188e+01 1.075024749989495554e+01
-1.042760829481626317e+01 9.578191823244862846e+00
3.378638165469697086e+00 -4.352890196335958972e-01
-1.211739339112805780e+01 1.524140254889112533e+01
-4.466944184997147183e+00 1.213153790390565923e-01
-1.375489086331315169e+00 -1.745092520454343266e-01
-3.238769086795845187e-01 -2.004096176540066665e-01
-4.527425211422517748e+00 1.567479878397723070e+00
-6.907997699811341263e+00 -1.065432335088121851e+00
4.635379100921241391e-01 5.234457091767402703e-01
-9.144910167899064746e+00 7.152804573048599401e+00
-1.882928646135260919e+01 1.733144802061796241e+01
4.637715193620409182e-01 -3.111026003136347362e-01
-5.664832062667950474e+00 1.402419204363860850e+01
-5.099072988033928056e+00 2.629282291671755978e+00
1.664440632275980381e+00 -2.270231844012154276e+00
-2.066280738427451524e+00 -1.534824395847657508e+00
-8.733991070656388800e+00 1.134012834669213632e+01
-2.498179270573564814e+00 -2.426572194970315621e+00
-9.617217806660512736e+00 7.961489857964857642e+00
9.169818096872143220e-01 7.720703437924236745e-02
-7.465882726981128981e-01 -1.868058403605391105e+00
-3.475273545744016257e+00 2.078228705716679059e+00
-3.112857220176505457e+00 -1.482417376621571359e+00
-7.564198626411600124e-01 -2.111391265271557849e+00
-3.998090470417680287e+00 1.346630466696148165e+00
-4.551959568971515879e-01 -9.592228143801797557e-01
-7.537860828038003280e-01 -5.410598176319947328e-03
-1.121039882400744858e+01 5.447450837474372420e+00
-4.509216252595704688e+00 -4.621125978824559555e-01
-1.016389777165365693e+01 8.537083696025458579e+00
-1.359407171225187616e+00 -4.662766557179599758e+00
-1.998361375673924023e+00 -1.061786392572748872e+00
-9.828433583934174322e+00 9.224899340171388573e+00
-8.214084683100018935e+00 1.354628335558065722e+01
-1.190707821464181038e+01 1.199376299843680904e+01
-1.913069852118008507e+00 -2.205118632501769094e-01
4.210577928059111574e-02 -1.962257400907112093e+00
-5.661246349616883222e+00 -2.674797566382669523e-01
-1.566101611319523634e+00 -2.567156666534771148e+00
-9.864046504631003742e+00 7.901521320526746273e+00
1.507417082764934246e+00 -2.423797003016808560e+00
-1.283578517337454628e+01 9.688110026959128263e+00
-6.124507981508764409e-01 -2.161082280998636307e+00
-9.426287344437284332e+00 -1.112513490123550941e+00
-8.307300068155766937e+00 7.857915853062179323e+00
-4.330554873814174144e+00 1.953308686985440801e+00
-1.120861183089409785e+01 8.863905082711450945e+00
-2.153578684786009667e+00 5.950674538185447560e-01
-1.288447306327992159e+01 1.092681786828189061e+01
-2.138743194450406726e+00 -9.758432791159261654e-01
-8.888593938996587340e+00 9.395741438729057649e+00
5.970486917544636229e-01 -4.155612033397735328e-01
1.946724183892227789e-01 -1.558317240212745425e+00
1.720013684157439826e-01 -3.229616228894816032e-02
-1.120905295130576818e+01 4.260379618523931100e+00
-5.502528647833893061e-01 1.046033575367477375e-01
-7.594910269233063005e+00 5.217985285645136528e+00
-5.477551162591399736e-01 -1.215313628642933130e+00
-3.908377175097325296e+00 2.305490045010921696e-01
-3.170853018023745751e+00 -6.089650435218580959e-01
-1.034854052948264780e+01 1.180883203229094569e+01
-5.887824329700693804e-01 -9.646710405855516424e-01
-9.089918167567494933e+00 1.555547017593221248e+01
-7.696467420915401370e+00 5.603728026665189432e+00
-3.331558260002970062e+00 -2.486719902864120146e-01
-7.259182821703498156e+00 8.176632869033392481e+00
5.686767672249858352e-01 -4.094268957616584714e-01
-1.240163630388775751e+01 8.108583568779057060e+00
-1.117364883831465505e+01 7.406872778361551113e+00
-3.007257269607639394e+00 -1.097472168757648303e+00
-4.388539782011447343e+00 -4.754536406207904298e-01
-1.345726214027682488e+01 8.936758856984507560e+00
-5.095533645943278955e+00 -1.461745447043026891e+00
-7.761647770674343860e+00 8.924166893333669748e+00
3.331308060401247495e+00 -8.872166427702348201e-01
-7.562602284376682249e+00 9.129708485718436961e+00
-6.734385872965404474e+00 1.024879737426508441e+01
-1.245646482329348714e+01 9.662785965007998357e+00
-1.475473147507999805e+01 8.606728191246773463e+00
1.371395681685026791e+00 1.618584022857509908e-01
-8.841550663196438009e+00 1.263032724534060414e+01
-3.189110047873099596e+00 -1.195415274085482649e+00
-1.097611998723044380e+00 -7.959660903240124430e-01
-3.770004944147964387e+00 -1.519327585140291426e+00
-9.269502980728981711e+00 7.525461247636756390e+00
-1.224997115431569128e+01 1.172420587803005887e+01
-9.439969838294421933e+00 9.832795739256997791e+00
1.265641000128344906e+00 -6.841314788015708803e-01
1.363759693308216114e+00 7.197011142737230749e-01
-9.046199644869069800e+00 1.302618637888214259e+01
-8.235631900237477154e+00 1.120568484730115877e+01
-5.834530922158811528e+00 5.140781950328120686e+00
-1.777117635132719586e+00 5.870328149468216905e-01
-1.148766147306777441e+01 1.366748460871277260e+01
-5.721677020049110496e+00 -1.139917994197598539e+00
-8.650371854026081664e+00 9.717615409931424253e+00
-3.626293763300774131e+00 -1.739272288636162678e+00
-3.873747500010071843e-01 -1.668186558140355213e+00
-5.825130106985127121e+00 7.145943140597399434e-01
-2.630550042815658518e+00 -1.945281730074027715e+00
-7.606427604072054649e+00 6.404838489130423973e+00
-1.150360644675077637e+01 1.223449010603225773e+01
-1.927636644434777891e+00 7.609680235404764348e-01
-2.746933270826917628e+00 1.720399631684959241e+00
-7.409765034723942989e+00 8.029956592344623667e-01
-1.251441201871995013e+01 8.605053858376555453e+00
-7.268132812800194742e+00 1.100424014813861717e+01
-1.138848131155241195e-01 2.235641061532050777e+00
-2.527297755918515687e+00 1.409060083133103491e+00
-7.367239306789818976e-02 -5.027017981157489990e-01
-1.270566004473271171e+01 6.885449271057684228e+00
-1.003962786934784646e+01 1.151217822393271462e+01
-3.117066915148681172e+00 -3.892251728098723440e-01
-2.719022515579098798e+00 -2.415136753942552339e+00
-4.993970540489289789e+00 5.290443960583694150e+00
-3.353053927922022837e-01 -3.760175041303059906e-01
2.106258072370640333e-01 -4.856173021035841586e+00
-4.241178578630010465e-01 -3.511986741311053706e+00
-8.964523725410391108e+00 1.230975412854901130e+01
-8.808850658890985841e+00 7.568229031792526484e+00
1.263874291705969322e+00 -2.547849937142127708e+00
-8.316182374231274821e+00 1.065835427774908162e+01
-5.461753498649041028e+00 8.477340824760949189e+00
-7.253159267888477757e+00 9.803794571140368674e+00
-6.382547848893480591e-01 -1.174570074276197529e+00
-3.714850799740757381e+00 8.443778418585243806e-01
-1.142902168867353518e+00 -4.744060570443311420e-01
-9.822840733707347560e-01 4.289979129627280452e-01
-1.538470638683573810e+00 -1.186963653080480352e+00
-1.296081650599478685e+01 1.428628892491316194e+01
-9.009709689685713174e-01 -1.580625656824360181e+00
-6.880447888235551090e+00 1.614939815214879104e+01
-9.205473277599374171e-01 2.579984950465516569e+00
-9.725379742141843309e+00 5.154564939376207633e+00
-2.033225353715428230e-01 1.972566333278952699e+00
-7.965023782325171275e+00 1.105191844620167529e+01
-1.088794691383571411e+01 8.060872342638267796e+00
-1.071624221794671605e+01 6.981869340702290927e+00
-7.061246284641119253e+00 9.242606401923335824e+00
-2.530021463191916453e+00 -9.364196762958967857e-02
-1.243291072566658606e+01 9.395519957211220685e+00
-9.548380518419506302e+00 6.920397729814671273e+00
-3.607979686087763760e+00 -8.108077505559042608e-01
-2.162375893028419593e+00 -1.436617840997435058e+00
-1.229540172194449710e+01 5.894704660726632461e+00
-9.579567759322479503e+00 2.910394700394621115e+00
-1.288559583195223368e+01 7.510916219235201474e+00
-1.216967853606556638e+01 1.178112045291687870e+01
-1.179579520126308623e+01 7.736257616973127860e-01
-8.044801708974268495e-01 5.085590324145394803e-01
-3.334379739622848504e+00 9.908381690387768614e-02
-1.678359434421328178e+00 -1.600276032525406178e-01
-7.624498043901951405e+00 6.643036250162912992e+00
-7.674300462223288655e+00 1.015211702211050415e+01
-7.323227876241547918e+00 6.362137588719516401e+00
-8.749231912930364174e-01 -1.032478477584219290e+00
6.739491795156146159e-01 4.932811735708699796e-01
-2.716393571579900801e+00 6.537706957281419484e-01
-4.721566058819703926e+00 -2.116063691096147004e+00
-5.580398941516656386e+00 6.664363004234627574e+00
-1.211991190417360365e+01 7.633532135524307094e+00
-1.137244628160965121e+01 5.057064099587036843e+00
-3.837874612436591448e+00 -1.544248488374776462e+00
-2.501464748196196020e+00 4.810077562534413320e-01
-1.268297005575984793e+00 -1.744249675924889331e-01
-6.121215052874754647e+00 7.539509996529934810e+00
-2.787400857113958796e+00 -7.521038373781450126e-01
-5.861132301469289985e+00 7.412712581082270269e-02
-1.068397587757266898e+01 5.535756731018135923e+00
-2.612574893213668314e+00 -4.816165344897623823e-01
-7.927587957994830514e-01 -1.370740421761157402e+00
-9.541534712564482268e-01 -3.375290085214736280e+00
-8.293420892144110823e+00 5.335042281077978288e+00
8.811047859882892297e-02 1.685741314343982333e+00
-1.046672229278753807e+00 8.332524087384607370e-03
-1.162299964962819665e+01 8.481119482680369970e+00
1.729351852716309867e-01 2.276976379595308408e+00
-7.280693602431735023e+00 3.729518393178645752e+00
-5.530917124946705066e+00 6.822304108719867699e+00
-5.499344327366431529e+00 2.109870682030137168e+00
-1.078178721343040536e+01 1.186595186151007297e+01
-7.660315403948306567e+00 -3.542213019571600618e-01
-3.499169144228889028e+00 -2.384651461490484348e+00
-8.397507067398954916e+00 7.729482685125305785e+00
-2.609620912946097437e+00 6.654250271415095286e-01
-1.088811009591180223e+01 5.993566861929230605e+00
1.641925706815127617e+00 2.252710380569629578e+00
-1.092265680047174392e+01 9.921577502404192117e+00
-3.867907668113798603e-01 -2.074943368487442541e+00
-9.114347213125352454e+00 7.870464076291053601e+00
1.183219982815239435e+00 -2.374275546264584813e-01
-2.649598991387513536e+00 4.013846631760492834e+00
-1.174372983849508145e+01 8.571424309067809943e+00
-1.110118899067089338e+01 8.763759820470108153e+00
-9.653012021407054277e+00 9.177960159059155743e+00
-9.337337598353359525e+00 9.151566724494070826e+00
2.691405957642369895e-01 3.100099158250386733e-01
-2.126751927978042911e+00 -7.965131905614898367e-01
-1.215023281724167070e+01 5.836186438364753037e+00
-1.102241340099023859e+01 9.286882924428311981e+00
3.633770069751891540e+00 1.501481621246114617e+00
-3.232258420199495830e-01 -1.611764529990422634e+00
-3.863390458071960687e+00 2.256312193821189194e+00
1.480489729645062980e+00 -2.502179706526662883e+00
-9.698472728926786246e+00 7.775699974677841908e+00
-5.734250504467536480e+00 1.043131324326979836e+01
-9.899739380739017491e+00 7.231560966436852311e+00
-8.417451407424923815e+00 1.423685547297719012e+01
-3.065936378454741096e+00 7.088737564511441436e-01
-8.679590606311075263e+00 8.504913925209212522e+00
3.226482845655904708e-01 2.352955308237550724e+00
-8.990072923458072296e+00 4.313443621257652794e+00
-1.049141417408769072e+01 9.504390543884056797e+00
-9.023145414960126232e+00 8.459919846369354346e+00
2.936681872274647276e+00 -1.732834932529910166e+00
-3.080602769863636237e-01 -1.475888263472077133e+00
-3.932254933108818018e-01 1.290025297185322550e+00
-4.724955057719300022e+00 1.992869284248042883e+00
-9.721896261215342561e-01 -1.301567326594406104e+00
-5.635889017516389821e+00 -1.146696819823092905e+00
