-2.483348846435546875e+01 1.162077045440673828e+01
1.902097702026367188e+01 6.116639614105224609e+00
1.986023139953613281e+01 1.615150642395019531e+01
-2.071376228332519531e+01 -1.374153137207031250e+01
-2.156598854064941406e+01 -1.963158798217773438e+01
2.705395698547363281e+01 8.425579071044921875e+00
3.981600952148437500e+01 8.402605652809143066e-01
-2.443060684204101562e+01 -1.504725170135498047e+01
3.042889404296875000e+01 -4.500302314758300781e+00
-6.856782913208007812e+00 -1.642884826660156250e+01
3.269513702392578125e+01 1.066835975646972656e+01
-1.876484870910644531e+01 -1.825065040588378906e+01
-2.321390342712402344e+01 -9.159131646156311035e-01
2.999184799194335938e+01 6.927214145660400391e+00
-2.678333091735839844e+01 1.343372249603271484e+01
-8.151906967163085938e+00 -1.960605812072753906e+01
-1.430734539031982422e+01 -1.345040130615234375e+01
3.450146865844726562e+01 1.012471866607666016e+01
2.898671150207519531e+01 -7.094416022300720215e-01
3.683008956909179688e+01 1.272036552429199219e+01
-2.836012649536132812e+01 -3.008217573165893555e+00
-2.075531959533691406e+01 5.746674060821533203e+00
-1.885777091979980469e+01 5.144439220428466797e+00
-2.835370445251464844e+01 -2.835975646972656250e+00
3.607950210571289062e+01 8.858089447021484375e+00
-1.696496200561523438e+01 -2.063653564453125000e+01
-2.469671249389648438e+01 -1.010447597503662109e+01
-2.287505912780761719e+01 6.056326866149902344e+00
-1.599875164031982422e+01 -1.458040046691894531e+01
-2.527205276489257812e+01 3.366288185119628906e+00
3.394853591918945312e+01 4.198202133178710938e+00
-2.198546600341796875e+01 9.295049667358398438e+00
-2.495356941223144531e+01 -1.498877143859863281e+01
-2.683846092224121094e+01 1.347543716430664062e+01
2.971848297119140625e+01 -1.266898989677429199e+00
-1.498492622375488281e+01 -2.158835220336914062e+01
-2.268873405456542969e+01 -1.939370918273925781e+01
3.260810089111328125e+01 -5.324421405792236328e+00
3.619444274902343750e+01 4.727074623107910156e+00
1.530928707122802734e+01 1.152231216430664062e+01
2.479075241088867188e+01 6.100409030914306641e+00
-2.714410591125488281e+01 5.239062309265136719e+00
-1.395466518402099609e+01 -8.677597999572753906e+00
3.065682411193847656e+01 1.559877157211303711e+00
-2.280828094482421875e+01 1.064498805999755859e+01
1.669541168212890625e+01 9.800945281982421875e+00
-2.823889160156250000e+01 9.866339683532714844e+00
2.028423690795898438e+01 -1.018385589122772217e-01
-2.370278167724609375e+01 -1.846465873718261719e+01
2.185794830322265625e+01 -2.791230201721191406e+00
-2.372617721557617188e+01 -1.205111980438232422e+01
-1.043953418731689453e+01 -8.868055343627929688e+00
-1.462748813629150391e+01 -8.950353622436523438e+00
2.926320838928222656e+01 1.091094589233398438e+01
2.097145462036132812e+01 5.814241766929626465e-01
1.850475692749023438e+01 1.472137355804443359e+01
-1.453266143798828125e+01 -1.540518856048583984e+01
2.326510047912597656e+01 1.228280639648437500e+01
2.119664573669433594e+01 1.152872753143310547e+01
2.202305603027343750e+01 -3.344417333602905273e+00
-3.214698410034179688e+01 2.418371438980102539e+00
3.557680130004882812e+01 5.174753665924072266e+00
2.008770561218261719e+01 1.764457702636718750e+01
-1.205258655548095703e+01 -1.124190711975097656e+01
-8.969815254211425781e+00 -2.160784530639648438e+01
-2.572867584228515625e+01 -8.321024894714355469e+00
-2.141974639892578125e+01 4.108968257904052734e+00
1.868790245056152344e+01 5.654053688049316406e+00
-2.925557136535644531e+01 -1.560410976409912109e+01
-2.178697395324707031e+01 3.667550563812255859e+00
-1.591273975372314453e+01 -2.312089729309082031e+01
-3.300640869140625000e+01 4.261778354644775391e+00
-2.369909667968750000e+01 -2.385202598571777344e+01
-2.378045272827148438e+01 1.083890533447265625e+01
-1.989128684997558594e+01 -1.801951980590820312e+01
2.002166175842285156e+01 1.767580413818359375e+01
2.304008483886718750e+01 -8.139328002929687500e+00
2.367307662963867188e+01 1.028757953643798828e+01
-1.157533645629882812e+01 -1.362938976287841797e+01
1.928587532043457031e+01 3.385751247406005859e+00
-1.586382102966308594e+01 -5.047906637191772461e-01
1.652518463134765625e+01 9.837448120117187500e+00
-2.422536659240722656e+01 3.729556322097778320e+00
-2.415122222900390625e+01 8.911271095275878906e+00
1.970291900634765625e+01 1.717205429077148438e+01
-2.779744911193847656e+01 5.221601486206054688e+00
-5.696772098541259766e+00 -1.138101196289062500e+01
2.899052429199218750e+01 8.734494209289550781e+00
3.147970199584960938e+01 -1.415982842445373535e+00
2.972919082641601562e+01 7.126682281494140625e+00
2.669749069213867188e+01 1.063658618927001953e+01
-2.010607719421386719e+01 -1.616636276245117188e+01
-1.475210094451904297e+01 -1.127709388732910156e+00
-3.050361251831054688e+01 5.321151733398437500e+00
2.883822250366210938e+01 -1.144092440605163574e+00
2.886564636230468750e+01 4.295007705688476562e+00
2.263774299621582031e+01 2.040011167526245117e+00
2.067724800109863281e+01 1.503818780183792114e-01
-2.260194206237792969e+01 9.373045921325683594e+00
3.807196807861328125e+01 2.778157472610473633e+00
1.868023300170898438e+01 9.476930618286132812e+00
-1.144619178771972656e+01 -1.254558658599853516e+01
2.276569175720214844e+01 1.117013359069824219e+01
-2.288144874572753906e+01 8.370552062988281250e+00
-1.267578506469726562e+01 -1.335177040100097656e+01
1.714608192443847656e+01 5.809622764587402344e+00
-1.890569496154785156e+01 5.249660015106201172e+00
-2.505557250976562500e+01 -1.120353221893310547e+01
-1.153542232513427734e+01 -1.678232574462890625e+01
2.114243316650390625e+01 1.261501312255859375e+01
-2.501661491394042969e+01 -1.345581436157226562e+01
-2.288438987731933594e+01 -8.928463935852050781e+00
3.995923995971679688e+01 7.835309505462646484e+00
3.753044891357421875e+01 2.900255441665649414e+00
-2.822660255432128906e+01 -1.359778690338134766e+01
2.342536544799804688e+01 1.297247314453125000e+01
-2.331855964660644531e+01 1.255092525482177734e+01
-1.742267227172851562e+01 -1.214865970611572266e+01
-1.294316768646240234e+01 -2.105005073547363281e+01
-2.451107406616210938e+01 -1.528580951690673828e+01
-6.792227745056152344e+00 -1.543893051147460938e+01
-3.424928665161132812e+01 7.596847057342529297e+00
-1.547784996032714844e+01 -1.079722023010253906e+01
3.393000793457031250e+01 1.076052427291870117e+00
-2.700338363647460938e+01 9.943483352661132812e+00
-5.485412597656250000e+00 -1.641380691528320312e+01
3.162368011474609375e+01 9.044506072998046875e+00
-1.753397750854492188e+01 -1.378349113464355469e+01
2.326551628112792969e+01 1.796241569519042969e+01
1.784381675720214844e+01 -1.266929507255554199e-01
-2.344288253784179688e+01 1.005601978302001953e+01
3.145126914978027344e+01 1.139610671997070312e+01
2.656100273132324219e+01 -3.027944326400756836e+00
-1.076136302947998047e+01 -2.315951919555664062e+01
-2.496920013427734375e+01 -2.012762832641601562e+01
-1.319973850250244141e+01 -1.890913963317871094e+01
1.749491119384765625e+01 1.518157672882080078e+01
-2.618880844116210938e+01 2.886868476867675781e+00
-1.717805099487304688e+01 -1.914581489562988281e+01
3.679990768432617188e+01 5.585139751434326172e+00
3.302645111083984375e+01 1.401847076416015625e+01
2.013722801208496094e+01 2.297390550374984741e-01
-1.114874935150146484e+01 -2.060278701782226562e+01
-2.220387077331542969e+01 -3.854785680770874023e+00
-3.165326499938964844e+01 4.565326213836669922e+00
2.031936454772949219e+01 1.188141059875488281e+01
-1.511065959930419922e+01 -1.754966735839843750e+01
-1.291324806213378906e+01 -1.697762680053710938e+01
2.060873985290527344e+01 1.075687026977539062e+01
4.093515396118164062e+01 1.030157089233398438e+01
3.263112640380859375e+01 9.354910850524902344e+00
2.634433174133300781e+01 1.299084472656250000e+01
-2.615294837951660156e+01 8.786815643310546875e+00
-3.204926300048828125e+01 7.921683311462402344e+00
3.215447998046875000e+01 7.826262474060058594e+00
-1.868379974365234375e+01 -2.043524932861328125e+01
2.293188667297363281e+01 1.152057933807373047e+01
2.546394920349121094e+01 9.432825088500976562e+00
3.691453552246093750e+01 7.686495780944824219e+00
-1.719250106811523438e+01 -1.088137912750244141e+01
3.208293151855468750e+01 6.347977161407470703e+00
-8.127035140991210938e+00 -1.348250865936279297e+01
2.193695449829101562e+01 -3.084977626800537109e+00
1.549452304840087891e+01 3.898403406143188477e+00
2.568342399597167969e+01 7.839818477630615234e+00
3.563337707519531250e+01 8.527313232421875000e+00
-2.141633033752441406e+01 -1.540257167816162109e+01
2.596241760253906250e+01 1.083001613616943359e+01
-6.235301971435546875e+00 -1.256161212921142578e+01
-3.444662475585937500e+01 6.130418300628662109e+00
3.382835769653320312e+01 5.824594020843505859e+00
-9.029513359069824219e+00 -7.728014469146728516e+00
-1.816192245483398438e+01 -2.137754631042480469e+01
-3.333613967895507812e+01 4.839634895324707031e+00
3.228342056274414062e+01 -1.983192682266235352e+00
2.581525802612304688e+01 -2.668504238128662109e+00
1.880827140808105469e+01 3.250139713287353516e+00
-1.756441497802734375e+01 -1.835993194580078125e+01
-1.984920501708984375e+01 9.430471420288085938e+00
2.200932884216308594e+01 2.614172697067260742e+00
-3.057818222045898438e+01 8.120601654052734375e+00
-2.501575851440429688e+01 9.700110435485839844e+00
-2.390360641479492188e+01 4.823386192321777344e+00
-2.740100288391113281e+01 8.506725311279296875e+00
-1.255474567413330078e+01 -4.510902881622314453e+00
-2.032380104064941406e+01 -1.879537200927734375e+01
4.180771636962890625e+01 1.005839443206787109e+01
-1.448496627807617188e+01 -1.411165428161621094e+01
1.704139137268066406e+01 1.017537021636962891e+01
2.087146377563476562e+01 1.582980442047119141e+01
-1.039040851593017578e+01 -1.699062538146972656e+01
2.834602355957031250e+01 5.300583839416503906e+00
3.513483810424804688e+01 1.357510280609130859e+01
-2.378904151916503906e+01 1.167779254913330078e+01
-2.191312789916992188e+01 -2.112264633178710938e+01
-2.374931526184082031e+01 7.696841239929199219e+00
-2.096312141418457031e+01 -1.700214385986328125e+01
2.200134658813476562e+01 9.156331062316894531e+00
-3.003355407714843750e+01 2.826270103454589844e+00
-6.578299999237060547e+00 -1.071632003784179688e+01
3.756253814697265625e+01 1.267379665374755859e+01
-1.423828029632568359e+01 -1.124054050445556641e+01
-1.842311477661132812e+01 -1.288636398315429688e+01
-2.606696891784667969e+01 -1.533781909942626953e+01
4.100187301635742188e+01 5.529129505157470703e+00
3.369786071777343750e+01 1.262675666809082031e+01
-2.285624122619628906e+01 3.849987030029296875e+00
-9.074958801269531250e+00 -1.721949386596679688e+01
-1.969121551513671875e+01 -1.436563968658447266e+01
4.223651123046875000e+01 4.974087715148925781e+00
-3.308127212524414062e+01 5.667843341827392578e+00
2.067011833190917969e+01 9.207719802856445312e+00
-1.011940860748291016e+01 -1.299254035949707031e+01
1.703742218017578125e+01 1.190401172637939453e+01
1.883043479919433594e+01 5.689422607421875000e+00
-2.208311462402343750e+01 -1.781478691101074219e+01
-2.337749099731445312e+01 -1.684686279296875000e+01
-1.533797168731689453e+01 -1.372165393829345703e+01
-1.900455665588378906e+01 -2.117505836486816406e+01
-1.660904502868652344e+01 -1.904810142517089844e+01
-2.738158416748046875e+01 8.485160827636718750e+00
-8.309465408325195312e+00 -1.681652450561523438e+01
-2.985921287536621094e+01 6.697874546051025391e+00
3.268856811523437500e+01 1.094416713714599609e+01
-2.216828918457031250e+01 1.100959682464599609e+01
4.271477508544921875e+01 2.935073137283325195e+00
-3.471219253540039062e+01 3.832300424575805664e+00
4.213380050659179688e+01 1.003658771514892578e+01
-1.291113567352294922e+01 -1.343961429595947266e+01
2.952597618103027344e+01 1.459669399261474609e+01
3.372256088256835938e+01 7.250816226005554199e-01
-8.751215934753417969e+00 -1.405515766143798828e+01
1.764870262145996094e+01 2.952176570892333984e+00
-1.305947113037109375e+01 -1.490142345428466797e+01
-2.335589408874511719e+01 -1.133609533309936523e+00
-1.723081207275390625e+01 -2.035508346557617188e+01
-1.489733982086181641e+01 -1.470077991485595703e+01
2.345071411132812500e+01 1.875391751527786255e-01
-2.541132926940917969e+01 -1.828245353698730469e+01
-2.347070503234863281e+01 -1.981869316101074219e+01
-2.352949333190917969e+01 -1.769678878784179688e+01
-2.066236305236816406e+01 -1.537269687652587891e+01
2.401469612121582031e+01 6.678159236907958984e+00
-1.291520500183105469e+01 -1.707196998596191406e+01
-2.795315170288085938e+01 -1.783351325988769531e+01
-1.857441329956054688e+01 6.425678253173828125e+00
2.432070159912109375e+01 1.645800781250000000e+01
-1.725055503845214844e+01 -2.220804214477539062e+01
1.546941757202148438e+01 1.040326213836669922e+01
1.649914169311523438e+01 1.063984203338623047e+01
1.560649681091308594e+01 4.021913051605224609e+00
1.788024711608886719e+01 1.854681134223937988e+00
-1.407350540161132812e+01 -1.620880317687988281e+01
-1.590325450897216797e+01 -1.603595733642578125e+01
-2.203677177429199219e+01 -5.996963024139404297e+00
-2.632516860961914062e+01 1.058438014984130859e+01
3.889258956909179688e+01 1.676608920097351074e+00
-1.984012794494628906e+01 -5.319481372833251953e+00
3.402977371215820312e+01 1.197511768341064453e+01
1.701506996154785156e+01 1.696171188354492188e+01
-3.377379608154296875e+01 5.181878566741943359e+00
4.262911224365234375e+01 -4.211016595363616943e-01
2.863964271545410156e+01 8.764982223510742188e+00
1.874839591979980469e+01 1.490312194824218750e+01
-2.968780708312988281e+01 6.666479587554931641e+00
-1.086831951141357422e+01 -2.273747444152832031e+01
-2.042783546447753906e+01 -1.978208351135253906e+01
3.359966659545898438e+01 7.416402816772460938e+00
4.006566238403320312e+01 7.351203918457031250e+00
-1.595972919464111328e+01 -4.938157081604003906e+00
-2.101564979553222656e+01 -2.253937149047851562e+01
-3.284115219116210938e+01 8.985247611999511719e+00
3.133552551269531250e+01 1.202525520324707031e+01
3.003223228454589844e+01 -1.725695013999938965e+00
-3.494452285766601562e+01 6.576477050781250000e+00
1.845179557800292969e+01 7.871672153472900391e+00
-2.206914520263671875e+01 -1.471270561218261719e+01
-1.907388877868652344e+01 -1.367454624176025391e+01
3.843645858764648438e+01 5.036374568939208984e+00
-1.470552921295166016e+01 -1.289190006256103516e+01
-2.148991012573242188e+01 -1.495555782318115234e+01
1.934015846252441406e+01 1.410253334045410156e+01
2.945696640014648438e+01 1.282454586029052734e+01
4.262634277343750000e+01 -7.795411348342895508e-01
-2.247025489807128906e+01 -1.852926635742187500e+01
2.347976684570312500e+01 6.954132556915283203e+00
3.216872787475585938e+01 4.829924106597900391e+00
2.166320419311523438e+01 -3.166198492050170898e+00
3.482159423828125000e+01 1.195590782165527344e+01
-1.918203544616699219e+01 -1.223099899291992188e+01
-2.371652603149414062e+01 -1.410776042938232422e+01
-1.593124866485595703e+01 -2.118920135498046875e+01
2.542924118041992188e+01 2.076087951660156250e+00
-2.171553039550781250e+01 -1.651241493225097656e+01
-3.495029830932617188e+01 7.842586994171142578e+00
-1.816728973388671875e+01 -1.612602043151855469e+01
3.219134140014648438e+01 1.037969493865966797e+01
-2.560863113403320312e+01 9.009577751159667969e+00
2.630725860595703125e+01 3.645607948303222656e+00
2.592034149169921875e+01 1.473740673065185547e+01
2.473708724975585938e+01 5.781490802764892578e+00
-7.240180015563964844e+00 -9.309063911437988281e+00
3.305207824707031250e+01 1.437546157836914062e+01
-2.642905998229980469e+01 2.316352844238281250e+00
-2.351714515686035156e+01 1.211507225036621094e+01
-2.578068161010742188e+01 2.122473001480102539e+00
-1.799981117248535156e+01 6.878145217895507812e+00
-8.653329849243164062e+00 -1.066040039062500000e+01
-2.154925346374511719e+01 -1.666099166870117188e+01
-1.312050151824951172e+01 -1.839474105834960938e+01
-8.983209609985351562e+00 -1.361716461181640625e+01
2.199995040893554688e+01 2.593616962432861328e+00
2.210222244262695312e+01 6.353712081909179688e+00
-1.325081443786621094e+01 -1.208499717712402344e+01
-2.400588607788085938e+01 1.018673610687255859e+01
2.243718338012695312e+01 1.366608905792236328e+01
-3.376004409790039062e+01 8.066443443298339844e+00
2.792593193054199219e+01 5.234542369842529297e+00
-1.169769096374511719e+01 -7.587244033813476562e+00
3.351282119750976562e+01 -5.938101768493652344e+00
-2.284588241577148438e+01 -1.111491489410400391e+01
-2.104256248474121094e+01 -1.221057033538818359e+01
-2.817573928833007812e+01 -1.623700714111328125e+01
4.049947738647460938e+01 1.064602470397949219e+01
-3.179563713073730469e+01 2.963300228118896484e+00
1.728594589233398438e+01 1.279035854339599609e+01
-3.340719223022460938e+01 8.681400299072265625e+00
2.836147308349609375e+01 6.008491516113281250e-01
3.033846092224121094e+01 5.374408245086669922e+00
2.895709037780761719e+01 3.920635461807250977e+00
3.800891113281250000e+01 3.538807392120361328e+00
2.215686035156250000e+01 1.213969707489013672e+01
3.408092880249023438e+01 5.799520969390869141e+00
-2.333187484741210938e+01 -2.089825439453125000e+01
-1.941266441345214844e+01 -2.267964744567871094e+01
2.391715621948242188e+01 9.248370170593261719e+00
-2.623523139953613281e+01 -1.564934730529785156e+01
-2.803778266906738281e+01 -1.509474945068359375e+01
1.939625167846679688e+01 6.047343254089355469e+00
-2.511344718933105469e+01 1.223984813690185547e+01
-3.187130737304687500e+01 1.105866146087646484e+01
-1.633049011230468750e+01 -5.280067920684814453e+00
-3.383929061889648438e+01 6.458368301391601562e+00
-1.293782615661621094e+01 -1.088633060455322266e+01
-2.315716361999511719e+01 1.184135246276855469e+01
-1.156886959075927734e+01 -9.344504356384277344e+00
3.607366180419921875e+01 9.318803787231445312e+00
-3.316342163085937500e+01 7.930359363555908203e+00
-2.716866111755371094e+01 -1.476575279235839844e+01
2.568321609497070312e+01 -1.326306343078613281e+00
-6.092145442962646484e+00 -1.559265899658203125e+01
3.440775299072265625e+01 1.025966358184814453e+01
2.852668571472167969e+01 -6.032579541206359863e-01
-2.425196647644042969e+01 1.097170162200927734e+01
-2.464494705200195312e+01 -2.200900459289550781e+01
1.764976882934570312e+01 2.617199659347534180e+00
-2.505286216735839844e+01 6.733290195465087891e+00
-2.316534996032714844e+01 -1.564413452148437500e+01
-3.033326721191406250e+01 6.910781860351562500e+00
3.726050567626953125e+01 7.562807559967041016e+00
2.063019561767578125e+01 1.197998046875000000e+00
3.264178085327148438e+01 6.867310047149658203e+00
1.757382011413574219e+01 1.006292915344238281e+01
-8.256559371948242188e+00 -1.367635917663574219e+01
3.636788940429687500e+01 1.267325019836425781e+01
4.126883697509765625e+01 2.536873579025268555e+00
-9.745722770690917969e+00 -1.168725681304931641e+01
-3.068656158447265625e+01 4.198733806610107422e+00
-1.612194252014160156e+01 -1.962486267089843750e+01
3.376937866210937500e+01 5.060089111328125000e+00
2.187261772155761719e+01 1.053211879730224609e+01
-1.372486782073974609e+01 -1.905418395996093750e+01
-2.657369422912597656e+01 -1.217811203002929688e+01
4.078514099121093750e+01 7.303611755371093750e+00
-2.892173767089843750e+01 6.082955837249755859e+00
2.278583526611328125e+01 -9.032935142517089844e+00
-2.056657600402832031e+01 -5.484707355499267578e+00
-2.007078170776367188e+01 5.101818561553955078e+00
2.912118148803710938e+01 4.883999347686767578e+00
2.053647804260253906e+01 1.303864121437072754e+00
-1.846665000915527344e+01 -1.894181251525878906e+01
2.070980453491210938e+01 1.840018653869628906e+01
1.803437423706054688e+01 1.231424236297607422e+01
2.909136772155761719e+01 3.878500461578369141e+00
-3.374297714233398438e+01 5.638990402221679688e+00
-2.975246047973632812e+01 3.611016750335693359e+00
2.322902297973632812e+01 1.051906394958496094e+01
-3.426282119750976562e+01 6.114111900329589844e+00
-1.854846382141113281e+01 -1.902379989624023438e+01
-1.603228759765625000e+01 -2.194165039062500000e+01
-3.174234580993652344e+01 6.298620700836181641e+00
-2.434159660339355469e+01 -2.169321060180664062e+01
-2.461447525024414062e+01 -1.950496292114257812e+01
3.802605056762695312e+01 1.478987693786621094e+00
2.429467773437500000e+01 1.095129871368408203e+01
-2.017705917358398438e+01 -7.663929462432861328e+00
-2.350448226928710938e+01 4.051285266876220703e+00
3.490485763549804688e+01 8.067055702209472656e+00
3.502336120605468750e+01 1.214510917663574219e+01
3.344992828369140625e+01 7.249511480331420898e-01
3.399718093872070312e+01 2.276712656021118164e+00
4.192387771606445312e+01 3.549395561218261719e+00
-3.109511375427246094e+01 8.540760993957519531e+00
-1.949811744689941406e+01 -1.150507068634033203e+01
-1.032522392272949219e+01 -6.575649261474609375e+00
-1.626189804077148438e+01 -1.291528034210205078e+01
3.692875289916992188e+01 4.770443439483642578e-01
-3.088721656799316406e+01 5.325842380523681641e+00
-2.673029136657714844e+01 -1.335331153869628906e+01
2.339461135864257812e+01 -9.180074691772460938e+00
-1.456052494049072266e+01 -2.211050033569335938e+01
-1.107904338836669922e+01 -2.248425102233886719e+01
1.780164146423339844e+01 -1.422655433416366577e-01
-1.189665603637695312e+01 -5.482634544372558594e+00
-1.787265014648437500e+01 6.832730770111083984e+00
2.243752288818359375e+01 6.145189285278320312e+00
1.800303840637207031e+01 1.798600673675537109e+00
-1.989378166198730469e+01 -6.618428230285644531e+00
-1.786663627624511719e+01 -1.956848716735839844e+01
2.215968513488769531e+01 1.347500991821289062e+01
3.602037429809570312e+01 1.411008238792419434e+00
-2.459955978393554688e+01 1.213713836669921875e+01
3.204056549072265625e+01 1.147567462921142578e+01
-3.243137359619140625e+01 6.900464534759521484e+00
2.497055244445800781e+01 5.962245941162109375e+00
2.187173461914062500e+01 1.274298000335693359e+01
-2.886538314819335938e+01 8.271101951599121094e+00
-2.653764915466308594e+01 -1.698010635375976562e+01
2.586754989624023438e+01 -1.601914882659912109e+00
2.096856117248535156e+01 1.570413494110107422e+01
-1.992814064025878906e+01 -2.042776107788085938e+01
2.830346679687500000e+01 5.800002217292785645e-01
3.443235015869140625e+01 4.031204223632812500e+00
-2.673528480529785156e+01 -1.971158981323242188e+01
-3.314790344238281250e+01 7.504414081573486328e+00
-2.107505607604980469e+01 7.000764846801757812e+00
-2.678573226928710938e+01 1.344893455505371094e+01
4.164842605590820312e+01 3.014858007431030273e+00
2.261195182800292969e+01 6.000878810882568359e+00
2.052361679077148438e+01 1.060603237152099609e+01
3.728929138183593750e+01 -2.616514444351196289e+00
-2.285783958435058594e+01 -6.141752243041992188e+00
1.544806766510009766e+01 3.887832641601562500e+00
2.289550971984863281e+01 1.082819843292236328e+01
-1.731110191345214844e+01 -7.866961479187011719e+00
-1.103084754943847656e+01 -2.014310836791992188e+01
2.874751091003417969e+01 -8.171824216842651367e-01
3.724584197998046875e+01 -2.598810911178588867e+00
2.249726486206054688e+01 -8.961564064025878906e+00
-1.171630382537841797e+01 -1.949552726745605469e+01
2.701492881774902344e+01 1.647708177566528320e+00
-1.108050346374511719e+01 -1.488138294219970703e+01
2.498010635375976562e+01 1.215681648254394531e+01
-1.927665710449218750e+01 -2.025104141235351562e+01
-1.872364044189453125e+01 -1.925335693359375000e+01
2.410232543945312500e+01 7.383447885513305664e-01
3.417497253417968750e+01 -1.828813433647155762e+00
-2.418513870239257812e+01 -1.016088485717773438e+01
3.751395416259765625e+01 -2.811486482620239258e+00
-1.410587406158447266e+01 -1.954671096801757812e+01
1.655711364746093750e+01 1.049049949645996094e+01
-1.468247127532958984e+01 -8.156969547271728516e-01
2.963454818725585938e+01 1.086159420013427734e+01
1.617647361755371094e+01 9.640964508056640625e+00
-3.019851875305175781e+01 7.551270008087158203e+00
2.650536155700683594e+01 1.222078800201416016e+01
3.002358245849609375e+01 7.035250663757324219e+00
-2.714673423767089844e+01 -1.260675907135009766e+01
2.710619735717773438e+01 1.589597344398498535e+00
-3.171592712402343750e+01 7.203651428222656250e+00
2.340651130676269531e+01 9.368914604187011719e+00
-2.133132743835449219e+01 4.252163410186767578e+00
3.333087921142578125e+01 -5.722249984741210938e+00
2.216378784179687500e+01 8.587740898132324219e+00
1.732440376281738281e+01 1.583670520782470703e+01
-1.882754898071289062e+01 -2.317559242248535156e+01
-9.171470642089843750e+00 -1.601070594787597656e+01
3.084278678894042969e+01 9.544863700866699219e+00
-1.947452545166015625e+01 -1.919907951354980469e+01
-8.880756378173828125e+00 -1.034720325469970703e+01
-1.336612224578857422e+01 -1.037849235534667969e+01
-2.273849296569824219e+01 8.939443588256835938e+00
2.274822616577148438e+01 -8.372417449951171875e+00
2.623431015014648438e+01 3.749520778656005859e+00
-3.236828613281250000e+01 5.639906406402587891e+00
-4.692916393280029297e+00 -1.600668144226074219e+01
2.250774383544921875e+01 6.198825836181640625e+00
2.951431274414062500e+01 3.172966957092285156e+00
-2.001652717590332031e+01 -5.897010326385498047e+00
-2.099440383911132812e+01 -1.317015647888183594e+01
-2.237212371826171875e+01 9.999542236328125000e+00
-3.144181823730468750e+01 9.366732597351074219e+00
-2.215510368347167969e+01 -4.015011787414550781e+00
2.221402931213378906e+01 1.741145515441894531e+01
3.685349273681640625e+01 3.008615493774414062e+00
2.720634460449218750e+01 1.201660537719726562e+01
3.767827987670898438e+01 9.841804504394531250e+00
-2.808466529846191406e+01 3.506751298904418945e+00
2.573027992248535156e+01 1.368978881835937500e+01
2.444777488708496094e+01 6.072093009948730469e+00
-2.672939491271972656e+01 -1.853473281860351562e+01
-1.840762329101562500e+01 9.339019775390625000e+00
2.827266502380371094e+01 1.429988861083984375e+01
-2.489305686950683594e+01 -1.613969039916992188e+01
2.038367843627929688e+01 1.165827083587646484e+01
-1.710960578918457031e+01 -1.501018238067626953e+01
-1.139752101898193359e+01 -1.009431266784667969e+01
2.568043518066406250e+01 -1.401740908622741699e+00
2.141071891784667969e+01 1.775007247924804688e+01
3.213134384155273438e+01 -1.974517345428466797e+00
2.225775718688964844e+01 8.448797225952148438e+00
-2.616513061523437500e+01 1.272670269012451172e+01
2.854818153381347656e+01 -1.501017451286315918e+00
3.079941368103027344e+01 9.527639389038085938e+00
2.108444023132324219e+01 4.733554363250732422e+00
-3.153417205810546875e+01 5.189147949218750000e+00
3.972101974487304688e+01 8.445570468902587891e-01
-8.913414001464843750e+00 -2.161946296691894531e+01
-2.089324951171875000e+01 -2.051399421691894531e+01
-2.456551551818847656e+01 -1.730144119262695312e+01
-1.038827037811279297e+01 -7.285183429718017578e+00
-9.477756500244140625e+00 -1.960410690307617188e+01
-2.974290657043457031e+01 9.480040550231933594e+00
3.415590667724609375e+01 1.270072746276855469e+01
4.193498229980468750e+01 1.823516368865966797e+00
-2.055767440795898438e+01 7.390707969665527344e+00
3.488615417480468750e+01 -2.014640569686889648e+00
-1.022552585601806641e+01 -9.894560813903808594e+00
-3.420944976806640625e+01 4.415933609008789062e+00
-2.153824424743652344e+01 6.214581966400146484e+00
2.581929588317871094e+01 7.375289440155029297e+00
-1.906353187561035156e+01 -2.113521575927734375e+01
2.303605842590332031e+01 -1.513791322708129883e+00
-2.635123252868652344e+01 7.274168014526367188e+00
-1.510119533538818359e+01 -8.848291397094726562e+00
-1.051803588867187500e+01 -1.594108200073242188e+01
-1.939113426208496094e+01 -1.574141597747802734e+01
-1.952271080017089844e+01 -9.073732376098632812e+00
-7.272904396057128906e+00 -1.183343887329101562e+01
-2.467786026000976562e+01 1.251183700561523438e+01
-2.230085563659667969e+01 -1.553563404083251953e+01
1.860956001281738281e+01 1.638430595397949219e+00
-1.594671344757080078e+01 -1.310006046295166016e+01
3.243755722045898438e+01 4.030793666839599609e+00
-1.863250160217285156e+01 -2.233318138122558594e+01
-2.694957733154296875e+01 5.085740089416503906e+00
2.197012519836425781e+01 4.261209964752197266e+00
2.319221305847167969e+01 -8.756119728088378906e+00
2.713553237915039062e+01 -2.347439765930175781e+00
-1.805580329895019531e+01 -1.565297222137451172e+01
-2.639087677001953125e+01 -1.821967697143554688e+01
-1.428652572631835938e+01 5.436146259307861328e-01
-3.199020385742187500e+01 1.102822685241699219e+01
2.403937721252441406e+01 1.675751686096191406e+01
-1.875508880615234375e+01 -8.473212242126464844e+00
3.460560226440429688e+01 1.821128427982330322e-01
-2.491155433654785156e+01 1.054788303375244141e+01
-5.190230369567871094e+00 -1.459883975982666016e+01
1.732839965820312500e+01 -3.970058858394622803e-01
-7.412899971008300781e+00 -1.178694152832031250e+01
3.523861694335937500e+01 6.431317806243896484e+00
-1.235806179046630859e+01 -1.304358482360839844e+01
3.298502349853515625e+01 -5.552568435668945312e+00
-2.091626167297363281e+01 -1.049464225769042969e+01
2.945806121826171875e+01 -1.710846543312072754e+00
-2.805516815185546875e+01 -1.439799594879150391e+01
-1.833143424987792969e+01 -5.305401325225830078e+00
-2.607139015197753906e+01 -1.428605079650878906e+01
1.992389869689941406e+01 1.618895912170410156e+01
-1.836593437194824219e+01 -4.904715061187744141e+00
1.559514999389648438e+01 9.826675415039062500e+00
-2.287650108337402344e+01 -8.922741889953613281e+00
-1.015722084045410156e+01 -1.702739906311035156e+01
-1.294547176361083984e+01 -1.610714149475097656e+01
3.630765151977539062e+01 2.135942697525024414e+00
-2.658894348144531250e+01 -1.646088218688964844e+01
3.800691986083984375e+01 -3.323308944702148438e+00
1.698656845092773438e+01 1.678318405151367188e+01
-1.638357734680175781e+01 -4.432684421539306641e+00
1.834195137023925781e+01 1.160569000244140625e+01
-2.697444343566894531e+01 -1.554666423797607422e+01
3.599895477294921875e+01 1.292804527282714844e+01
2.771572113037109375e+01 1.384414958953857422e+01
-8.794018745422363281e+00 -1.519013118743896484e+01
-1.162475013732910156e+01 -1.788771820068359375e+01
3.770971298217773438e+01 5.808696269989013672e+00
-8.227374076843261719e+00 -1.580379581451416016e+01
2.453699684143066406e+01 6.323558807373046875e+00
-3.298043060302734375e+01 8.044355392456054688e+00
3.397979354858398438e+01 8.733633995056152344e+00
2.703062248229980469e+01 6.556208133697509766e+00
4.017937088012695312e+01 7.396196365356445312e+00
4.022334671020507812e+01 8.165918350219726562e+00
-2.458800506591796875e+01 -1.930306434631347656e+01
2.323128890991210938e+01 -8.508579254150390625e+00
-8.440754890441894531e+00 -1.283216190338134766e+01
-2.847143745422363281e+01 6.990167140960693359e+00
-1.463144969940185547e+01 -1.949468803405761719e+01
3.646445846557617188e+01 1.004057025909423828e+01
3.731250000000000000e+01 6.560678482055664062e+00
2.369237899780273438e+01 3.510756015777587891e+00
-3.293746566772460938e+01 6.020522117614746094e+00
-2.356576156616210938e+01 9.632092475891113281e+00
4.215404891967773438e+01 4.033143043518066406e+00
2.694911003112792969e+01 9.034128189086914062e+00
-1.814839172363281250e+01 9.423206329345703125e+00
-2.266914558410644531e+01 -1.256403446197509766e+01
3.845591735839843750e+01 4.924465656280517578e+00
-6.974673748016357422e+00 -1.753786849975585938e+01
2.150933647155761719e+01 3.103840589523315430e+00
-1.663876914978027344e+01 -5.653511524200439453e+00
-2.532402038574218750e+01 -1.612251663208007812e+01
-1.123061561584472656e+01 -1.107481193542480469e+01
-2.074846458435058594e+01 -1.851586151123046875e+01
2.217310523986816406e+01 6.267721652984619141e+00
2.979110527038574219e+01 7.571846008300781250e+00
-1.677359390258789062e+01 -1.739415550231933594e+01
-2.341827392578125000e+01 -1.198973083496093750e+01
-9.076419830322265625e+00 -1.844053268432617188e+01
3.655639266967773438e+01 4.170210838317871094e+00
3.417726135253906250e+01 -1.824261546134948730e+00
-1.840119171142578125e+01 -1.123614692687988281e+01
-1.542769336700439453e+01 -4.836781501770019531e+00
-2.392743110656738281e+01 1.261670780181884766e+01
3.346795272827148438e+01 1.382676410675048828e+01
2.637248992919921875e+01 -2.265993595123291016e+00
-1.402273845672607422e+01 -1.802595710754394531e+01
-1.271591567993164062e+01 -2.006698226928710938e+01
1.964052963256835938e+01 7.468371868133544922e+00
-2.279787254333496094e+01 -1.747462463378906250e+01
-3.513846588134765625e+01 5.025207519531250000e+00
-3.062523460388183594e+01 2.527628898620605469e+00
4.194881057739257812e+01 4.770974159240722656e+00
3.393088531494140625e+01 8.675416946411132812e+00
-3.594723510742187500e+01 6.112246513366699219e+00
4.261281967163085938e+01 -7.009537816047668457e-01
1.972402381896972656e+01 2.920919179916381836e+00
2.984642410278320312e+01 -7.613989710807800293e-01
-3.159161758422851562e+01 3.412322521209716797e+00
-1.222411918640136719e+01 -1.495038700103759766e+01
-2.529568672180175781e+01 -1.984967613220214844e+01
-1.913979530334472656e+01 -1.032633495330810547e+01
-2.050654602050781250e+01 -1.345033550262451172e+01
3.817515945434570312e+01 -3.402502536773681641e+00
-2.963797187805175781e+01 5.886569023132324219e+00
2.337010192871093750e+01 -9.264864921569824219e+00
-2.089295005798339844e+01 7.016948699951171875e+00
1.809916687011718750e+01 1.641334152221679688e+01
-2.362242317199707031e+01 -1.349869441986083984e+01
2.544761466979980469e+01 9.353839874267578125e+00
1.787879943847656250e+01 -1.765678375959396362e-01
2.761757659912109375e+01 1.167321395874023438e+01
2.016368865966796875e+01 6.624139547348022461e-01
-1.431809234619140625e+01 -1.705813217163085938e+01
2.649140357971191406e+01 -2.687955856323242188e+00
3.452114105224609375e+01 7.802439689636230469e+00
-1.021505832672119141e+01 -1.828333091735839844e+01
-3.205310821533203125e+01 2.576999664306640625e+00
3.202292633056640625e+01 1.475245475769042969e+01
1.683390808105468750e+01 1.520255661010742188e+01
4.057043838500976562e+01 1.068172073364257812e+01
3.680365753173828125e+01 5.021632909774780273e-01
-1.391152954101562500e+01 7.578017711639404297e-01
-2.061108207702636719e+01 -1.285787773132324219e+01
-1.283662223815917969e+01 -4.684003829956054688e+00
-1.499014472961425781e+01 -1.175634765625000000e+01
1.948296546936035156e+01 1.394106960296630859e+01
2.539171791076660156e+01 2.059598684310913086e+00
1.799280166625976562e+01 1.572068595886230469e+01
-2.415171241760253906e+01 -1.120366764068603516e+01
-2.561594390869140625e+01 -1.359864711761474609e+01
-1.227011489868164062e+01 -1.505389118194580078e+01
-6.988009452819824219e+00 -1.736827468872070312e+01
1.909192276000976562e+01 1.834113311767578125e+01
3.290910720825195312e+01 7.338379383087158203e+00
2.424007034301757812e+01 1.369885349273681641e+01
-1.205739593505859375e+01 -1.624538421630859375e+01
-2.121184349060058594e+01 -1.341575431823730469e+01
-1.747542572021484375e+01 -2.091219711303710938e+01
1.993455696105957031e+01 2.784596920013427734e+00
-1.005172920227050781e+01 -1.432382202148437500e+01
-4.962910175323486328e+00 -1.275849723815917969e+01
2.773348045349121094e+01 1.375167751312255859e+01
-1.381354236602783203e+01 -1.129415988922119141e+01
-1.818845748901367188e+01 -1.650649452209472656e+01
-1.686956787109375000e+01 -1.062027263641357422e+01
1.888235473632812500e+01 3.409167051315307617e+00
-2.167717552185058594e+01 9.882982254028320312e+00
-7.113302230834960938e+00 -1.498988437652587891e+01
2.576054191589355469e+01 -2.568525552749633789e+00
-2.481785392761230469e+01 8.891845703125000000e+00
1.625400161743164062e+01 1.050086212158203125e+01
1.904199028015136719e+01 3.659832239151000977e+00
-1.171251392364501953e+01 -2.260382652282714844e+01
3.466923522949218750e+01 5.187311768531799316e-02
-1.168750381469726562e+01 -4.068791866302490234e+00
-1.802496910095214844e+01 5.184831619262695312e+00
3.007002639770507812e+01 -6.175734996795654297e-01
-1.752209281921386719e+01 -5.553987503051757812e+00
2.854214096069335938e+01 1.302006149291992188e+01
-2.753838920593261719e+01 6.918431282043457031e+00
3.260759735107421875e+01 -5.391828060150146484e+00
-2.028824043273925781e+01 -2.182704162597656250e+01
2.584428787231445312e+01 1.098850250244140625e+01
-1.668819808959960938e+01 -9.537992477416992188e+00
-2.835145378112792969e+01 -3.345802307128906250e+00
3.621033096313476562e+01 7.159120559692382812e+00
3.647638702392578125e+01 4.365446090698242188e+00
3.099236869812011719e+01 1.293751144409179688e+01
3.237285995483398438e+01 3.964676618576049805e+00
-2.776389312744140625e+01 -1.477391910552978516e+01
-2.600821495056152344e+01 1.363161754608154297e+01
2.141979789733886719e+01 1.809158134460449219e+01
4.066007995605468750e+01 7.711687564849853516e+00
-2.464769744873046875e+01 6.569739341735839844e+00
-2.575370979309082031e+01 1.026313304901123047e+01
-1.314937782287597656e+01 -4.817068099975585938e+00
-2.530609321594238281e+01 -1.952750396728515625e+01
2.575792884826660156e+01 1.427887058258056641e+01
3.456272125244140625e+01 -1.887966394424438477e+00
2.719983100891113281e+01 1.222497749328613281e+01
3.046086311340332031e+01 -4.526408195495605469e+00
-2.393463897705078125e+01 7.919976711273193359e+00
1.845286178588867188e+01 1.227625656127929688e+01
-2.336658477783203125e+01 -1.175839066505432129e+00
1.722441864013671875e+01 1.274151039123535156e+01
2.666466712951660156e+01 1.186763572692871094e+01
2.406500053405761719e+01 9.780176162719726562e+00
-3.372278213500976562e+01 3.436969995498657227e+00
-2.171382713317871094e+01 1.220794105529785156e+01
-2.375004386901855469e+01 -9.257920265197753906e+00
-8.956418991088867188e+00 -7.627364635467529297e+00
-1.916381454467773438e+01 -1.725736618041992188e+01
-6.639599323272705078e+00 -1.368637084960937500e+01
