2.690110000000000000e+05
2.674957620624082629e+05
2.660567190666225506e+05
2.646938710126426886e+05
2.634072179004687350e+05
2.621967597301006317e+05
2.610624965015384369e+05
2.600044282147820923e+05
2.590225548698317143e+05
2.581168764666871575e+05
2.572873930053485092e+05
2.565341044858158275e+05
2.558570109080889670e+05
2.552561122721679858e+05
2.547314085780530295e+05
2.542828998257438070e+05
2.539105860152405512e+05
2.536144671465430874e+05
2.533945432196515903e+05
2.532508142345660890e+05
2.531832801912863215e+05
2.531919410898126080e+05
2.532767969301445992e+05
2.534378477122826152e+05
2.536750934362263652e+05
2.539885341019761399e+05
2.543781697095318814e+05
2.548440002588934149e+05
2.553860257500608568e+05
2.560042461830341490e+05
2.566986615578134079e+05
2.574692718743985170e+05
2.583160771327895054e+05
2.592390773329864023e+05
2.602382724749892077e+05
2.613136625587977760e+05
2.624652475844123983e+05
2.636930275518328417e+05
2.649970024610591936e+05
2.663771723120914539e+05
2.678335371049295645e+05
2.693660968395737000e+05
2.709748515160236275e+05
2.726598011342794634e+05
2.744209456943412079e+05
2.762582851962086861e+05
2.781718196398822474e+05
2.801615490253616008e+05
2.822274733526469208e+05
2.843695926217379747e+05
2.865879068326351116e+05
2.888824159853380406e+05
2.912531200798468199e+05
2.937000191161615658e+05
2.962231130942822783e+05
2.988224020142087829e+05
3.014978858759411378e+05
3.042495646794794593e+05
3.070774384248237475e+05
3.099815071119739441e+05
3.129617707409297000e+05
3.160182293116916553e+05
3.191508828242594027e+05
3.223597312786331167e+05
3.256447746748126810e+05
3.290060130127980374e+05
3.324434462925894768e+05
3.359570745141867665e+05
3.395468976775897318e+05
3.432129157827988383e+05
3.469551288298137952e+05
3.507735368186344858e+05
3.546681397492612014e+05
3.586389376216938836e+05
3.626859304359322996e+05
3.668091181919767405e+05
3.710085008898269152e+05
3.752840785294831148e+05
3.796358511109451647e+05
3.840638186342130648e+05
3.885679810992869898e+05
3.931483385061667650e+05
3.978048908548522741e+05
4.025376381453438662e+05
4.073465803776410758e+05
4.122317175517445430e+05
4.171930496676535695e+05
4.222305767253686790e+05
4.273442987248899299e+05
4.325342156662165653e+05
4.378003275493493420e+05
4.431426343742879690e+05
4.485611361410324462e+05
4.540558328495830065e+05
4.596267244999393006e+05
4.652738110921016778e+05
4.709970926260696142e+05
4.767965691018434591e+05
4.826722405194235034e+05
4.886241068788093398e+05
4.946521681800008519e+05
5.007564244229985052e+05
5.069368756078021252e+05
5.131935217344114208e+05
5.195263628028266830e+05
5.259353988130475627e+05
5.324206297650748165e+05
5.389820556589078624e+05
5.456196764945465839e+05
5.523334922719913302e+05
5.591235029912418686e+05
5.659897086522981990e+05
5.729321092551606707e+05
5.799507047998289345e+05
5.870454952863032231e+05
5.942164807145833038e+05
6.014636610846692929e+05
6.087870363965610741e+05
6.161866066502586473e+05
6.236623718457623618e+05
6.312143319830718683e+05
6.388424870621872833e+05
6.465468370831087232e+05
6.543273820458359551e+05
6.621841219503692118e+05
6.701170567967081442e+05
6.781261865848527523e+05
6.862115113148035016e+05
6.943730309865601594e+05
7.026107456001229584e+05
7.109246551554913167e+05
7.193147596526655834e+05
7.277810590916459914e+05
7.363235534724319587e+05
7.449422427950240672e+05
7.536371270594219677e+05
7.624082062656256603e+05
7.712554804136353778e+05
7.801789495034510037e+05
7.891786135350724217e+05
7.982544725084999809e+05
8.074065264237332158e+05
8.166347752807724755e+05
8.259392190796172945e+05
8.353198578202681383e+05
8.447766915027252398e+05
8.543097201269873185e+05
8.639189436930562370e+05
8.736043622009307146e+05
8.833659756506112171e+05
8.932037840420977445e+05
9.031177873753898311e+05
9.131079856504879426e+05
9.231743788673918461e+05
9.333169670261015417e+05
9.435357501266173786e+05
9.538307281689392403e+05
9.642019011530665448e+05
9.746492690790002234e+05
9.851728319467395777e+05
9.957725897562850732e+05
1.006448542507635662e+06
1.017200690200792509e+06
1.028029032835755846e+06
1.038933570412524510e+06
1.049914302931099432e+06
1.060971230391479796e+06
1.072104352793666068e+06
1.083313670137658715e+06
1.094599182423456805e+06
1.105960889651061036e+06
1.117398791820471175e+06
1.128912888931686757e+06
1.140503180984708713e+06
1.152169667979535880e+06
1.163912349916169886e+06
1.175731226794609101e+06
1.187626298614854226e+06
1.199597565376905724e+06
1.211645027080762666e+06
1.223768683726426447e+06
1.235968535313895671e+06
1.248244581843170105e+06
1.260596823314250447e+06
1.273025259727137163e+06
1.285529891081830021e+06
1.298110717378328554e+06
1.310767738616632996e+06
1.323500954796743114e+06
1.336310365918658907e+06
1.349195971982380841e+06
1.362157772987909149e+06
1.375195768935242435e+06
1.388309959824381862e+06
1.401500345655327197e+06
1.414766926428079372e+06
1.428109702142636525e+06
1.441528672799000284e+06
1.455023838397168787e+06
1.468595198937143665e+06
