1.235516548156738281e+01 5.858471393585205078e+00
-4.613025188446044922e+00 8.155895233154296875e+00
-6.798938274383544922e+00 9.360830307006835938e+00
1.317505645751953125e+01 1.289071846008300781e+01
1.307332611083984375e+01 1.386922454833984375e+01
-6.109152317047119141e+00 7.539455413818359375e+00
-5.894707202911376953e+00 5.400811672210693359e+00
1.403256702423095703e+01 1.317489337921142578e+01
-5.453687667846679688e+00 6.528802394866943359e+00
1.095097446441650391e+01 1.260443019866943359e+01
-7.016279697418212891e+00 6.674439907073974609e+00
1.291489028930664062e+01 1.366440296173095703e+01
1.325836086273193359e+01 5.891589641571044922e+00
-6.123671531677246094e+00 6.862418174743652344e+00
1.245030975341796875e+01 5.438361644744873047e+00
1.125197219848632812e+01 1.319600677490234375e+01
1.226002597808837891e+01 1.241969776153564453e+01
-7.059101104736328125e+00 6.589804172515869141e+00
-4.714859008789062500e+00 6.233066082000732422e+00
-7.515137672424316406e+00 6.152061939239501953e+00
1.337749481201171875e+01 5.700874805450439453e+00
1.310220241546630859e+01 7.015969753265380859e+00
1.322531318664550781e+01 6.960060119628906250e+00
1.312595653533935547e+01 5.958683013916015625e+00
-7.101269245147705078e+00 6.180327415466308594e+00
1.235848903656005859e+01 1.407934570312500000e+01
1.379927349090576172e+01 1.250855636596679688e+01
1.320116043090820312e+01 6.646402359008789062e+00
1.234697151184082031e+01 1.246406841278076172e+01
1.386147403717041016e+01 6.561151504516601562e+00
-6.888357639312744141e+00 5.776464462280273438e+00
1.265649414062500000e+01 6.455511569976806641e+00
1.412874889373779297e+01 1.310117816925048828e+01
1.248106670379638672e+01 5.405209541320800781e+00
-4.737567424774169922e+00 6.126031875610351562e+00
1.220822143554687500e+01 1.379857921600341797e+01
1.353915119171142578e+01 1.352481937408447266e+01
-5.501555442810058594e+00 6.413395404815673828e+00
-6.290966510772705078e+00 5.996461391448974609e+00
-5.763255596160888672e+00 9.582335472106933594e+00
-5.223396778106689453e+00 8.692839622497558594e+00
1.395015430450439453e+01 5.827770709991455078e+00
1.242049407958984375e+01 1.239797210693359375e+01
-5.340405464172363281e+00 6.728682994842529297e+00
1.248978519439697266e+01 6.128665447235107422e+00
-5.738214492797851562e+00 9.628259658813476562e+00
1.299764537811279297e+01 5.988123416900634766e+00
-4.050795078277587891e+00 8.151578903198242188e+00
1.383069515228271484e+01 1.365932750701904297e+01
-4.647835731506347656e+00 7.116815567016601562e+00
1.356898975372314453e+01 1.273898315429687500e+01
1.195670223236083984e+01 1.201095962524414062e+01
1.276064205169677734e+01 1.234432888031005859e+01
-6.682662010192871094e+00 7.314122200012207031e+00
-4.068504810333251953e+00 8.154933929443359375e+00
-6.534465312957763672e+00 9.336538314819335938e+00
1.235584926605224609e+01 1.288590812683105469e+01
-6.204531669616699219e+00 8.378279685974121094e+00
-6.105231761932373047e+00 8.469584465026855469e+00
-4.780283927917480469e+00 6.830676078796386719e+00
1.458563804626464844e+01 5.634966850280761719e+00
-6.434123039245605469e+00 5.844799518585205078e+00
-6.881280899047851562e+00 9.143454551696777344e+00
1.212640285491943359e+01 1.231205940246582031e+01
1.128128051757812500e+01 1.354175949096679688e+01
1.360556793212890625e+01 1.254982280731201172e+01
1.341850376129150391e+01 7.069837570190429688e+00
-4.568060398101806641e+00 8.193428039550781250e+00
1.417580795288085938e+01 1.277345752716064453e+01
1.338474464416503906e+01 7.018890857696533203e+00
1.214220619201660156e+01 1.402289295196533203e+01
1.458108329772949219e+01 5.286620140075683594e+00
1.327383232116699219e+01 1.378808689117431641e+01
1.264116477966308594e+01 6.087885856628417969e+00
1.276059150695800781e+01 1.355542755126953125e+01
-7.032854557037353516e+00 9.224809646606445312e+00
-4.262835025787353516e+00 1.002774143218994141e+01
-5.965954303741455078e+00 8.022811889648437500e+00
1.206686401367187500e+01 1.288399982452392578e+01
-4.153893470764160156e+00 7.799189567565917969e+00
1.240266513824462891e+01 1.087830352783203125e+01
-5.684912681579589844e+00 9.620361328125000000e+00
1.373395156860351562e+01 6.690330982208251953e+00
1.285004043579101562e+01 6.157425880432128906e+00
-6.860145092010498047e+00 9.273217201232910156e+00
1.400702190399169922e+01 5.707821846008300781e+00
1.138386726379394531e+01 1.197942829132080078e+01
-6.196349620819091797e+00 7.227204799652099609e+00
-4.918109416961669922e+00 5.857678413391113281e+00
-6.048807144165039062e+00 6.955856800079345703e+00
-6.621198177337646484e+00 7.599168300628662109e+00
1.329778480529785156e+01 1.343864345550537109e+01
1.235940456390380859e+01 1.102372264862060547e+01
1.440769863128662109e+01 5.411268711090087891e+00
-4.662378787994384766e+00 6.208489418029785156e+00
-5.807615756988525391e+00 7.056402683258056641e+00
-4.473505020141601562e+00 7.414715766906738281e+00
-4.114632129669189453e+00 8.162349700927734375e+00
1.275598335266113281e+01 6.445216655731201172e+00
-6.239064693450927734e+00 5.652915000915527344e+00
-5.576375961303710938e+00 9.145541191101074219e+00
1.185419368743896484e+01 1.243171215057373047e+01
-6.094889163970947266e+00 8.068949699401855469e+00
1.266103839874267578e+01 6.217857360839843750e+00
1.181776523590087891e+01 1.236266231536865234e+01
-5.153266429901123047e+00 7.916716098785400391e+00
1.317510890960693359e+01 6.947580814361572266e+00
1.374350929260253906e+01 1.286643314361572266e+01
1.168282032012939453e+01 1.303524971008300781e+01
-6.348203659057617188e+00 8.433637619018554688e+00
1.368320274353027344e+01 1.275152015686035156e+01
1.325291728973388672e+01 1.249324131011962891e+01
-7.227804660797119141e+00 5.383984088897705078e+00
-6.176272869110107422e+00 5.696121692657470703e+00
1.443334674835205078e+01 1.268266296386718750e+01
-6.445562839508056641e+00 8.099637031555175781e+00
1.229250812530517578e+01 5.842925071716308594e+00
1.269663619995117188e+01 1.293706512451171875e+01
1.153923797607421875e+01 1.365420436859130859e+01
1.405362987518310547e+01 1.315338420867919922e+01
1.109488773345947266e+01 1.256832695007324219e+01
1.446624374389648438e+01 4.724501132965087891e+00
1.247167205810546875e+01 1.287927341461181641e+01
-5.551644325256347656e+00 5.868871212005615234e+00
1.315832233428955078e+01 5.517671108245849609e+00
1.091506862640380859e+01 1.235212516784667969e+01
-6.401219367980957031e+00 6.471785545349121094e+00
1.281568527221679688e+01 1.272839736938476562e+01
-6.951896667480468750e+00 8.946187973022460938e+00
-3.850294113159179688e+00 7.573203086853027344e+00
1.262221908569335938e+01 6.169076919555664062e+00
-6.913302898406982422e+00 7.166534900665283203e+00
-4.101425647735595703e+00 6.023979663848876953e+00
1.138828372955322266e+01 1.373906517028808594e+01
1.391308403015136719e+01 1.375013256072998047e+01
1.172133922576904297e+01 1.352549934387207031e+01
-6.633787631988525391e+00 9.501536369323730469e+00
1.405400848388671875e+01 6.230007171630859375e+00
1.262357616424560547e+01 1.414422512054443359e+01
-6.565906047821044922e+00 6.347604274749755859e+00
-7.436459064483642578e+00 6.739394187927246094e+00
-4.103640079498291016e+00 8.095257759094238281e+00
1.144586944580078125e+01 1.355296897888183594e+01
1.355406188964843750e+01 1.135916423797607422e+01
1.462961101531982422e+01 5.326548099517822266e+00
-6.296661376953125000e+00 8.164052009582519531e+00
1.185808753967285156e+01 1.333772087097167969e+01
1.180725383758544922e+01 1.316880989074707031e+01
-6.235966682434082031e+00 8.140835762023925781e+00
-6.975231647491455078e+00 5.439494132995605469e+00
-7.114360332489013672e+00 6.286366462707519531e+00
-6.740651130676269531e+00 7.745295524597167969e+00
1.327231025695800781e+01 5.749772548675537109e+00
1.415943336486816406e+01 4.956981658935546875e+00
-6.641693115234375000e+00 6.709391593933105469e+00
1.246545028686523438e+01 1.388627433776855469e+01
-6.260910987854003906e+00 8.108785629272460938e+00
-6.211313724517822266e+00 7.682139396667480469e+00
-6.403470039367675781e+00 6.454346179962158203e+00
1.292588996887207031e+01 1.265457153320312500e+01
-6.738625049591064453e+00 6.496574878692626953e+00
1.114107799530029297e+01 1.261437702178955078e+01
-4.759124755859375000e+00 6.876977443695068359e+00
-4.508610248565673828e+00 7.589532852172851562e+00
-5.782709598541259766e+00 7.775854587554931641e+00
-6.866478443145751953e+00 5.953745365142822266e+00
1.338234615325927734e+01 1.322143077850341797e+01
-6.517647743225097656e+00 7.762619495391845703e+00
1.135017681121826172e+01 1.213486289978027344e+01
1.477837753295898438e+01 4.882380962371826172e+00
-6.984027862548828125e+00 6.116282939910888672e+00
1.180957603454589844e+01 1.192076969146728516e+01
1.264215564727783203e+01 1.406157016754150391e+01
1.480004405975341797e+01 5.240064620971679688e+00
-5.054469585418701172e+00 5.870526790618896484e+00
-4.045778274536132812e+00 6.072610855102539062e+00
-4.109625339508056641e+00 7.744760036468505859e+00
1.261873149871826172e+01 1.363874721527099609e+01
1.272095012664794922e+01 6.682938575744628906e+00
-4.497970104217529297e+00 7.401674270629882812e+00
1.394100284576416016e+01 5.095263957977294922e+00
1.294736576080322266e+01 5.868078708648681641e+00
1.360754108428955078e+01 6.649399280548095703e+00
1.348282146453857422e+01 5.567786693572998047e+00
1.234875202178955078e+01 1.157833671569824219e+01
1.291984176635742188e+01 1.356586837768554688e+01
-6.947776794433593750e+00 5.385850429534912109e+00
1.234670734405517578e+01 1.261510086059570312e+01
-5.717450618743896484e+00 9.575575828552246094e+00
-6.883390903472900391e+00 9.228802680969238281e+00
1.126224708557128906e+01 1.314628124237060547e+01
-5.802434921264648438e+00 6.976461887359619141e+00
-7.533159732818603516e+00 6.311799526214599609e+00
1.232752609252929688e+01 5.867409706115722656e+00
1.281587505340576172e+01 1.365023708343505859e+01
1.303166007995605469e+01 6.332711696624755859e+00
1.345860004425048828e+01 1.334580516815185547e+01
-5.774670124053955078e+00 8.339435577392578125e+00
1.452535629272460938e+01 5.649106502532958984e+00
1.128914833068847656e+01 1.200431919097900391e+01
-7.432938575744628906e+00 6.009100914001464844e+00
1.236469173431396484e+01 1.294611930847167969e+01
1.294570446014404297e+01 1.267356681823730469e+01
1.420645141601562500e+01 1.314209842681884766e+01
-6.900364398956298828e+00 5.339369297027587891e+00
-7.460902690887451172e+00 6.663475513458251953e+00
1.359322643280029297e+01 6.824332714080810547e+00
1.121726799011230469e+01 1.307266521453857422e+01
1.323221397399902344e+01 1.313270187377929688e+01
-6.682078838348388672e+00 5.132824897766113281e+00
1.464405918121337891e+01 5.058892726898193359e+00
-5.953859329223632812e+00 8.410858154296875000e+00
1.156612300872802734e+01 1.284911823272705078e+01
-6.013641834259033203e+00 9.475075721740722656e+00
-4.368176937103271484e+00 8.035586357116699219e+00
1.355290985107421875e+01 1.370248031616210938e+01
1.366787433624267578e+01 1.345352840423583984e+01
1.238773345947265625e+01 1.231952095031738281e+01
1.252558803558349609e+01 1.399526500701904297e+01
1.246763706207275391e+01 1.390843486785888672e+01
1.357306671142578125e+01 5.445317268371582031e+00
1.107677173614501953e+01 1.280070686340332031e+01
1.402236175537109375e+01 5.422003746032714844e+00
-6.994013309478759766e+00 6.734971046447753906e+00
1.260072708129882812e+01 6.257052421569824219e+00
-6.426012992858886719e+00 5.076203823089599609e+00
1.478241348266601562e+01 5.202133178710937500e+00
-6.825381278991699219e+00 5.398560523986816406e+00
1.198082542419433594e+01 1.242179393768310547e+01
-7.066234588623046875e+00 7.813652038574218750e+00
-5.337111949920654297e+00 5.792295455932617188e+00
1.140818405151367188e+01 1.245188999176025391e+01
-4.125480651855468750e+00 7.694186210632324219e+00
1.197249984741210938e+01 1.270995616912841797e+01
1.339696884155273438e+01 5.879605293273925781e+00
1.237863063812255859e+01 1.384043216705322266e+01
1.253174304962158203e+01 1.280650806427001953e+01
-4.243667602539062500e+00 7.118167400360107422e+00
1.409694004058837891e+01 1.346056938171386719e+01
1.369582748413085938e+01 1.374166107177734375e+01
1.356259250640869141e+01 1.365789031982421875e+01
1.332529067993164062e+01 1.305774021148681641e+01
-5.192625045776367188e+00 8.762073516845703125e+00
1.181303024291992188e+01 1.320602512359619141e+01
1.429818248748779297e+01 1.330410480499267578e+01
1.305595874786376953e+01 6.943096637725830078e+00
-7.026002407073974609e+00 8.387617111206054688e+00
1.246202564239501953e+01 1.412949180603027344e+01
-5.805476188659667969e+00 9.530565261840820312e+00
-5.706970691680908203e+00 9.599574089050292969e+00
-4.560663223266601562e+00 7.596779823303222656e+00
-4.086340427398681641e+00 7.397749900817871094e+00
1.215724468231201172e+01 1.308005809783935547e+01
1.215657424926757812e+01 1.277636241912841797e+01
1.365640354156494141e+01 1.184711265563964844e+01
1.284388923645019531e+01 5.625655651092529297e+00
-6.010180473327636719e+00 5.440931320190429688e+00
1.326497745513916016e+01 1.147411537170410156e+01
-7.311949729919433594e+00 6.530750751495361328e+00
-6.779669761657714844e+00 9.587549209594726562e+00
1.484293365478515625e+01 5.043703079223632812e+00
-5.317781448364257812e+00 5.509121894836425781e+00
-6.162132263183593750e+00 7.292160987854003906e+00
-6.599037647247314453e+00 9.364245414733886719e+00
1.413216972351074219e+01 5.473354339599609375e+00
1.133265972137451172e+01 1.373160362243652344e+01
1.293180656433105469e+01 1.396120834350585938e+01
-6.725646018981933594e+00 6.566047668457031250e+00
-7.155567646026611328e+00 5.330677509307861328e+00
1.258001995086669922e+01 1.134922790527343750e+01
1.272334957122802734e+01 1.363524341583251953e+01
1.418246555328369141e+01 4.831254959106445312e+00
-6.956791877746582031e+00 6.847458839416503906e+00
-4.700775623321533203e+00 6.100451469421386719e+00
1.463183879852294922e+01 4.815416812896728516e+00
-5.230569839477539062e+00 8.202677726745605469e+00
1.361191177368164062e+01 1.305303287506103516e+01
1.323307514190673828e+01 1.282906436920166016e+01
-6.451861381530761719e+00 6.147928714752197266e+00
1.244230079650878906e+01 1.238303756713867188e+01
1.342149162292480469e+01 1.302813720703125000e+01
-6.467212677001953125e+00 9.087963104248046875e+00
-6.997807979583740234e+00 7.336195945739746094e+00
-5.118217945098876953e+00 5.612732410430908203e+00
1.333794784545898438e+01 1.387644577026367188e+01
-5.305326461791992188e+00 8.801609992980957031e+00
-6.995659351348876953e+00 6.094041824340820312e+00
-4.679917335510253906e+00 7.046133041381835938e+00
-7.414097785949707031e+00 6.457135200500488281e+00
1.325210666656494141e+01 1.245521068572998047e+01
1.390978240966796875e+01 1.301276016235351562e+01
1.226483535766601562e+01 1.377848625183105469e+01
-5.061710834503173828e+00 7.308881759643554688e+00
1.352559852600097656e+01 1.340509223937988281e+01
1.442656517028808594e+01 4.784799098968505859e+00
1.332324886322021484e+01 1.366580200195312500e+01
-6.827808380126953125e+00 6.865574359893798828e+00
1.303905773162841797e+01 5.871183872222900391e+00
-5.188414096832275391e+00 8.533541679382324219e+00
-6.465650558471679688e+00 7.923705101013183594e+00
-5.177594184875488281e+00 8.784907341003417969e+00
1.143518924713134766e+01 1.229244422912597656e+01
-7.450575828552246094e+00 6.621438980102539062e+00
1.392334842681884766e+01 6.270905971527099609e+00
1.229221916198730469e+01 5.836695671081542969e+00
1.390483093261718750e+01 6.443199634552001953e+00
1.294124794006347656e+01 6.784615039825439453e+00
1.159758853912353516e+01 1.209118461608886719e+01
1.351335144042968750e+01 1.334765243530273438e+01
1.172381210327148438e+01 1.332385826110839844e+01
1.117798328399658203e+01 1.268338108062744141e+01
-4.512432098388671875e+00 7.388417720794677734e+00
-5.362320899963378906e+00 8.837152481079101562e+00
1.231829071044921875e+01 1.289035606384277344e+01
1.258721160888671875e+01 6.082434654235839844e+00
-6.433128356933593750e+00 8.434352874755859375e+00
1.439222145080566406e+01 4.818604469299316406e+00
-5.855839729309082031e+00 6.988696098327636719e+00
1.176404476165771484e+01 1.177072620391845703e+01
-5.485417842864990234e+00 6.382999420166015625e+00
1.358574771881103516e+01 1.250093555450439453e+01
1.308528804779052734e+01 1.280079460144042969e+01
1.426211166381835938e+01 1.308713722229003906e+01
-6.831884384155273438e+00 5.713882446289062500e+00
1.460844993591308594e+01 5.586592674255371094e+00
-6.142696857452392578e+00 9.345285415649414062e+00
1.431721878051757812e+01 4.719365119934082031e+00
-4.798402309417724609e+00 6.412322521209716797e+00
-6.115182876586914062e+00 6.749195098876953125e+00
-5.783086299896240234e+00 6.942970275878906250e+00
-6.103507995605468750e+00 5.756685256958007812e+00
-6.252130985260009766e+00 8.329688072204589844e+00
-6.823570728302001953e+00 6.090700626373291016e+00
1.332407093048095703e+01 1.360538482666015625e+01
1.275433540344238281e+01 1.416428565979003906e+01
-5.883577823638916016e+00 8.022402763366699219e+00
1.429783725738525391e+01 1.301641750335693359e+01
1.439056873321533203e+01 1.278452396392822266e+01
-4.460391044616699219e+00 8.095656394958496094e+00
1.246277141571044922e+01 5.639756202697753906e+00
1.401079463958740234e+01 5.130605220794677734e+00
1.278247165679931641e+01 1.139550876617431641e+01
1.479362297058105469e+01 4.935245513916015625e+00
1.197690677642822266e+01 1.238172435760498047e+01
1.246835994720458984e+01 5.853377819061279297e+00
1.229206657409667969e+01 1.220271968841552734e+01
-7.246918678283691406e+00 6.112414360046386719e+00
1.425886726379394531e+01 4.780640602111816406e+00
1.435131263732910156e+01 1.291320991516113281e+01
-4.140533924102783203e+00 6.140710830688476562e+00
1.102397537231445312e+01 1.231847095489501953e+01
-7.043133735656738281e+00 6.670673370361328125e+00
-4.622449398040771484e+00 6.380566120147705078e+00
1.259360504150390625e+01 5.957819461822509766e+00
1.358012866973876953e+01 1.385366535186767578e+01
-4.064444065093994141e+00 7.514444828033447266e+00
1.340986061096191406e+01 6.171627521514892578e+00
1.376223945617675781e+01 1.328727817535400391e+01
1.399373435974121094e+01 5.329551696777343750e+00
-6.493594646453857422e+00 6.384468078613281250e+00
-4.139908790588378906e+00 8.114107131958007812e+00
-6.735742092132568359e+00 6.533557891845703125e+00
-5.679221153259277344e+00 9.407895088195800781e+00
1.110787487030029297e+01 1.246250343322753906e+01
-7.508228302001953125e+00 6.337975978851318359e+00
-6.369031429290771484e+00 5.083624362945556641e+00
1.161181545257568359e+01 1.231198310852050781e+01
1.447465229034423828e+01 5.499869346618652344e+00
1.238658618927001953e+01 1.376166629791259766e+01
-6.903041362762451172e+00 5.897075653076171875e+00
-5.959915637969970703e+00 8.383590698242187500e+00
1.171489906311035156e+01 1.354714107513427734e+01
1.390447711944580078e+01 1.224957466125488281e+01
-7.177525520324707031e+00 5.385040283203125000e+00
1.403645229339599609e+01 5.547757148742675781e+00
-4.204290390014648438e+00 1.008512783050537109e+01
1.342634868621826172e+01 1.153180122375488281e+01
1.309537124633789062e+01 7.110405445098876953e+00
-5.768978118896484375e+00 6.998316287994384766e+00
-4.143248558044433594e+00 8.060347557067871094e+00
1.271043205261230469e+01 1.385515499114990234e+01
-6.818517208099365234e+00 9.141040802001953125e+00
-6.098177433013916016e+00 9.337074279785156250e+00
-5.796752452850341797e+00 6.917041301727294922e+00
1.474288177490234375e+01 5.005067348480224609e+00
1.450225067138671875e+01 5.672639846801757812e+00
-5.913370132446289062e+00 8.057180404663085938e+00
1.471667003631591797e+01 4.860022544860839844e+00
1.273232269287109375e+01 1.390804004669189453e+01
1.217756557464599609e+01 1.402667617797851562e+01
1.434944248199462891e+01 5.074715137481689453e+00
1.354134368896484375e+01 1.382398033142089844e+01
1.398840713500976562e+01 1.379735851287841797e+01
-5.838666915893554688e+00 5.592688083648681641e+00
-6.157192707061767578e+00 8.068959236145019531e+00
1.332449054718017578e+01 1.187358951568603516e+01
1.368835735321044922e+01 6.739449977874755859e+00
-6.922842979431152344e+00 6.317115306854248047e+00
-7.353737354278564453e+00 6.544670104980468750e+00
-5.329972267150878906e+00 5.936809062957763672e+00
-5.916019439697265625e+00 6.061235427856445312e+00
-6.537661075592041016e+00 5.107054233551025391e+00
1.401357173919677734e+01 5.097945690155029297e+00
1.312132835388183594e+01 1.238487911224365234e+01
1.172458648681640625e+01 1.171272373199462891e+01
1.271334838867187500e+01 1.238464546203613281e+01
-5.810076713562011719e+00 5.717178344726562500e+00
1.450948619842529297e+01 5.306956768035888672e+00
1.412128067016601562e+01 1.261577224731445312e+01
-4.219136238098144531e+00 1.007254219055175781e+01
1.234216785430908203e+01 1.365316486358642578e+01
1.141102313995361328e+01 1.377424049377441406e+01
-3.858735799789428711e+00 7.554892063140869141e+00
1.228779792785644531e+01 1.152315235137939453e+01
1.300494861602783203e+01 6.641421318054199219e+00
-5.361511230468750000e+00 8.820972442626953125e+00
-4.063045978546142578e+00 7.391448020935058594e+00
1.336983489990234375e+01 1.180186557769775391e+01
1.260286617279052734e+01 1.380211925506591797e+01
-6.384880065917968750e+00 8.449314117431640625e+00
-5.679530620574951172e+00 5.959650993347167969e+00
1.232563781738281250e+01 5.700034141540527344e+00
-6.934371948242187500e+00 6.788506507873535156e+00
1.433096504211425781e+01 4.883835315704345703e+00
-5.175389289855957031e+00 8.661355018615722656e+00
-6.309159755706787109e+00 8.437601089477539062e+00
1.397534751892089844e+01 5.560900211334228516e+00
1.427516937255859375e+01 1.328912067413330078e+01
-4.134546279907226562e+00 6.053471088409423828e+00
-6.836110591888427734e+00 9.135539054870605469e+00
1.282244682312011719e+01 1.399646663665771484e+01
-4.841914653778076172e+00 6.461137771606445312e+00
-6.814220905303955078e+00 5.608163833618164062e+00
1.417139530181884766e+01 1.346103000640869141e+01
1.437661743164062500e+01 4.773521900177001953e+00
1.304541587829589844e+01 6.788005352020263672e+00
1.243313789367675781e+01 5.444708824157714844e+00
-6.484015941619873047e+00 5.157316684722900391e+00
-5.414503097534179688e+00 8.720331192016601562e+00
-6.133462429046630859e+00 8.073043823242187500e+00
-4.790053844451904297e+00 5.642694473266601562e+00
1.341073322296142578e+01 1.195595932006835938e+01
-4.554583549499511719e+00 7.599877357482910156e+00
-6.017016410827636719e+00 8.132589340209960938e+00
1.300336170196533203e+01 1.214160442352294922e+01
1.127290344238281250e+01 1.335508537292480469e+01
-4.611505508422851562e+00 6.234860897064208984e+00
-4.631425380706787109e+00 5.611944198608398438e+00
-4.191505908966064453e+00 1.010099887847900391e+01
1.147547817230224609e+01 1.339421081542968750e+01
-5.023878097534179688e+00 7.073359966278076172e+00
1.165620613098144531e+01 1.248021221160888672e+01
-6.472063541412353516e+00 7.786661148071289062e+00
1.259994220733642578e+01 1.370300006866455078e+01
1.274142551422119141e+01 1.391866970062255859e+01
-4.493289947509765625e+00 6.945603370666503906e+00
-5.275246143341064453e+00 5.758659362792968750e+00
1.358055305480957031e+01 1.267758750915527344e+01
-4.733556747436523438e+00 5.534694194793701172e+00
1.190664100646972656e+01 1.361493492126464844e+01
-5.667324066162109375e+00 9.668072700500488281e+00
1.243501567840576172e+01 1.092051219940185547e+01
-6.733390808105468750e+00 6.964682579040527344e+00
-5.722471237182617188e+00 9.571195602416992188e+00
1.400483226776123047e+01 5.245551586151123047e+00
-6.658312320709228516e+00 7.690124988555908203e+00
-6.091352462768554688e+00 6.899087429046630859e+00
1.408762359619140625e+01 1.249274635314941406e+01
-5.103143215179443359e+00 6.897675037384033203e+00
1.446517276763916016e+01 5.081309318542480469e+00
-6.090616703033447266e+00 8.236561775207519531e+00
1.335335636138916016e+01 7.132419586181640625e+00
-5.559571266174316406e+00 6.324857234954833984e+00
-5.744036197662353516e+00 8.382130622863769531e+00
-6.686600208282470703e+00 9.566801071166992188e+00
1.250028705596923828e+01 1.417136096954345703e+01
1.123920345306396484e+01 1.262907695770263672e+01
-6.500796318054199219e+00 6.898892402648925781e+00
1.294156932830810547e+01 1.364060401916503906e+01
1.191479969024658203e+01 1.223786258697509766e+01
1.233893585205078125e+01 1.241226387023925781e+01
1.283526325225830078e+01 6.398178577423095703e+00
-4.230154037475585938e+00 1.006952095031738281e+01
-5.277132511138916016e+00 8.601594924926757812e+00
1.473821258544921875e+01 5.160335063934326172e+00
1.100898742675781250e+01 1.224806880950927734e+01
-5.381443977355957031e+00 8.804680824279785156e+00
-5.728198528289794922e+00 6.796375751495361328e+00
1.329091739654541016e+01 1.149963665008544922e+01
1.315180206298828125e+01 1.291279315948486328e+01
1.250764942169189453e+01 6.229389667510986328e+00
1.407223892211914062e+01 5.184083461761474609e+00
1.357043552398681641e+01 1.158945178985595703e+01
-6.923382759094238281e+00 9.059835433959960938e+00
-6.079760074615478516e+00 5.888065338134765625e+00
-6.564061164855957031e+00 7.728330135345458984e+00
-7.186681270599365234e+00 5.949871063232421875e+00
1.420988750457763672e+01 5.955443382263183594e+00
-6.522168636322021484e+00 7.795185089111328125e+00
-5.254802227020263672e+00 8.735896110534667969e+00
1.411236858367919922e+01 1.349103736877441406e+01
1.283270359039306641e+01 6.947924137115478516e+00
-6.863461971282958984e+00 7.490071296691894531e+00
1.401036930084228516e+01 1.323027801513671875e+01
-6.262486934661865234e+00 8.236614227294921875e+00
1.264641094207763672e+01 1.281379127502441406e+01
1.225914764404296875e+01 1.219073390960693359e+01
-4.107100009918212891e+00 6.079608440399169922e+00
-6.949463367462158203e+00 9.215281486511230469e+00
-4.884890079498291016e+00 5.837397575378417969e+00
-5.776196479797363281e+00 8.348625183105468750e+00
1.238749980926513672e+01 5.492292404174804688e+00
-4.630195140838623047e+00 6.188845634460449219e+00
-6.430117130279541016e+00 6.907278060913085938e+00
-4.812469482421875000e+00 7.611201286315917969e+00
1.459208488464355469e+01 5.122488498687744141e+00
-5.955401897430419922e+00 5.432703495025634766e+00
1.121132183074951172e+01 1.335877799987792969e+01
1.265215873718261719e+01 1.383698177337646484e+01
1.365139675140380859e+01 1.328959655761718750e+01
1.172912216186523438e+01 1.179748058319091797e+01
1.146894741058349609e+01 1.328306484222412109e+01
1.382383823394775391e+01 5.247469902038574219e+00
-7.451707363128662109e+00 6.645467758178710938e+00
-6.312834262847900391e+00 5.104313850402832031e+00
1.295596981048583984e+01 6.816162109375000000e+00
-5.257435321807861328e+00 5.789351940155029297e+00
1.203457641601562500e+01 1.201014423370361328e+01
1.477860164642333984e+01 5.077555179595947266e+00
1.304344749450683594e+01 6.830192089080810547e+00
-5.721601009368896484e+00 7.808219432830810547e+00
1.263026046752929688e+01 1.380438423156738281e+01
-4.922536849975585938e+00 7.308142662048339844e+00
1.364195156097412109e+01 5.795730590820312500e+00
1.272221469879150391e+01 1.233098125457763672e+01
1.160396671295166016e+01 1.253230571746826172e+01
1.313243103027343750e+01 1.329988002777099609e+01
1.376017951965332031e+01 1.222417163848876953e+01
1.144851970672607422e+01 1.207783222198486328e+01
1.236246109008789062e+01 5.694724559783935547e+00
1.345284271240234375e+01 1.319596004486083984e+01
-4.168982982635498047e+00 7.521681308746337891e+00
1.267926883697509766e+01 1.239838695526123047e+01
-6.989830017089843750e+00 5.979138374328613281e+00
1.258271026611328125e+01 1.412537765502929688e+01
1.388216590881347656e+01 5.877748966217041016e+00
-4.480699539184570312e+00 7.794624328613281250e+00
-4.221471786499023438e+00 1.007224750518798828e+01
-4.117036342620849609e+00 5.986704349517822266e+00
1.321215915679931641e+01 1.358644676208496094e+01
1.408913230895996094e+01 1.344763183593750000e+01
1.233681011199951172e+01 1.064853763580322266e+01
1.414504528045654297e+01 5.101185798645019531e+00
-6.974997520446777344e+00 8.693873405456542969e+00
1.308195495605468750e+01 1.200862312316894531e+01
-5.593966007232666016e+00 5.920790195465087891e+00
1.263381576538085938e+01 5.868305206298828125e+00
1.115183353424072266e+01 1.218806457519531250e+01
-3.843741416931152344e+00 7.544570922851562500e+00
1.143582248687744141e+01 1.214225006103515625e+01
-6.457118511199951172e+00 6.127532482147216797e+00
1.196018123626708984e+01 1.255903148651123047e+01
-5.606620788574218750e+00 6.478018283843994141e+00
1.299743270874023438e+01 1.320982551574707031e+01
-4.699634552001953125e+00 6.246053218841552734e+00
1.439740085601806641e+01 1.273734188079833984e+01
1.297896671295166016e+01 1.149788475036621094e+01
1.421364402770996094e+01 1.284652900695800781e+01
-6.880936145782470703e+00 9.404911041259765625e+00
1.296342563629150391e+01 1.165241813659667969e+01
-5.725684165954589844e+00 9.614908218383789062e+00
1.334066104888916016e+01 1.257865905761718750e+01
1.126373958587646484e+01 1.310233116149902344e+01
1.187997817993164062e+01 1.301149463653564453e+01
-5.970153808593750000e+00 5.832308292388916016e+00
1.435646247863769531e+01 1.295919704437255859e+01
-4.752542018890380859e+00 5.591337203979492188e+00
-6.774508953094482422e+00 9.526452064514160156e+00
1.269956779479980469e+01 1.124557495117187500e+01
-6.130722999572753906e+00 9.216008186340332031e+00
1.439128303527832031e+01 1.297527885437011719e+01
-7.498600959777832031e+00 6.202654838562011719e+00
-6.965291500091552734e+00 7.624383926391601562e+00
1.107548618316650391e+01 1.273480224609375000e+01
1.153155803680419922e+01 1.327483749389648438e+01
-6.494966506958007812e+00 6.234802246093750000e+00
1.124736022949218750e+01 1.238820648193359375e+01
-5.236955642700195312e+00 8.709288597106933594e+00
1.424880886077880859e+01 4.796489238739013672e+00
-7.017805576324462891e+00 6.431859493255615234e+00
-5.850530147552490234e+00 7.490976333618164062e+00
-7.195994377136230469e+00 5.347819328308105469e+00
-7.182100772857666016e+00 5.386485576629638672e+00
1.390890693664550781e+01 1.365224742889404297e+01
-4.222377300262451172e+00 1.007112693786621094e+01
1.118089771270751953e+01 1.259240245819091797e+01
1.392166805267333984e+01 5.620146751403808594e+00
1.190657901763916016e+01 1.356292724609375000e+01
-7.214839458465576172e+00 6.126928806304931641e+00
-6.454489707946777344e+00 6.163414001464843750e+00
-4.384089946746826172e+00 8.191719055175781250e+00
1.474276638031005859e+01 4.985796928405761719e+00
1.265991115570068359e+01 6.209618568420410156e+00
-6.568881511688232422e+00 5.062183856964111328e+00
-6.109052658081054688e+00 7.381389617919921875e+00
1.277330970764160156e+01 7.139137268066406250e+00
1.348636817932128906e+01 1.290454101562500000e+01
-6.290049552917480469e+00 5.958783149719238281e+00
1.105387210845947266e+01 1.285201358795166016e+01
-4.536924839019775391e+00 7.520040988922119141e+00
1.284951877593994141e+01 1.150880146026611328e+01
1.410243892669677734e+01 1.301866626739501953e+01
1.215571594238281250e+01 1.232815361022949219e+01
1.324065971374511719e+01 1.347347164154052734e+01
-5.339748382568359375e+00 8.801630973815917969e+00
-6.134600639343261719e+00 7.040478229522705078e+00
1.284730720520019531e+01 1.344397926330566406e+01
1.346752643585205078e+01 1.277146530151367188e+01
1.153288745880126953e+01 1.271361064910888672e+01
-6.280273914337158203e+00 6.105576992034912109e+00
-5.246439456939697266e+00 5.839492321014404297e+00
1.298999404907226562e+01 1.254650592803955078e+01
1.251351833343505859e+01 1.130019664764404297e+01
1.234728145599365234e+01 5.781804561614990234e+00
-7.415522575378417969e+00 6.167729377746582031e+00
-4.061857223510742188e+00 6.002229213714599609e+00
1.166375923156738281e+01 1.342909431457519531e+01
1.162243652343750000e+01 1.360289764404296875e+01
-4.905550956726074219e+00 8.155184745788574219e+00
1.356590080261230469e+01 1.364242076873779297e+01
1.455330562591552734e+01 4.976237297058105469e+00
1.456638813018798828e+01 5.638429641723632812e+00
-6.647187232971191406e+00 5.121034145355224609e+00
-6.979093551635742188e+00 6.468236446380615234e+00
1.484913921356201172e+01 4.960260391235351562e+00
-5.325230598449707031e+00 5.532260417938232422e+00
-4.169943332672119141e+00 7.793284893035888672e+00
-4.705247879028320312e+00 6.210490226745605469e+00
1.455618572235107422e+01 5.550574779510498047e+00
1.205985355377197266e+01 1.269476985931396484e+01
1.395708274841308594e+01 1.372612857818603516e+01
1.327454185485839844e+01 1.225181102752685547e+01
1.320327854156494141e+01 1.288275337219238281e+01
-4.767146110534667969e+00 5.591799259185791016e+00
1.408133029937744141e+01 5.635301113128662109e+00
-4.239596366882324219e+00 1.004990577697753906e+01
1.298391628265380859e+01 6.882743358612060547e+00
-6.787124633789062500e+00 9.509031295776367188e+00
1.396345138549804688e+01 1.291615486145019531e+01
-6.160721778869628906e+00 7.698905467987060547e+00
-3.869720935821533203e+00 7.544877529144287109e+00
-6.666246414184570312e+00 7.687751770019531250e+00
-4.072061538696289062e+00 8.054470062255859375e+00
1.175123023986816406e+01 1.318772792816162109e+01
-4.061504840850830078e+00 5.988900184631347656e+00
-6.896837711334228516e+00 6.316994667053222656e+00
1.158452987670898438e+01 1.268356704711914062e+01
1.459010887145996094e+01 5.612004756927490234e+00
-6.943763732910156250e+00 7.694379329681396484e+00
-6.556351661682128906e+00 9.548536300659179688e+00
-6.994124889373779297e+00 5.608722209930419922e+00
-5.788556098937988281e+00 5.753685474395751953e+00
1.230682373046875000e+01 1.064690208435058594e+01
1.317325973510742188e+01 1.295439815521240234e+01
1.251481056213378906e+01 1.150166416168212891e+01
1.239987277984619141e+01 1.300936317443847656e+01
-6.389385223388671875e+00 9.046559333801269531e+00
-4.999379158020019531e+00 7.248457431793212891e+00
-6.735045909881591797e+00 9.485157966613769531e+00
1.368675422668457031e+01 1.261017799377441406e+01
1.399330806732177734e+01 1.256806945800781250e+01
1.182226371765136719e+01 1.276924800872802734e+01
1.097404479980468750e+01 1.281572723388671875e+01
-6.907178878784179688e+00 9.302682876586914062e+00
-6.671701431274414062e+00 6.631580829620361328e+00
-6.696627140045166016e+00 7.985595703125000000e+00
1.196916103363037109e+01 1.302358245849609375e+01
1.339070606231689453e+01 1.297134494781494141e+01
1.254421043395996094e+01 1.394704914093017578e+01
-4.191216945648193359e+00 7.813112735748291016e+00
1.124853420257568359e+01 1.269112300872802734e+01
1.127185821533203125e+01 1.208897018432617188e+01
-6.979187965393066406e+00 7.717204093933105469e+00
1.223764991760253906e+01 1.258474063873291016e+01
1.322853088378906250e+01 1.372229862213134766e+01
1.286884689331054688e+01 1.263178253173828125e+01
-4.157998561859130859e+00 7.792991638183593750e+00
1.269288730621337891e+01 6.446294307708740234e+00
1.170702743530273438e+01 1.266105270385742188e+01
-4.103986740112304688e+00 6.126267910003662109e+00
1.285103225708007812e+01 6.150519847869873047e+00
-5.703226566314697266e+00 9.623449325561523438e+00
-4.305052757263183594e+00 7.838501453399658203e+00
1.147425556182861328e+01 1.373753833770751953e+01
-5.512516498565673828e+00 5.891229152679443359e+00
1.231646728515625000e+01 1.162358283996582031e+01
1.328357505798339844e+01 6.699450969696044922e+00
-4.792574882507324219e+00 6.072463512420654297e+00
1.276346683502197266e+01 1.151719474792480469e+01
-6.983161926269531250e+00 7.421815872192382812e+00
1.384558391571044922e+01 5.694089889526367188e+00
-5.503257274627685547e+00 6.414033412933349609e+00
1.274329376220703125e+01 1.399445724487304688e+01
-6.533943653106689453e+00 7.726993083953857422e+00
1.260948276519775391e+01 1.278611469268798828e+01
1.338435649871826172e+01 5.710698604583740234e+00
-6.496211051940917969e+00 6.354698657989501953e+00
-6.369917392730712891e+00 6.238923072814941406e+00
-6.855454921722412109e+00 6.935426712036132812e+00
-6.956365585327148438e+00 5.993982791900634766e+00
1.442656803131103516e+01 1.278205108642578125e+01
1.242002582550048828e+01 5.470530509948730469e+00
-6.914219379425048828e+00 9.194985389709472656e+00
-7.176145076751708984e+00 5.334705829620361328e+00
1.330835437774658203e+01 6.218931674957275391e+00
1.279503631591796875e+01 5.744621753692626953e+00
1.266125488281250000e+01 1.155769348144531250e+01
1.398091411590576172e+01 1.371965503692626953e+01
-6.392935276031494141e+00 7.883699417114257812e+00
-5.236696243286132812e+00 5.759045124053955078e+00
-6.670518398284912109e+00 7.699923992156982422e+00
-5.482219696044921875e+00 6.478086471557617188e+00
1.290079593658447266e+01 6.251409053802490234e+00
-6.108052730560302734e+00 9.117641448974609375e+00
1.348826789855957031e+01 5.936944007873535156e+00
-6.228325366973876953e+00 9.524592399597167969e+00
-6.645138263702392578e+00 7.630283832550048828e+00
-5.994662761688232422e+00 7.881793022155761719e+00
1.466006088256835938e+01 5.183282375335693359e+00
1.259965515136718750e+01 6.135272026062011719e+00
1.342109107971191406e+01 1.250911712646484375e+01
1.196734428405761719e+01 1.198082065582275391e+01
1.294004344940185547e+01 1.338163757324218750e+01
1.134835815429687500e+01 1.231549358367919922e+01
