1.345055000000000000e+05
1.309754826221942058e+05
1.286872517182312004e+05
1.276408072881111002e+05
1.278361493318337889e+05
1.292732778493993392e+05
1.319521928408077220e+05
1.358728943060589372e+05
1.410353822451529268e+05
1.474396566580898652e+05
1.550857175448696362e+05
1.639735649054921523e+05
1.741031987399575301e+05
1.854746190482657694e+05
1.980878258304168994e+05
2.119428190864108619e+05
2.270395988162475696e+05
2.433781650199271680e+05
2.609585176974494825e+05
2.797806568488148623e+05
2.998445824740228709e+05
3.211502945730738575e+05
3.436977931459677056e+05
3.674870781927042408e+05
3.925181497132836957e+05
4.187910077077060123e+05
4.463056521759710158e+05
4.750620831180789974e+05
5.050603005340298987e+05
5.363003044238234870e+05
5.687820947874598205e+05
6.025056716249393066e+05
6.374710349362614797e+05
6.736781847214264562e+05
7.111271209804343525e+05
7.498178437132847030e+05
7.897503529199783225e+05
8.309246486005149782e+05
8.733407307548940880e+05
9.169985993831157684e+05
9.618982544851809507e+05
1.008039696061088704e+06
1.055422924110839143e+06
1.104047938634432387e+06
1.153914739631868899e+06
1.205023327103147749e+06
1.257373701048269402e+06
1.310965861467234325e+06
1.365799808360042050e+06
1.421875541726692114e+06
1.479193061567185447e+06
1.537752367881521117e+06
1.597553460669700755e+06
1.658596339931722265e+06
1.720881005667586578e+06
1.784407457877293928e+06
1.849175696560844081e+06
1.915185721718237270e+06
1.982437533349473728e+06
2.050931131454552058e+06
2.120666516033473890e+06
2.191643687086238060e+06
2.263862644612844568e+06
2.337323388613294810e+06
2.412025919087588321e+06
2.487970236035724171e+06
2.565156339457703754e+06
2.643584229353523813e+06
2.723253905723189004e+06
2.804165368566696532e+06
2.886318617884044535e+06
2.969713653675238136e+06
3.054350475940274075e+06
3.140229084679152351e+06
3.227349479891873896e+06
3.315711661578438245e+06
3.405315629738845862e+06
3.496161384373094887e+06
3.588248925481187645e+06
3.681578253063123208e+06
3.776149367118901107e+06
3.871962267648522742e+06
3.969016954651987180e+06
4.067313428129293956e+06
4.166851688080442604e+06
4.267631734505436383e+06
4.369653567404271103e+06
4.472917186776949093e+06
4.577422592623468488e+06
4.683169784943835810e+06
4.790158763738043606e+06
4.898389529006090015e+06
5.007862080747982487e+06
5.118576418963717297e+06
5.230532543653296307e+06
5.343730454816715792e+06
5.458170152453981340e+06
5.573851636565089226e+06
5.690774907150037587e+06
5.808939964208828285e+06
5.928346807741465978e+06
6.048995437747942284e+06
6.170885854228263721e+06
6.294018057182427496e+06
6.418392046610429883e+06
6.544007822512280196e+06
6.670865384887973778e+06
6.798964733737508766e+06
6.928305869060885161e+06
7.058888790858109482e+06
