-5.097018607087492464e-02 5.856666771905744140e-01
-3.485976582383681355e-01 3.158526871621015752e-01
4.272397470014095699e-02 5.797335147573258185e-01
-2.001407604039271704e-01 8.154649519688688120e-01
5.793491304666120029e-02 1.837756500083936317e-01
-2.878080820453156607e-01 6.167643402711844303e-01
-1.643834992156850694e-01 4.566863528129335159e-01
-3.194889562771581759e-01 3.645841484835868895e-01
-1.277759021058330891e-01 4.010423119952012949e-01
-1.283300301632797069e-01 5.461371828870675849e-01
-2.084265130269549737e-01 6.948339546797528410e-01
-2.860179922983570044e-01 2.924829480073934951e-01
-2.350059932852434086e-01 4.064151628605390254e-01
1.596992633197526212e-02 7.333218830042854686e-01
-1.511702051648222689e-01 8.767392467709939075e-01
-3.221430259181270461e-01 4.638347745315405390e-01
-1.817949133973447151e-01 4.749679057265517867e-01
-2.732887120280937387e-01 4.005602942372670783e-01
-4.029998284570495137e-01 7.770724108078034265e-01
1.210712227209022884e-01 4.225365100551959907e-01
-4.738722858333137104e-03 5.201616910309486697e-01
1.943988912315826045e-01 2.727441189641970354e-01
-1.902562526247756625e-01 4.023497835394255207e-01
-2.296423273311933855e-01 2.576900570993466144e-01
-1.245866404328252880e-01 2.722561705001175225e-01
2.657355251940780039e-01 2.998445591172030911e-01
-2.111802660245327978e-01 3.510669477722692111e-01
-2.898808687453248711e-01 2.173012864882560569e-01
-1.515427697876134960e-01 3.273013757377301047e-01
-1.156726796032939292e-01 3.605180347418712739e-01
-2.746434943982066779e-01 5.433929445892183852e-01
-2.781236247486723046e-01 6.104348536581352125e-01
-1.065434085005576986e-01 2.166384103825224894e-01
2.016589704213641310e-01 4.639476130076323757e-01
-1.371217179702725886e-01 2.374990935414476867e-01
-7.384243502217530120e-02 3.427895432714080926e-01
-1.195412796485068457e-01 1.963429480337212929e-01
-1.830107666740075911e-01 1.919279593664772743e-01
-2.625465025443061706e-01 1.868531229774356150e-01
-4.750442250332496119e-01 4.443561818068105240e-01
3.854883790169155028e-02 4.795997498220788691e-01
-1.074662942629449475e-01 1.613574646300644511e-01
-1.142122740017186278e-01 6.296519367996673555e-01
2.330722301252486084e-01 1.389012447740614609e-01
-2.868306434828045426e-02 3.871401565030982428e-01
-3.758632175251475083e-01 2.286915008000057759e-01
1.111067428106710941e-01 5.672845472002788769e-01
-6.853766907795527663e-02 5.488724875532242642e-01
2.372987049669048401e-03 3.949581672469461568e-01
-2.025714137190799957e-01 6.207581654724478870e-01
5.718933150973743579e-02 7.291997929872436890e-01
-2.001479072757846034e-01 5.461583338128255249e-01
-2.500691059761533941e-01 6.936598112527536664e-01
-2.880726076045166950e-01 4.564003913263458556e-01
-7.328696108802863762e-02 4.129749778561094820e-01
-4.651232898760831319e-03 5.347043349451877647e-01
-5.011423766713113404e-02 4.913337199938353494e-01
-2.159626647385171905e-01 4.587048424024867677e-01
-1.390069746641834914e-01 6.941277558539206138e-01
-6.341282919975994581e-01 -4.816784192706735079e-01
-4.244162814904691716e-01 -5.963729690457897359e-01
-1.830534560091702512e-01 -5.394175415108762861e-01
-3.258749425028892865e-01 -1.450562259220174177e-01
-5.576792151599042624e-01 2.265774525341056056e-01
-3.951860482208293668e-01 -3.131455062175964033e-01
-1.103651071168899739e-01 9.653523122934239142e-02
-5.352371616364196560e-01 2.610769666711804105e-01
-4.073602368021996267e-01 -3.673166386819726875e-02
-1.568904227629055737e-01 -4.496719675962035923e-01
4.484601797996474737e-01 4.781678983264712191e-01
-1.144314924045366083e-01 -3.855695218383106138e-01
-5.577552345180863957e-01 1.361942747250874108e-01
-1.128805087210764391e-01 -1.442759982467084201e-01
-6.256263714322001235e-01 4.116011937079666616e-01
-4.823290730347477018e-01 2.871208465996389902e-01
-2.233074309960507153e-01 -2.806420480095674352e-01
6.043209678635250159e-02 9.134337291199983583e-03
-1.404646598421604477e-02 -3.065808424428847490e-01
3.759015428822284899e-01 2.981903936502650621e-01
3.213658419093737839e-01 1.583525655942002730e-01
2.281549780882348097e-02 8.085303156681034054e-02
-1.323959191824152781e-01 1.302726096145791490e-01
-3.959129311381099359e-01 -1.861036851176469942e-01
9.484050861192221127e-02 -5.360231296047520688e-01
2.124309239872882726e-01 2.680457422211762752e-01
-3.620381513445634636e-01 -2.264686060763234157e-02
-2.941196053749312589e-01 -2.599242216680298090e-01
-4.334459354443028767e-01 -1.864214617980898825e-01
-1.089372412658246719e-01 -2.082160792880678735e-01
-3.881658387021382772e-01 -1.572896161779377411e-01
-2.222306513620985469e-01 -3.516234536874960903e-01
-1.907116294730896999e-01 -3.452027615708267994e-01
-2.181626971934998160e-01 -4.694682763464720909e-01
2.082165005576356309e-01 1.722746327664870236e-01
-4.631770948538359023e-01 5.567064682912405138e-02
3.636449850152989605e-01 5.855045070963885712e-01
4.583770550971737467e-01 7.582196385099053415e-02
-3.142337647504188092e-01 4.080174932380135899e-02
1.122437531095618751e-01 5.410545417391517953e-01
-6.505314750846775684e-01 2.137418547146326814e-02
-2.885891324554512583e-01 4.368799258684488707e-02
-2.788418052394892044e-01 -2.024910089810342262e-01
-1.073612163374257182e-02 -1.408244210368488764e-02
-1.870502073540944998e-01 -1.743403938279657617e-01
-2.321634905148788341e-01 9.139070797312602232e-03
-3.890504731704314545e-01 -4.974891802257975781e-01
-1.628602210261856920e-01 -9.793256068525058033e-02
-1.060529723445437916e-01 -3.061213795796914328e-01
-1.917915133341310460e-02 -2.675670184426159892e-02
1.000228103438992877e-01 3.569278935578892864e-01
5.586711243548289074e-01 5.228132583247330212e-01
-7.327582630914543718e-03 -5.272045452027866036e-02
-2.712642523233145808e-01 -4.171144475936208185e-01
-3.384687691698983203e-01 -1.747924071225334386e-01
-3.268526725372881692e-01 -1.295307286918423728e-01
-6.542610714019512219e-01 -1.588731851428724917e-01
-2.849069231714752015e-01 -9.421744702089558665e-02
-2.037864045687704517e-01 -9.996409325345595454e-02
-4.470800880958204424e-03 -4.992341784608859134e-01
1.277059576150548492e-01 -7.208787208597469687e-02
6.058182340109150715e-02 2.121382102144003801e-01
4.986720799511860092e-01 7.388510748165114661e-01
-4.554549478471919266e-01 -3.634940418884316515e-01
6.811719074825496323e-01 2.355510817145834435e-01
5.645198659582677525e-01 4.689262154541256056e-01
-8.196074057848845573e-02 -1.470283576061035165e-02
1.538319048306557579e-01 1.107572327874279533e-01
2.921866718887601855e-01 -1.001399914117827167e-01
-9.984803147174298177e-02 -9.586831702177749104e-02
2.084039428738688748e-01 -2.102175025288800236e-01
-2.983572368013215348e-01 -4.978520287622477114e-01
3.918362555535016556e-01 -2.699185462422095116e-01
3.540538555147462046e-02 -5.766739895443211417e-01
5.234475510259505304e-01 -1.703343074343226515e-01
-1.360023536056068350e-01 -6.251228332171713253e-01
8.037977405232105133e-02 -6.796063344778110471e-01
2.303899535084244776e-01 -7.702479518225124888e-01
2.718417384490121602e-01 -8.449543571531101804e-01
1.792320882056172016e-01 -6.213080334899050428e-01
8.885584522745522407e-02 -4.631004456701451888e-01
7.857177328728320864e-02 -5.235937696563115473e-01
1.621787320918894049e-01 -3.883822398836502821e-01
7.788419315652689301e-02 -5.899117485712330744e-01
2.529895897473433686e-01 -5.357036388173285202e-01
5.193368108292636398e-01 -2.589833238008070193e-01
2.564235963480321345e-01 -4.530647951894549719e-01
4.090794784437224996e-01 -7.948383715406449612e-01
4.227512165422336876e-01 -5.821831448417338351e-01
3.867593814842065769e-01 -4.278447159906774711e-01
6.007468123156133322e-01 -3.483385302601658129e-01
6.418208017463077342e-01 -1.849127080978845428e-01
6.991810217498966029e-01 -2.113493847603243325e-01
5.285369549262837197e-01 -9.698722587815550300e-02
6.168987925305308151e-01 -4.961653166372750334e-01
-2.027364272724013761e-02 -6.625801663068052738e-01
5.206977615079010357e-01 -6.867299722803563711e-01
4.916729616681094761e-01 -4.891722517940556569e-01
1.776400498171857578e-01 -7.086728694621121649e-01
8.736247091239500717e-01 4.718759792976961326e-02
-1.940254433817875102e-01 -7.600683936481686942e-01
3.653543903811871107e-01 -5.100975594638921251e-01
1.758288473684848363e-01 -4.763573968099356071e-01
1.327319506853316955e-01 -5.802493292315124007e-01
2.561714896084893445e-01 -4.310948970295001570e-01
4.278485342334475416e-01 -4.554691306767348902e-01
3.297096771644728030e-01 -6.308665986845389817e-01
5.730530091886207877e-01 -3.593871346641653863e-01
4.943600722071793130e-01 -4.399350737161774050e-01
4.079492427867032478e-01 -2.940812284995276693e-01
6.345274933468587619e-01 -2.401205276509034980e-01
2.074839388809101848e-01 -5.258543212946902301e-01
3.173319298521334320e-01 -6.917140569515948245e-01
4.376709468269101566e-01 -3.954125973692723117e-01
5.446092058589938611e-01 -6.462646645694433145e-01
3.866686474415956809e-01 -4.000080315544336518e-01
6.365228615897522424e-01 -4.151271773673932963e-01
4.958279060463851584e-01 -4.017807745237206851e-01
5.132070893560763958e-01 -5.623180691947043952e-01
