1.575300000000000000e+04
1.532990434903126152e+04
1.491557351212309550e+04
1.451000748927549648e+04
1.411320628048846811e+04
1.372516988576201038e+04
1.334589830509612148e+04
1.297539153849079958e+04
1.261364958594605014e+04
1.226067244746186952e+04
1.191646012303825773e+04
1.158101261267521659e+04
1.125432991637274426e+04
1.093641203413084077e+04
1.062725896594950973e+04
1.032687071182874570e+04
1.003524727176855231e+04
9.752388645768929564e+03
9.478294833829873824e+03
9.212965835951388726e+03
8.956401652133474272e+03
8.708602282376128642e+03
8.469567726679351836e+03
8.239297985043145673e+03
8.017793057467508334e+03
7.805052943952441638e+03
7.601077644497941947e+03
7.405867159104013808e+03
7.219421487770655403e+03
7.041740630497866732e+03
6.872824587285645975e+03
6.712673358133997681e+03
6.561286943042916391e+03
6.418665342012405745e+03
6.284808555042465741e+03
6.159716582133093652e+03
6.043389423284290388e+03
5.935827078496058675e+03
5.837029547768395787e+03
5.746996831101302632e+03
5.665728928494778302e+03
5.593225839948824614e+03
5.529487565463440660e+03
5.474514105038625530e+03
5.428305458674380134e+03
5.390861626370704471e+03
5.362182608127597632e+03
5.342268403945060527e+03
5.331119013823094065e+03
5.328734437761696427e+03
5.335114675760868522e+03
5.350259727820610351e+03
5.374169593940921004e+03
5.406844274121802300e+03
5.448283768363252420e+03
5.498488076665273184e+03
5.557457199027861861e+03
5.625191135451021182e+03
5.701689885934749327e+03
5.786953450479048115e+03
5.880981829083917546e+03
5.983775021749353073e+03
6.095333028475360152e+03
6.215655849261936964e+03
6.344743484109083511e+03
6.482595933016799790e+03
6.629213195985084894e+03
6.784595273013939732e+03
6.948742164103363393e+03
7.121653869253357698e+03
7.303330388463922645e+03
7.493771721735054598e+03
7.692977869066759013e+03
7.900948830459028613e+03
8.117684605911871586e+03
8.343185195425285201e+03
8.577450598999264912e+03
8.820480816633815266e+03
9.072275848328936263e+03
9.332835694084626084e+03
9.602160353900886548e+03
9.880249827777712198e+03
1.016710411571511213e+04
1.046272321771308270e+04
1.076710713377161846e+04
1.108025586389072487e+04
1.140216940807040010e+04
1.173284776631064960e+04
1.207229093861146794e+04
1.242049892497284964e+04
1.277747172539480744e+04
1.314320933987733042e+04
1.351771176842042587e+04
1.390097901102409196e+04
1.429301106768832324e+04
1.469380793841312698e+04
1.510336962319849772e+04
1.552169612204444275e+04
1.594878743495095659e+04
1.638464356191803381e+04
1.682926450294567985e+04
1.728265025803390381e+04
1.774480082718269841e+04
1.821571621039205638e+04
1.869539640766198863e+04
1.918384141899248061e+04
1.968105124438355415e+04
2.018702588383519105e+04
2.070176533734740224e+04
2.122526960492017679e+04
2.175753868655352926e+04
2.229857258224743418e+04
2.284837129200192430e+04
2.340693481581698143e+04
2.397426315369260919e+04
2.455035630562881124e+04
2.513521427162556211e+04
2.572883705168289816e+04
2.633122464580080123e+04
2.694237705397928221e+04
2.756229427621832656e+04
2.819097631251792336e+04
2.882842316287811263e+04
2.947463482729886891e+04
3.012961130578018856e+04
3.079335259832208249e+04
3.146585870492452887e+04
3.214712962558756408e+04
3.283716536031116266e+04
3.353596590909533552e+04
3.424353127194008266e+04
3.495986144884537498e+04
3.568495643981125613e+04
3.641881624483771157e+04
3.716144086392472673e+04
3.791283029707231617e+04
3.867298454428046534e+04
3.944190360554918880e+04
4.021958748087848653e+04
4.100603617026835855e+04
4.180124967371879029e+04
4.260522799122978176e+04
4.341797112280135480e+04
4.423947906843350211e+04
4.506975182812621642e+04
4.590878940187950502e+04
4.675659178969333880e+04
4.761315899156776140e+04
4.847849100750276557e+04
4.935258783749832946e+04
5.023544948155446036e+04
5.112707593967116554e+04
5.202746721184841590e+04
5.293662329808625509e+04
5.385454419838466856e+04
5.478122991274364904e+04
5.571668044116320380e+04
5.666089578364331101e+04
5.761387594018399250e+04
5.857562091078526282e+04
5.954613069544709288e+04
6.052540529416948266e+04
6.151344470695243217e+04
6.251024893379597779e+04
6.351581797470009042e+04
6.453015182966476277e+04
6.555325049869000213e+04
6.658511398177579395e+04
6.762574227892220370e+04
6.867513539012914407e+04
6.973329331539667328e+04
7.080021605472476222e+04
7.187590360811339633e+04
7.296035597556264838e+04
7.405357315707244561e+04
7.515555515264281712e+04
7.626630196227376291e+04
7.738581358596525388e+04
7.851409002371733368e+04
7.965113127553000231e+04
8.079693734140321612e+04
8.195150822133700422e+04
8.311484391533135204e+04
8.428694442338627414e+04
8.546780974550177052e+04
8.665743988167785574e+04
8.785583483191448613e+04
8.906299459621167625e+04
9.027891917456945521e+04
9.150360856698779389e+04
9.273706277346670686e+04
9.397928179400620866e+04
9.523026562860622653e+04
9.649001427726686234e+04
9.775852773998805787e+04
9.903580601676982769e+04
1.003218491076121572e+05
1.016166570125150611e+05
1.029202297314785101e+05
1.042325672645025625e+05
