1.406870146129250543e+00 -3.801959818883201780e+00
1.229670370368377119e+00 -3.482759103407291335e+00
1.623727064063535064e+00 -3.921213995132830643e+00
1.679678855644786806e+00 -4.059274954019884696e+00
1.695663396629380149e+00 -3.750681680113917338e+00
1.698758050833081512e+00 -3.738258302081840068e+00
1.389102980929707298e+00 -3.616708863410740271e+00
1.537788003182340546e+00 -3.692901321365607004e+00
1.443407880891986794e+00 -3.690815477411990564e+00
1.509860692508285140e+00 -3.786054274944813169e+00
1.549558529252589301e+00 -4.160730198892340859e+00
1.474425681795979992e+00 -3.541761666315049073e+00
1.528533267537845575e+00 -3.647296376602268353e+00
1.559299313403147647e+00 -3.765053403609031957e+00
1.498268531937110293e+00 -3.978815043369703819e+00
1.673900774976436745e+00 -3.794404833374824371e+00
1.836815443515670276e+00 -3.809152282397603617e+00
1.945620850974423943e+00 -3.675273552247125597e+00
1.916520872134372944e+00 -3.964689749898076876e+00
1.373524792237999392e+00 -4.095404558626896119e+00
1.377659300864610747e+00 -3.893659760543172865e+00
1.354292750385075683e+00 -4.070408280890036146e+00
1.383170765358732401e+00 -3.816202144016420217e+00
1.381722211948110735e+00 -3.576384778717882185e+00
1.482008730935038932e+00 -3.820440445905490812e+00
1.897273561230099936e+00 -3.676164972180198554e+00
1.633392794124122860e+00 -3.531870358841711521e+00
1.403354109004354866e+00 -3.372256712860594252e+00
1.655069252608001973e+00 -3.899809908762514876e+00
1.271859482543494124e+00 -3.623830378975405608e+00
1.839280866475249576e+00 -3.966000847282067809e+00
1.696765674035145333e+00 -3.854165047697605928e+00
1.531783331370725199e+00 -3.489427872790037188e+00
1.808989980717938151e+00 -3.443382159316735525e+00
1.574897996573946024e+00 -3.597155564070809941e+00
1.604538286533992553e+00 -3.851519858356436732e+00
1.552785935404881634e+00 -3.460694421243645902e+00
1.540043620783953182e+00 -3.472843308052738998e+00
1.384853540469945798e+00 -3.432298830528047073e+00
1.246987498700068420e+00 -4.267437264348541426e+00
1.534734447595245355e+00 -3.671069460570032472e+00
1.516036614068056565e+00 -3.952293532096686324e+00
1.535398882745059757e+00 -4.038556625156201285e+00
1.462575798525393767e+00 -3.852669214322463898e+00
1.445756255626482467e+00 -3.598359540953717239e+00
1.594853599453294635e+00 -4.085801780700303532e+00
1.421083483190505925e+00 -4.300231103802362398e+00
1.491545304407635886e+00 -3.859022372137367096e+00
1.636211691532971857e+00 -3.769574707792322510e+00
1.783720360557514040e+00 -3.811612716278477198e+00
1.268343030519632819e+00 -3.790784348689305361e+00
1.490035357410378847e+00 -3.935485102893635290e+00
1.643637829729234223e+00 -3.894141738099087924e+00
1.688763770603113556e+00 -3.603935964597879238e+00
1.474232081944420791e+00 -3.633097942011867421e+00
1.541447504800380175e+00 -3.859184015754148600e+00
1.481652177652595048e+00 -3.770305436224226980e+00
1.710890933813817405e+00 -3.758757036125614182e+00
1.697842607466044651e+00 -3.902919727815495676e+00
7.520739638952718131e-01 -2.406986604691959464e+00
1.488732805288580208e+00 -2.316161317908603134e+00
1.562585690863643961e+00 -2.446775316457991067e+00
1.362367658946270099e+00 -3.194544828822750038e+00
1.392265307017552578e+00 -3.898884716193310229e+00
1.438564167365664614e+00 -3.075078231511562343e+00
1.563151705909251898e+00 -3.302783382937171108e+00
1.298581925120851688e+00 -3.603396573640361478e+00
1.333447185773413146e+00 -3.290266172816869172e+00
1.539216012685187041e+00 -2.529424846905916180e+00
7.109185237464505924e-01 -3.228470260132630720e+00
1.405609081857355447e+00 -2.601268509283269914e+00
1.613730183821242781e+00 -4.267295852923977506e+00
1.574259067769139930e+00 -3.412990556443445289e+00
1.728402224773515128e+00 -4.303981877092490471e+00
1.259263864959030865e+00 -3.646985797821124642e+00
1.185101704552581570e+00 -2.933429049197743499e+00
1.190791237503013189e+00 -3.166999105761206579e+00
1.299505992234761598e+00 -2.924751654922042476e+00
1.084960892529720500e+00 -2.790709413996635302e+00
1.548050216065643747e+00 -4.030979016149885297e+00
1.234806586975571552e+00 -3.398558982393718786e+00
1.388587635220387639e+00 -3.612705573414233484e+00
1.519931226527534429e+00 -3.186523980302327086e+00
1.791878745831933850e+00 -3.055011455927732378e+00
1.274227783940529601e+00 -3.169848294373895037e+00
1.217281606449616804e+00 -3.269167791812564783e+00
1.501099875552888596e+00 -3.143182376591750593e+00
1.548345537085767054e+00 -3.376725306121129311e+00
1.570917052268773206e+00 -2.971489674835252615e+00
1.484128614821257575e+00 -3.114603362479785975e+00
1.428327668703240017e+00 -2.742737025050671740e+00
1.509290564412693714e+00 -2.730028797316856437e+00
1.632098938634887197e+00 -2.548431250608652388e+00
1.126362345226828987e+00 -3.816166923408633505e+00
1.158526233158304608e+00 -3.732002392324876627e+00
1.182752202727011870e+00 -3.346382378020468007e+00
1.156447953334883705e+00 -3.237894973946435329e+00
1.218476724984529858e+00 -3.421493872460234176e+00
1.610161874735834608e+00 -3.794658475145801901e+00
1.356410062926443949e+00 -3.928491079577648648e+00
1.169594460019414806e+00 -3.470998676043729692e+00
1.171932166212182436e+00 -2.942251617834295452e+00
1.461780718278096636e+00 -3.439493502521231871e+00
1.278042640151161757e+00 -2.999083959297805801e+00
1.312938032760140761e+00 -3.340703784913968466e+00
1.689840942989319972e+00 -2.816759794941904094e+00
1.390417809616157463e+00 -3.107866820368266669e+00
1.667618731084189010e+00 -2.840746512688467895e+00
1.304311041612474575e+00 -2.997003278088933964e+00
1.484532570768920756e+00 -3.544855448337028925e+00
1.121635103466482430e+00 -3.866338660515344028e+00
1.408766313107931767e+00 -3.590521867593840621e+00
1.760016477880872010e+00 -3.048299498264499974e+00
1.558085802290757105e+00 -2.933904111868856468e+00
1.674205555487050967e+00 -3.195233295128591333e+00
1.379402414385177300e+00 -3.355691710741533829e+00
1.219873199555347121e+00 -3.100204006176666027e+00
1.428303820040857319e+00 -3.295599854290640174e+00
1.329324801790567889e+00 -2.866066933759005675e+00
1.174982410800540666e+00 -3.362616214367771583e+00
1.503825307751494478e+00 -3.556848421383721703e+00
2.535115535117951513e+00 -4.129945206636868704e+00
1.688327556663558049e+00 -3.894823880717432907e+00
1.448549697592866892e+00 -4.341888972858234830e+00
1.342170355606224774e+00 -4.305350173949831216e+00
1.559837739677503610e+00 -3.432135789128543113e+00
1.795336230962811586e+00 -3.320993870118583491e+00
2.030984335884659764e+00 -3.153948294223162918e+00
1.675666385171522776e+00 -3.292298194865504346e+00
1.546167297315221179e+00 -3.479417572414762905e+00
1.361400594614340820e+00 -2.740218518325538533e+00
1.494309015160609766e+00 -3.077165863320295180e+00
1.688507799948815613e+00 -2.878606332403014001e+00
1.445153576186918754e+00 -3.388533009695995357e+00
1.514317480470797950e+00 -2.075540591639077004e+00
1.654052564846700601e+00 -2.224385457948646394e+00
1.578292561631410074e+00 -2.842547647058074833e+00
1.752776624751010814e+00 -3.169183399792645961e+00
1.533464680870943342e+00 -2.695271910484559719e+00
1.633886991298657998e+00 -2.940891570902957941e+00
1.566986017273419574e+00 -2.657874548624894917e+00
1.435717888781987472e+00 -2.772422857016807018e+00
1.646361258262123872e+00 -2.943244074566031099e+00
1.421349195247994190e+00 -3.411261613535798265e+00
1.371756010950251348e+00 -2.974803210821907129e+00
1.445142580986986447e+00 -2.778192605995739584e+00
1.461142526853905554e+00 -3.031888366505971266e+00
1.672490498740073717e+00 -2.993406152369108675e+00
1.690800366882567296e+00 -2.813099031970680119e+00
1.768902854862127061e+00 -3.089296592659468654e+00
1.809453375511817619e+00 -3.282788539087599045e+00
1.755731719848210748e+00 -2.958897742120377927e+00
1.748267807776810789e+00 -3.102136286265371634e+00
1.726307629803932375e+00 -2.480429572347167433e+00
1.607651692240553709e+00 -2.035788918105840395e+00
1.740300160737090707e+00 -2.932198662860581173e+00
1.631026285510409179e+00 -2.980406874926225580e+00
1.987062711487051603e+00 -2.592039930889845856e+00
2.025590806601760718e+00 -2.911152983100512959e+00
1.882362487791488848e+00 -2.688048815894499288e+00
1.689637896488952462e+00 -2.858888433878403745e+00
1.528939128886251941e+00 -2.928652800563276593e+00
1.644538828085529092e+00 -2.717473695364047703e+00
1.424231302870897053e+00 -2.792904766497560143e+00
1.710095636490890358e+00 -2.791767919633157291e+00
1.614281452019597607e+00 -2.982364136706004754e+00
1.779544975816697239e+00 -3.153254162766638835e+00
1.594374572158534953e+00 -2.818892281883216722e+00
1.770060528357016105e+00 -2.973672699480538473e+00
1.702476361068949950e+00 -3.645805675084221154e+00
1.403447248320210283e+00 -2.586205066500590011e+00
1.682266944003933062e+00 -2.335246233537566329e+00
1.692506743190624219e+00 -2.720911993326126765e+00
1.644033265636000163e+00 -3.209878736661516463e+00
1.664602078263793361e+00 -3.092801296631106922e+00
1.614655051353264037e+00 -2.906712967993112962e+00
1.690726444890588542e+00 -2.426315636538453280e+00
1.930190478723843528e+00 -3.064640787947512379e+00
