1.575300000000000000e+04
1.508817666770629876e+04
1.448001335512078731e+04
1.392851006224346929e+04
1.343366678907434471e+04
1.299548353561340991e+04
1.261396030186066855e+04
1.228909708781611880e+04
1.202089389347976066e+04
1.180935071885159414e+04
1.165446756393162104e+04
1.155624442871983774e+04
1.151468131321624787e+04
1.152977821742084780e+04
1.160153514133364297e+04
1.172995208495462975e+04
1.191502904828380633e+04
1.215676603132117634e+04
1.245516303406673615e+04
1.281022005652048938e+04
1.322193709868243604e+04
1.369031416055257068e+04
1.421535124213090239e+04
1.479704834341742207e+04
1.543540546441213519e+04
1.613042260511503991e+04
1.688209976552613807e+04
1.769043694564542602e+04
1.855543414547290377e+04
1.947709136500857858e+04
2.045540860425244682e+04
2.149038586320450122e+04
2.258202314186475269e+04
2.373032044023319031e+04
2.493527775830981773e+04
2.619689509609464585e+04
2.751517245358766377e+04
2.889010983078887148e+04
3.032170722769826898e+04
3.180996464431586355e+04
3.335488208064164792e+04
3.495645953667562571e+04
3.661469701241778967e+04
3.832959450786814705e+04
4.010115202302670514e+04
4.192936955789344211e+04
4.381424711246837978e+04
4.575578468675150361e+04
4.775398228074282815e+04
4.980883989444233885e+04
5.192035752785003569e+04
5.408853518096593325e+04
5.631337285379003151e+04
5.859487054632229410e+04
6.093302825856277195e+04
6.332784599051145051e+04
6.577932374216828612e+04
6.828746151353334426e+04
7.085225930460655945e+04
7.347371711538800446e+04
7.615183494587763562e+04
7.888661279607545293e+04
8.167805066598147096e+04
8.452614855559566058e+04
8.743090646491805092e+04
9.039232439394864195e+04
9.341040234268740460e+04
9.648514031113436795e+04
9.961653829928951745e+04
1.028045963071528822e+05
1.060493143347244331e+05
1.093506923820041411e+05
1.127087304489920934e+05
1.161234285356881737e+05
1.195947866420925129e+05
1.231228047682050237e+05
1.267074829140257061e+05
1.303488210795546038e+05
1.340468192647916730e+05
1.378014774697369430e+05
1.416127956943903991e+05
1.454807739387520414e+05
1.494054122028218990e+05
1.533867104865999427e+05
1.574246687900861725e+05
1.615192871132805885e+05
1.656705654561831907e+05
1.698785038187939790e+05
1.741431022011129826e+05
1.784643606031402014e+05
1.828422790248755773e+05
1.872768574663191393e+05
1.917680959274708875e+05
1.963159944083308801e+05
2.009205529088990006e+05
2.055817714291753364e+05
2.102996499691598583e+05
2.150741885288525955e+05
2.199053871082535479e+05
2.247932457073625992e+05
2.297377643261798949e+05
2.347389429647054058e+05
2.397967816229391319e+05
2.449112803008810151e+05
2.500824389985310554e+05
2.553102577158892527e+05
2.605947364529557235e+05
2.659358752097304096e+05
2.713336739862131653e+05
2.767881327824043110e+05
2.822992515983035555e+05
2.878670304339108407e+05
2.934914692892264575e+05
2.991725681642502896e+05
3.049103270589822787e+05
3.107047459734225413e+05
3.165558249075707863e+05
3.224635638614274212e+05
3.284279628349921550e+05
3.344490218282651040e+05
3.405267408412463265e+05
3.466611198739355314e+05
3.528521589263330679e+05
3.590998579984387616e+05
3.654042170902527287e+05
3.717652362017749110e+05
3.781829153330050176e+05
3.846572544839435723e+05
3.911882536545902258e+05
3.977759128449452110e+05
4.044202320550082368e+05
4.111212112847793614e+05
4.178788505342588760e+05
4.246931498034464894e+05
4.315641090923423762e+05
4.384917284009463619e+05
4.454760077292585047e+05
4.525169470772789209e+05
4.596145464450075524e+05
4.667688058324443409e+05
4.739797252395894029e+05
4.812473046664424473e+05
4.885715441130038234e+05
4.959524435792733566e+05
5.033900030652511632e+05
5.108842225709371269e+05
5.184351020963310730e+05
5.260426416414334672e+05
5.337068412062439602e+05
5.414277007907627849e+05
5.492052203949897084e+05
5.570394000189248472e+05
5.649302396625680849e+05
5.728777393259194214e+05
5.808818990089792060e+05
5.889427187117470894e+05
5.970601984342231881e+05
6.052343381764071528e+05
6.134651379382996820e+05
6.217525977199003100e+05
6.300967175212092698e+05
6.384974973422263283e+05
6.469549371829512529e+05
6.554690370433847420e+05
6.640397969235263299e+05
6.726672168233762495e+05
6.813512967429341516e+05
6.900920366822001524e+05
6.988894366411746014e+05
7.077434966198572656e+05
7.166542166182480287e+05
7.256215966363468906e+05
7.346456366741538513e+05
7.437263367316691438e+05
7.528636968088927679e+05
7.620577169058244908e+05
7.713083970224645454e+05
7.806157371588123497e+05
7.899797373148686020e+05
7.994003974906331860e+05
8.088777176861057524e+05
8.184116979012866504e+05
8.280023381361756474e+05
8.376496383907729760e+05
8.473535986650784034e+05
8.571142189590919297e+05
8.669314992728139041e+05
8.768054396062437445e+05
8.867360399593820330e+05
8.967233003322284203e+05
9.067672207247830229e+05
9.168678011370458407e+05
9.270250415690165246e+05
9.372389420206956565e+05
9.475095024920832366e+05
9.578367229831786826e+05
9.682206034939824603e+05
9.786611440244944533e+05
9.891583445747143123e+05
9.997122051446426194e+05
