1.575300000000000000e+04
1.524906590773678909e+04
1.477914371902367566e+04
1.434323343386065790e+04
1.394133505224773035e+04
1.357344857418490028e+04
1.323957399967216406e+04
1.293971132870952351e+04
1.267386056129697681e+04
1.244202169743452578e+04
1.224419473712216859e+04
1.208037968035990707e+04
1.195057652714773758e+04
1.185478527748566557e+04
1.179300593137368742e+04
1.176523848881180311e+04
1.177148294980001447e+04
1.181173931433832149e+04
1.188600758242672055e+04
1.199428775406521709e+04
1.213657982925380566e+04
1.231288380799248989e+04
1.252319969028127161e+04
1.276752747612014355e+04
1.304586716550911297e+04
1.335821875844817623e+04
1.370458225493733698e+04
1.408495765497658795e+04
1.449934495856593639e+04
1.494774416570537869e+04
1.543015527639491847e+04
1.594657829063454665e+04
1.649701320842427231e+04
1.708146002976409363e+04
1.769991875465401245e+04
1.835238938309402147e+04
1.903887191508412434e+04
1.975936635062432470e+04
2.051387268971461890e+04
2.130239093235501059e+04
2.212492107854549249e+04
2.298146312828607188e+04
2.387201708157674511e+04
2.479658293841751583e+04
2.575516069880837313e+04
2.674775036274933518e+04
2.777435193024039108e+04
2.883496540128154084e+04
2.992959077587277716e+04
3.105822805401412188e+04
3.222087723570553862e+04
3.341753832094706013e+04
3.464821130973869731e+04
3.591289620208040287e+04
3.721159299797222775e+04
3.854430169741412101e+04
3.991102230040611903e+04
4.131175480694821454e+04
4.274649921704040025e+04
4.421525553068268346e+04
4.571802374787507142e+04
4.725480386861753504e+04
4.882559589291010343e+04
5.043039982075274747e+04
5.206921565214553266e+04
5.374204338708838623e+04
5.544888302558133000e+04
5.718973456762436399e+04
5.896459801321749546e+04
6.077347336236071715e+04
6.261636061505407270e+04
6.449325977129746752e+04
6.640417083109098894e+04
6.834909379443459329e+04
7.032802866132829513e+04
7.234097543177210900e+04
7.438793410576597671e+04
7.646890468330998556e+04
7.858388716440406279e+04
8.073288154904823750e+04
8.291588783724250970e+04
8.513290602898686484e+04
8.738393612428134657e+04
8.966897812312591122e+04
9.198803202552054427e+04
9.434109783146530390e+04
9.672817554096013191e+04
9.914926515400508652e+04
1.016043666706001095e+05
1.040934800907452154e+05
1.066166054144404479e+05
1.091737426416857343e+05
1.117648917724811763e+05
1.143900528068266722e+05
1.170492257447222655e+05
1.197424105861680000e+05
1.224696073311637156e+05
1.252308159797096305e+05
1.280260365318056283e+05
1.308552689874516509e+05
1.337185133466478146e+05
1.366157696093940758e+05
1.395470377756904345e+05
1.425123178455369198e+05
1.455116098189335025e+05
1.485449136958800955e+05
1.516122294763768150e+05
1.547135571604236611e+05
1.578488967480206047e+05
1.610182482391676167e+05
1.642216116338647553e+05
1.674589869321119040e+05
1.707303741339092376e+05
1.740357732392565813e+05
1.773751842481541680e+05
1.807486071606017067e+05
1.841560419765993720e+05
1.875974886961471930e+05
1.910729473192450532e+05
1.945824178458930110e+05
1.981259002760911244e+05
2.017033946098391898e+05
2.053149008471374400e+05
2.089604189879858168e+05
2.126399490323842620e+05
2.163534909803328337e+05
2.201010448318313865e+05
2.238826105868800951e+05
2.276981882454789884e+05
2.315477778076279210e+05
2.354313792733269511e+05
2.393489926425759331e+05
2.433006179153751582e+05
2.472862550917244807e+05
2.513059041716239299e+05
2.553595651550733892e+05
2.594472380420728878e+05
2.635689228326225420e+05
2.677246195267222938e+05
2.719143281243722304e+05
2.761380486255722353e+05
2.803957810303221922e+05
2.846875253386223339e+05
2.890132815504726022e+05
2.933730496658729389e+05
2.977668296848234022e+05
3.021946216073238757e+05
3.066564254333745339e+05
3.111522411629752023e+05
3.156820687961260555e+05
3.202459083328269771e+05
3.248437597730779671e+05
3.294756231168790255e+05
3.341414983642301522e+05
3.388413855151314056e+05
3.435752845695829019e+05
3.483431955275843502e+05
3.531451183891359251e+05
3.579810531542374520e+05
3.628509998228893382e+05
3.677549583950911765e+05
3.726929288708431413e+05
3.776649112501450581e+05
3.826709055329972762e+05
3.877109117193994462e+05
3.927849298093519174e+05
3.978929598028543405e+05
4.030350016999067739e+05
4.082110555005093338e+05
4.134211212046620203e+05
4.186651988123648916e+05
4.239432883236177731e+05
4.292553897384207230e+05
4.346015030567736831e+05
4.399816282786770025e+05
4.453957654041302740e+05
4.508439144331336138e+05
4.563260753656870220e+05
4.618422482017905568e+05
4.673924329414441600e+05
4.729766295846480061e+05
4.785948381314018625e+05
4.842470585817056708e+05
4.899332909355598385e+05
4.956535351929639000e+05
5.014077913539181463e+05
5.071960594184225774e+05
5.130183393864767859e+05
5.188746312580812955e+05
5.247649350332359318e+05
5.306892507119406946e+05
5.366475782941955840e+05
5.426399177800002508e+05
5.486662691693551606e+05
5.547266324622603133e+05
5.608210076587154763e+05
5.669493947587208822e+05
5.731117937622761820e+05
5.793082046693816083e+05
5.855386274800370447e+05
