1.575300000000000000e+04
1.571068914556720847e+04
1.566852695128249252e+04
1.562651341714585215e+04
1.558464854315728735e+04
1.554293232931679813e+04
1.550136477562438085e+04
1.545994588208004097e+04
1.541867564868377485e+04
1.537755407543558613e+04
1.533658116233546934e+04
1.529575690938342814e+04
1.525508131657946433e+04
1.521455438392357246e+04
1.517417611141575799e+04
1.513394649905601909e+04
1.509386554684435396e+04
1.505393325478076440e+04
1.501414962286524860e+04
1.497451465109780838e+04
1.493502833947844556e+04
1.489569068800715468e+04
1.485650169668393937e+04
1.481746136550879964e+04
1.477856969448173550e+04
1.473982668360274693e+04
1.470123233287183029e+04
1.466278664228899106e+04
1.462448961185422741e+04
1.458634124156753933e+04
1.454834153142892319e+04
1.451049048143838445e+04
1.447278809159592129e+04
1.443523436190153006e+04
1.439782929235521624e+04
1.436057288295697799e+04
1.432346513370681350e+04
1.428650604460472459e+04
1.424969561565071126e+04
1.421303384684477169e+04
1.417652073818690769e+04
1.414015628967711928e+04
1.410394050131540644e+04
1.406787337310176736e+04
1.403195490503620385e+04
1.399618509711871593e+04
1.396056394934929995e+04
1.392509146172796318e+04
1.388976763425469835e+04
1.385459246692951092e+04
1.381956595975239907e+04
1.378468811272336097e+04
1.374995892584239664e+04
1.371537839910950788e+04
1.368094653252469652e+04
1.364666332608795710e+04
1.361252877979929508e+04
1.357854289365870500e+04
1.354470566766619231e+04
1.351101710182175520e+04
1.347747719612539186e+04
1.344408595057710590e+04
1.341084336517689189e+04
1.337774943992475346e+04
1.334480417482069242e+04
1.331200756986470515e+04
1.327935962505679345e+04
1.324686034039695369e+04
1.321450971588519315e+04
1.318230775152150454e+04
1.315025444730589152e+04
1.311834980323835407e+04
1.308659381931889220e+04
1.305498649554750591e+04
1.302352783192419520e+04
1.299221782844895642e+04
1.296105648512179323e+04
1.293004380194270743e+04
1.289917977891169539e+04
1.286846441602875893e+04
1.283789771329389623e+04
1.280747967070711093e+04
1.277721028826839756e+04
1.274708956597776341e+04
1.271711750383520121e+04
1.268729410184071457e+04
1.265761935999430352e+04
1.262809327829596623e+04
1.259871585674570451e+04
1.256948709534351838e+04
1.254040699408940782e+04
1.251147555298337102e+04
1.248269277202540979e+04
1.245405865121552415e+04
1.242557319055371227e+04
1.239723639003997596e+04
1.236904824967431705e+04
1.234100876945672826e+04
1.231311794938721869e+04
1.228537578946578287e+04
1.225778228969242082e+04
1.223033745006713616e+04
1.220304127058992526e+04
1.217589375126078994e+04
1.214889489207973020e+04
1.212204469304674421e+04
1.209534315416183381e+04
1.206879027542499898e+04
1.204238605683623609e+04
1.201613049839555242e+04
1.199002360010294069e+04
1.196406536195840636e+04
1.193825578396194760e+04
1.191259486611356078e+04
1.188708260841324955e+04
1.186171901086101570e+04
1.183650407345685744e+04
1.181143779620077112e+04
1.178652017909276219e+04
1.176175122213282702e+04
1.173713092532096562e+04
1.171265928865718161e+04
1.168833631214147317e+04
1.166416199577383668e+04
1.164013633955427758e+04
1.161625934348279407e+04
1.159253100755938431e+04
1.156895133178405013e+04
1.154552031615679152e+04
1.152223796067760486e+04
1.149910426534649741e+04
1.147611923016346373e+04
1.145328285512850198e+04
1.143059514024161763e+04
1.140805608550280886e+04
1.138566569091207566e+04
1.136342395646941804e+04
1.134133088217483237e+04
1.131938646802832591e+04
1.129759071402989139e+04
1.127594362017953063e+04
1.125444518647724908e+04
1.123309541292303948e+04
1.121189429951690545e+04
1.119084184625884700e+04
1.116993805314886413e+04
1.114918292018695502e+04
1.112857644737312148e+04
1.110811863470736353e+04
1.108780948218968115e+04
1.106764898982007071e+04
1.104763715759853949e+04
1.102777398552508021e+04
1.100805947359969650e+04
1.098849362182238838e+04
1.096907643019315583e+04
1.094980789871199704e+04
1.093068802737891565e+04
1.091171681619390802e+04
1.089289426515697414e+04
1.087422037426811585e+04
1.085569514352733313e+04
1.083731857293462599e+04
1.081909066248999443e+04
1.080101141219343663e+04
1.078308082204495440e+04
1.076529889204454594e+04
1.074766562219221487e+04
1.073018101248795574e+04
1.071284506293177583e+04
1.069565777352366786e+04
1.067861914426363364e+04
1.066172917515167865e+04
1.064498786618779559e+04
1.062839521737198811e+04
1.061195122870425621e+04
1.059565590018459989e+04
1.057950923181301732e+04
1.056351122358951034e+04
1.054766187551407893e+04
1.053196118758672310e+04
1.051640915980744103e+04
1.050100579217623454e+04
1.048575108469310180e+04
1.047064503735804465e+04
1.045568765017106489e+04
1.044087892313215707e+04
1.042621885624132483e+04
1.041170744949856999e+04
1.039734470290388708e+04
1.038313061645728339e+04
1.036906519015875165e+04
1.035514842400829548e+04
1.034138031800591489e+04
1.032776087215160805e+04
1.031429008644537680e+04
1.030096796088722112e+04
1.028779449547713921e+04
1.027476969021513469e+04
1.026189354510120393e+04
