-6.685062408447265625e+00 -5.992630004882812500e+00
-7.847370147705078125e+00 -4.583477973937988281e+00
-8.098440170288085938e+00 -6.893188953399658203e+00
-8.428040504455566406e+00 -8.234642982482910156e+00
-7.702619552612304688e+00 -2.360044717788696289e+00
-9.533782005310058594e+00 -7.183565139770507812e+00
-8.211233139038085938e+00 -5.308882236480712891e+00
-9.290296554565429688e+00 -4.840209007263183594e+00
-7.893967151641845703e+00 -5.532068252563476562e+00
-7.143089771270751953e+00 -6.424467563629150391e+00
-8.763210296630859375e+00 -7.323993206024169922e+00
-8.997133255004882812e+00 -4.528498172760009766e+00
-8.825783729553222656e+00 -5.472931861877441406e+00
-9.581655502319335938e+00 -8.580218315124511719e+00
-9.207195281982421875e+00 -8.337562561035156250e+00
-9.755610466003417969e+00 -5.995392799377441406e+00
-9.475795745849609375e+00 -6.280753612518310547e+00
-1.003724670410156250e+01 -5.983557224273681641e+00
-9.963047981262207031e+00 -7.624933719635009766e+00
-4.826436519622802734e+00 -5.476391315460205078e+00
-6.300281524658203125e+00 -5.763112545013427734e+00
-3.934464693069458008e+00 -4.693441867828369141e+00
-7.100213527679443359e+00 -4.478086948394775391e+00
-7.326722621917724609e+00 -4.045908927917480469e+00
-6.819323539733886719e+00 -3.705091476440429688e+00
-7.983255386352539062e+00 -2.080261707305908203e+00
-8.627691268920898438e+00 -4.968594074249267578e+00
-9.123450279235839844e+00 -4.159944057464599609e+00
-7.662207126617431641e+00 -3.274743318557739258e+00
-7.322840690612792969e+00 -4.884275913238525391e+00
-8.941837310791015625e+00 -6.665697097778320312e+00
-9.091565132141113281e+00 -7.037791252136230469e+00
-8.345455169677734375e+00 -3.150294542312622070e+00
-1.051939773559570312e+01 -5.160205841064453125e+00
-8.506557464599609375e+00 -4.030046463012695312e+00
-6.758071422576904297e+00 -4.578485012054443359e+00
-8.362092018127441406e+00 -3.473767280578613281e+00
-8.824671745300292969e+00 -3.931381940841674805e+00
-8.685394287109375000e+00 -3.761727571487426758e+00
-4.497088432312011719e+00 -5.679801464080810547e+00
-6.360501289367675781e+00 -5.924070835113525391e+00
-3.842884302139282227e+00 -4.975105762481689453e+00
-6.642916679382324219e+00 -6.931242942810058594e+00
-3.612029790878295898e+00 -4.561581134796142578e+00
-6.578288555145263672e+00 -5.382824420928955078e+00
-3.971349716186523438e+00 -5.217774391174316406e+00
-4.885228157043457031e+00 -5.967162609100341797e+00
-6.877590656280517578e+00 -6.448001861572265625e+00
-8.257128715515136719e+00 -6.319341182708740234e+00
-9.332167625427246094e+00 -7.362629890441894531e+00
-7.279491424560546875e+00 -7.933777332305908203e+00
-8.313256263732910156e+00 -6.241879463195800781e+00
-8.274471282958984375e+00 -8.088382720947265625e+00
-9.834611892700195312e+00 -5.877607822418212891e+00
-7.307920932769775391e+00 -5.541897773742675781e+00
-7.705368995666503906e+00 -6.730811119079589844e+00
-6.922458171844482422e+00 -6.140331745147705078e+00
-9.205657005310058594e+00 -5.968280315399169922e+00
-8.020264625549316406e+00 -7.624087810516357422e+00
-2.902970552444458008e+00 5.964414596557617188e+00
-1.002765536308288574e+00 5.406692028045654297e+00
-5.409857630729675293e-01 5.528574943542480469e+00
-2.102032661437988281e+00 1.719346046447753906e+00
-5.797022342681884766e+00 -1.848063468933105469e+00
-2.465401649475097656e+00 2.909530639648437500e+00
-6.965235710144042969e+00 -9.735173583030700684e-01
-5.943229198455810547e+00 -2.074220180511474609e+00
-3.008971691131591797e+00 7.092763185501098633e-01
-1.014716148376464844e+00 5.417588233947753906e+00
-8.080245018005371094e+00 6.397984027862548828e-01
-9.992659091949462891e-01 4.227028369903564453e+00
-5.653884410858154297e+00 -1.174050569534301758e+00
-2.830762386322021484e+00 1.344510674476623535e+00
-5.991497993469238281e+00 -3.821461915969848633e+00
-5.856074810028076172e+00 -3.325323581695556641e+00
-1.873062610626220703e+00 2.319178104400634766e+00
-2.259997606277465820e+00 1.034085750579833984e+00
-6.185326576232910156e-01 3.529289960861206055e+00
-8.179965019226074219e+00 4.602930247783660889e-01
-2.007080793380737305e+00 -1.882731795310974121e+00
-4.331714630126953125e+00 5.814266204833984375e-01
-5.000705242156982422e+00 -6.818867921829223633e-01
-3.641794919967651367e+00 2.879720687866210938e+00
2.692168951034545898e+00 4.618633270263671875e+00
-4.765957832336425781e+00 -1.517333745956420898e+00
-4.016982078552246094e+00 7.523230314254760742e-01
-3.087043762207031250e+00 3.035064697265625000e+00
-3.848302364349365234e+00 2.986456394195556641e+00
-2.916878938674926758e+00 3.392354726791381836e+00
-3.702771186828613281e+00 2.443048715591430664e+00
-2.354778051376342773e+00 3.706161499023437500e+00
-2.571447849273681641e+00 3.677659273147583008e+00
-2.137342453002929688e+00 4.030447959899902344e+00
-3.358923435211181641e+00 -1.004752278327941895e+00
-4.242107391357421875e+00 -8.262608051300048828e-01
-8.318110466003417969e+00 3.657996058464050293e-01
-1.104179978370666504e+00 7.976699352264404297e+00
-4.589758396148681641e+00 1.583541510626673698e-03
-5.985394001007080078e+00 -2.289748668670654297e+00
-2.395020008087158203e+00 -2.032677173614501953e+00
-4.576370239257812500e+00 -1.060223132371902466e-01
-2.564233303070068359e+00 1.723648071289062500e+00
-3.272055149078369141e+00 -3.103820681571960449e-01
-3.560052156448364258e+00 1.674648880958557129e+00
-3.551323652267456055e+00 5.911207795143127441e-01
-3.029677629470825195e+00 4.553133487701416016e+00
-3.280360460281372070e+00 1.398279428482055664e+00
-2.435853481292724609e+00 3.702721357345581055e+00
-4.565564632415771484e+00 1.160888314247131348e+00
-4.923424720764160156e+00 -2.069975614547729492e+00
-2.362131834030151367e+00 -3.720045566558837891e+00
-3.344843387603759766e+00 -1.739685088396072388e-01
-2.235179424285888672e+00 4.621619701385498047e+00
-4.064713478088378906e+00 2.470842361450195312e+00
-4.369197845458984375e+00 1.903557658195495605e+00
-4.863859176635742188e+00 3.266071557998657227e+00
-3.437725067138671875e+00 1.040264368057250977e+00
-3.884354591369628906e+00 1.327005743980407715e+00
9.633408784866333008e-01 4.480994224548339844e+00
-1.801609277725219727e+00 -5.482759475708007812e-01
-4.162719726562500000e+00 -2.034564018249511719e+00
-8.455489158630371094e+00 -1.541804075241088867e+00
-1.313022613525390625e+00 -1.508990049362182617e+00
-1.754368185997009277e+00 -3.100225210189819336e+00
-2.288992404937744141e+00 -3.587526321411132812e+00
-3.591430187225341797e+00 -2.029838785529136658e-02
-5.360610485076904297e+00 8.022569417953491211e-01
-3.563786506652832031e+00 4.199155330657958984e+00
-4.524892330169677734e+00 1.599626541137695312e+00
-8.999821543693542480e-01 -7.553275823593139648e-01
-3.499152064323425293e-01 8.088167190551757812e+00
6.541949510574340820e-01 8.224658012390136719e+00
7.372647523880004883e-01 8.247077941894531250e+00
5.686717033386230469e-01 8.448800086975097656e+00
1.283529102802276611e-01 5.828169822692871094e+00
2.376752853393554688e+00 6.455597877502441406e+00
3.542175531387329102e+00 5.235322475433349609e+00
3.978303194046020508e+00 5.076276779174804688e+00
2.647735118865966797e+00 5.655405521392822266e+00
1.850400686264038086e+00 5.228528499603271484e+00
1.642351388931274414e+00 5.478798389434814453e+00
1.151494622230529785e+00 6.549520015716552734e+00
1.808795571327209473e+00 5.343231678009033203e+00
3.256251811981201172e+00 4.969782829284667969e+00
2.190054655075073242e+00 8.444533348083496094e+00
1.927971601486206055e+00 6.371664047241210938e+00
4.201657772064208984e+00 5.319387912750244141e+00
3.786758184432983398e+00 6.474786281585693359e+00
3.228498220443725586e+00 7.485666751861572266e+00
2.633977174758911133e+00 8.850821495056152344e+00
1.692647218704223633e+00 9.200361251831054688e+00
2.082185268402099609e+00 9.276428222656250000e+00
1.262541770935058594e+00 9.294942855834960938e+00
4.455614566802978516e+00 7.909049510955810547e+00
1.814852476119995117e+00 7.383829593658447266e+00
4.487836360931396484e+00 6.356831550598144531e+00
3.969679355621337891e+00 7.336737632751464844e+00
3.112227678298950195e+00 6.453597545623779297e+00
5.071019649505615234e+00 9.114730834960937500e+00
4.978569984436035156e+00 9.041666030883789062e+00
3.604343652725219727e+00 6.835650444030761719e+00
2.148789405822753906e+00 5.766553878784179688e+00
2.271201610565185547e+00 5.416504859924316406e+00
1.739220380783081055e+00 6.603106021881103516e+00
2.730280160903930664e+00 7.964333057403564453e+00
3.431475639343261719e+00 5.879528045654296875e+00
3.584916591644287109e+00 8.484552383422851562e+00
3.002203464508056641e+00 8.053435325622558594e+00
2.934246540069580078e+00 8.429666519165039062e+00
2.885917663574218750e+00 9.324448585510253906e+00
1.468117952346801758e+00 6.615736007690429688e+00
2.502826452255249023e+00 7.627597808837890625e+00
3.027154207229614258e+00 7.957933902740478516e+00
4.362071514129638672e+00 6.106085777282714844e+00
3.257428646087646484e+00 7.172658920288085938e+00
3.779088258743286133e+00 8.255300521850585938e+00
3.665357112884521484e+00 7.972403049468994141e+00
4.198047161102294922e+00 7.126212120056152344e+00
