1.575300000000000000e+04
1.566367119284516957e+04
1.557544909387868756e+04
1.548833370310055761e+04
1.540232502051077790e+04
1.531742304610934843e+04
1.523362777989627102e+04
1.515093922187154385e+04
1.506935737203516510e+04
1.498888223038713841e+04
1.490951379692746195e+04
1.483125207165613574e+04
1.475409705457316159e+04
1.467804874567853767e+04
1.460310714497226400e+04
1.452927225245434238e+04
1.445654406812476918e+04
1.438492259198354623e+04
1.431440782403067533e+04
1.424499976426615467e+04
1.417669841268998607e+04
1.410950376930216589e+04
1.404341583410269595e+04
1.397843460709157807e+04
1.391456008826881225e+04
1.385179227763439485e+04
1.379013117518832769e+04
1.372957678093061259e+04
1.367012909486124772e+04
1.361178811698023492e+04
1.355455384728756690e+04
1.349842628578325639e+04
1.344340543246729430e+04
1.338949128733968064e+04
1.333668385040042085e+04
1.328498312164950767e+04
1.323438910108694836e+04
1.318490178871273747e+04
1.313652118452687864e+04
1.308924728852937187e+04
1.304308010072021352e+04
1.299801962109940723e+04
1.295406584966694936e+04
1.291121878642284355e+04
1.286947843136708980e+04
1.282884478449968447e+04
1.278931784582062937e+04
1.275089761532992634e+04
1.271358409302757354e+04
1.267737727891357281e+04
1.264227717298792049e+04
1.260828377525061842e+04
1.257539708570166840e+04
1.254361710434106863e+04
1.251294383116881909e+04
1.248337726618492161e+04
1.245491740938937255e+04
1.242756426078217555e+04
1.240131782036332879e+04
1.237617808813283045e+04
1.235214506409068599e+04
1.232921874823688995e+04
1.230739914057144597e+04
1.228668624109435405e+04
1.226708004980561054e+04
1.224858056670521728e+04
1.223118779179317426e+04
1.221490172506948511e+04
1.219972236653414438e+04
1.218564971618715390e+04
1.217268377402851365e+04
1.216082454005822547e+04
1.215007201427628752e+04
1.214042619668269981e+04
1.213188708727746234e+04
1.212445468606057511e+04
1.211812899303203994e+04
1.211291000819185501e+04
1.210879773154002032e+04
1.210579216307653405e+04
1.210389330280140348e+04
1.210310115071461951e+04
1.210341570681618759e+04
1.210483697110610592e+04
1.210736494358437449e+04
1.211099962425099329e+04
1.211574101310596416e+04
1.212158911014928526e+04
1.212854391538095661e+04
1.213660542880098001e+04
1.214577365040935183e+04
1.215604858020607571e+04
1.216743021819114983e+04
1.217991856436457238e+04
1.219351361872634880e+04
1.220821538127647364e+04
1.222402385201495053e+04
1.224093903094177767e+04
1.225896091805695505e+04
1.227808951336048267e+04
1.229832481685236235e+04
1.231966682853259044e+04
1.234211554840117060e+04
1.236567097645810281e+04
1.239033311270338527e+04
1.241610195713701250e+04
1.244297750975899726e+04
1.247095977056933043e+04
1.250004873956801384e+04
1.253024441675504750e+04
1.256154680213043321e+04
1.259395589569416916e+04
1.262747169744625535e+04
1.266209420738668996e+04
1.269782342551547845e+04
1.273465935183261718e+04
1.277260198633810251e+04
1.281165132903194353e+04
1.285180737991413298e+04
1.289307013898467267e+04
1.293543960624356623e+04
1.297891578169080822e+04
1.302349866532639862e+04
1.306918825715034109e+04
1.311598455716263561e+04
1.316388756536328037e+04
1.321289728175227356e+04
1.326301370632961880e+04
1.331423683909531610e+04
1.336656668004936182e+04
1.342000322919175778e+04
1.347454648652250580e+04
1.353019645204160588e+04
1.358695312574905438e+04
1.364481650764485312e+04
1.370378659772900392e+04
1.376386339600150131e+04
1.382504690246235441e+04
1.388733711711155411e+04
1.395073403994910950e+04
1.401523767097501150e+04
1.408084801018926555e+04
1.414756505759186985e+04
1.421538881318282438e+04
1.428431927696213097e+04
1.435435644892978780e+04
1.442550032908579124e+04
1.449775091743015037e+04
1.457110821396285974e+04
1.464557221868391753e+04
1.472114293159332738e+04
1.479782035269108746e+04
1.487560448197719961e+04
1.495449531945165836e+04
1.503449286511446917e+04
1.511559711896563203e+04
1.519780808100514514e+04
1.528112575123301031e+04
1.536555012964922389e+04
1.545108121625378772e+04
1.553771901104670542e+04
1.562546351402797154e+04
1.571431472519758609e+04
1.580427264455555269e+04
1.589533727210186771e+04
1.598750860783654025e+04
1.608078665175956121e+04
1.617517140387092877e+04
1.627066286417064475e+04
1.636726103265871643e+04
1.646496590933514381e+04
1.656377749419991233e+04
1.666369578725303290e+04
1.676472078849450190e+04
1.686685249792432660e+04
1.697009091554250335e+04
1.707443604134902853e+04
1.717988787534390576e+04
1.728644641752713142e+04
1.739411166789870549e+04
1.750288362645863526e+04
1.761276229320691709e+04
1.772374766814353643e+04
1.783583975126852238e+04
1.794903854258185311e+04
1.806334404208353226e+04
1.817875624977356347e+04
1.829527516565194674e+04
1.841290078971867842e+04
1.853163312197376217e+04
1.865147216241719434e+04
1.877241791104897857e+04
1.889447036786911121e+04
1.901762953287759956e+04
1.914189540607443632e+04
1.926726798745962151e+04
1.939374727703315875e+04
1.952133327479504806e+04
1.965002598074528214e+04
1.977982539488387192e+04
