6.949588775634765625e+00 6.384901523590087891e+00
6.388362884521484375e+00 7.357557296752929688e+00
7.545454978942871094e+00 7.186830043792724609e+00
8.384287834167480469e+00 7.025565624237060547e+00
5.338886737823486328e+00 6.754284858703613281e+00
8.224622726440429688e+00 7.695074558258056641e+00
6.847550392150878906e+00 7.359178543090820312e+00
6.787890434265136719e+00 7.719594001770019531e+00
7.119570255279541016e+00 7.095178127288818359e+00
7.248874664306640625e+00 6.450069904327392578e+00
7.869750022888183594e+00 7.396934509277343750e+00
6.473368167877197266e+00 7.854914665222167969e+00
7.079278469085693359e+00 7.697871685028076172e+00
8.055774688720703125e+00 7.362765789031982422e+00
8.306153297424316406e+00 7.313299655914306641e+00
7.786830425262451172e+00 8.079025268554687500e+00
7.678164958953857422e+00 7.900690555572509766e+00
7.829679489135742188e+00 8.146847724914550781e+00
8.365186691284179688e+00 7.601150512695312500e+00
5.875955581665039062e+00 5.562686920166015625e+00
6.821342945098876953e+00 6.300206661224365234e+00
5.421277046203613281e+00 5.616046428680419922e+00
6.229491233825683594e+00 6.836098194122314453e+00
6.170774936676025391e+00 7.013349056243896484e+00
5.941872119903564453e+00 6.753032684326171875e+00
5.497056961059570312e+00 6.929224967956542969e+00
6.822150707244873047e+00 7.689012050628662109e+00
6.384296417236328125e+00 7.791241168975830078e+00
5.693345069885253906e+00 7.091900825500488281e+00
6.583483695983886719e+00 6.964882373809814453e+00
7.719082832336425781e+00 7.621411323547363281e+00
8.050115585327148438e+00 7.643478393554687500e+00
5.644608974456787109e+00 7.604386329650878906e+00
7.449728012084960938e+00 8.187252998352050781e+00
6.102592945098876953e+00 7.744925498962402344e+00
6.161911010742187500e+00 6.545737266540527344e+00
5.893060684204101562e+00 7.805399417877197266e+00
6.011020183563232422e+00 7.862612247467041016e+00
6.140282154083251953e+00 7.748371124267578125e+00
5.992215633392333984e+00 5.693294048309326172e+00
6.860884189605712891e+00 6.204751968383789062e+00
5.597129344940185547e+00 5.478234767913818359e+00
7.477006435394287109e+00 6.365058422088623047e+00
5.228768348693847656e+00 5.573402404785156250e+00
6.673597812652587891e+00 6.402465343475341797e+00
5.602538585662841797e+00 5.641860485076904297e+00
5.886161327362060547e+00 5.636589050292968750e+00
7.355420112609863281e+00 6.429231643676757812e+00
7.457999229431152344e+00 7.300512313842773438e+00
8.240177154541015625e+00 7.773479461669921875e+00
7.737854957580566406e+00 6.814966678619384766e+00
7.412494182586669922e+00 7.289202690124511719e+00
8.254304885864257812e+00 7.171939373016357422e+00
7.714574337005615234e+00 8.005735397338867188e+00
6.924444675445556641e+00 6.498148918151855469e+00
7.357035160064697266e+00 6.994649410247802734e+00
7.180894851684570312e+00 6.396100044250488281e+00
7.615541934967041016e+00 7.880431175231933594e+00
8.029345512390136719e+00 7.009746551513671875e+00
2.629638910293579102e+00 7.745380401611328125e+00
4.097199440002441406e-01 8.187111854553222656e+00
3.477008938789367676e-01 8.325541496276855469e+00
2.828468799591064453e+00 7.720507621765136719e+00
4.572346210479736328e+00 6.921985626220703125e+00
1.834186434745788574e+00 6.959214687347412109e+00
5.315512180328369141e+00 7.594850540161132812e+00
4.800252437591552734e+00 6.922345638275146484e+00
3.155545711517333984e+00 7.423837661743164062e+00
5.028547644615173340e-01 8.128734588623046875e+00
4.326694965362548828e+00 7.668801784515380859e+00
1.475250482559204102e+00 7.621307373046875000e+00
4.438788890838623047e+00 6.889074325561523438e+00
2.896461486816406250e+00 7.234835147857666016e+00
6.037956714630126953e+00 6.747013092041015625e+00
6.124178409576416016e+00 6.946950435638427734e+00
2.551607131958007812e+00 7.640945911407470703e+00
3.014899730682373047e+00 7.630787849426269531e+00
7.387336492538452148e-01 7.809487342834472656e+00
4.628273963928222656e+00 7.580392360687255859e+00
4.195571422576904297e+00 5.691159725189208984e+00
3.472342252731323242e+00 7.203273296356201172e+00
4.105553150177001953e+00 7.375109672546386719e+00
2.144654989242553711e+00 6.548187255859375000e+00
-3.102372288703918457e-01 9.456036567687988281e+00
4.146807193756103516e+00 7.109087467193603516e+00
3.413148164749145508e+00 7.234850883483886719e+00
1.764326691627502441e+00 6.853583812713623047e+00
2.082573413848876953e+00 6.696421623229980469e+00
1.174778819084167480e+00 7.234496593475341797e+00
2.341037511825561523e+00 6.698105335235595703e+00
1.121285557746887207e+00 7.228544712066650391e+00
1.272120356559753418e+00 7.150172233581542969e+00
1.244528651237487793e+00 7.206929683685302734e+00
3.899451494216918945e+00 6.363633632659912109e+00
3.874028205871582031e+00 6.826857089996337891e+00
4.867308616638183594e+00 7.540844440460205078e+00
-1.896602749824523926e+00 8.876151084899902344e+00
3.798220872879028320e+00 7.234844684600830078e+00
4.893433570861816406e+00 6.826286315917968750e+00
4.168997764587402344e+00 6.097160339355468750e+00
3.621853590011596680e+00 7.495039939880371094e+00
2.725129127502441406e+00 7.396659851074218750e+00
3.650894880294799805e+00 6.324022769927978516e+00
2.821541547775268555e+00 6.647185325622558594e+00
3.337875843048095703e+00 7.246519088745117188e+00
1.271433115005493164e+00 7.136559486389160156e+00
2.933042049407958984e+00 7.075403690338134766e+00
1.159586071968078613e+00 7.305996894836425781e+00
2.924466609954833984e+00 6.644343852996826172e+00
4.702742576599121094e+00 6.689884662628173828e+00
4.789412498474121094e+00 5.793285369873046875e+00
3.497643947601318359e+00 6.491689205169677734e+00
1.013797163963317871e+00 7.388102531433105469e+00
2.286447525024414062e+00 6.559456348419189453e+00
3.070865154266357422e+00 6.317945003509521484e+00
1.991796851158142090e+00 6.740555286407470703e+00
3.089718818664550781e+00 7.045539379119873047e+00
3.098254919052124023e+00 6.895596027374267578e+00
-9.665733575820922852e-01 8.882996559143066406e+00
3.751686811447143555e+00 5.936182975769042969e+00
4.429430961608886719e+00 6.343331813812255859e+00
5.321492671966552734e+00 6.716429710388183594e+00
4.049370765686035156e+00 5.615863323211669922e+00
4.609987258911132812e+00 5.588006019592285156e+00
4.613909721374511719e+00 5.681451320648193359e+00
3.437231540679931641e+00 6.353323459625244141e+00
3.310452699661254883e+00 6.341426372528076172e+00
1.417070150375366211e+00 7.009379386901855469e+00
2.949846982955932617e+00 6.527921199798583984e+00
3.989400625228881836e+00 5.568732261657714844e+00
-1.905551195144653320e+00 9.047614097595214844e+00
-1.932136535644531250e+00 9.252139091491699219e+00
-1.875275492668151855e+00 9.272102355957031250e+00
-2.056507587432861328e+00 9.389019012451171875e+00
1.329968869686126709e-01 8.623223304748535156e+00
-1.366767287254333496e-01 9.120593070983886719e+00
-6.914676427841186523e-01 1.000858497619628906e+01
-5.184056162834167480e-01 1.006016731262207031e+01
-5.668704509735107422e-01 9.403608322143554688e+00
-5.257764458656311035e-01 8.881031036376953125e+00
-6.182496547698974609e-01 8.840253829956054688e+00
-1.269425868988037109e+00 9.001311302185058594e+00
-6.984988451004028320e-01 8.938200950622558594e+00
-5.650718808174133301e-01 9.832631111145019531e+00
-2.225201845169067383e+00 9.980324745178222656e+00
-1.046634316444396973e+00 9.356534957885742188e+00
-8.466944098472595215e-01 9.909477233886718750e+00
-1.034979820251464844e+00 1.017872905731201172e+01
-1.498103499412536621e+00 1.034702873229980469e+01
-2.176069259643554688e+00 1.002482032775878906e+01
-2.221907615661621094e+00 9.847572326660156250e+00
-2.183555126190185547e+00 1.002323627471923828e+01
-2.086533546447753906e+00 9.654597282409667969e+00
-1.353109717369079590e+00 1.074379634857177734e+01
-1.742852807044982910e+00 1.054858684539794922e+01
-8.233634233474731445e-01 1.042339992523193359e+01
-1.242070913314819336e+00 1.054526901245117188e+01
-5.380492806434631348e-01 9.446785926818847656e+00
-1.709326505661010742e+00 1.085379123687744141e+01
-1.749872803688049316e+00 1.082291984558105469e+01
-1.156249165534973145e+00 1.035871028900146484e+01
-5.546672344207763672e-01 8.964714050292968750e+00
-4.020164310932159424e-01 9.116229057312011719e+00
-1.350330233573913574e+00 9.207040786743164062e+00
-2.194895744323730469e+00 1.055362987518310547e+01
-7.573968172073364258e-01 9.784929275512695312e+00
-1.863942742347717285e+00 1.047231101989746094e+01
-2.113342285156250000e+00 1.051037502288818359e+01
-2.056292533874511719e+00 1.064092922210693359e+01
-1.944907784461975098e+00 1.004344177246093750e+01
-1.220862865447998047e+00 9.048423767089843750e+00
-2.035900831222534180e+00 1.076590824127197266e+01
-1.851768493652343750e+00 1.077592754364013672e+01
-8.476931452751159668e-01 1.019134426116943359e+01
-1.533480763435363770e+00 1.008322048187255859e+01
-1.894248366355895996e+00 1.026531600952148438e+01
-1.641691088676452637e+00 1.072297573089599609e+01
-1.284535646438598633e+00 1.052645492553710938e+01
